da02,1706842802283126,7.0794687,0.82006651,1.0700399,10,1037
da02,1706842802284148,7.0744352,0.82155991,1.0649829,9,1038
da02,1706842802285016,7.0684032,0.81919551,1.0758733,8,1039
da02,1706842802285870,7.0624337,0.83754641,1.0796527,9,1040
da02,1706842802286723,7.0711365,0.84114152,1.0732008,11,1041
da02,1706842802287575,7.0811076,0.84504855,1.0641632,12,1042
da02,1706842802288665,7.0875359,0.838897,1.0698512,10,1043
da02,1706842802289562,7.0710626,0.8291049,1.0792294,7,1044
da02,1706842802290418,7.0700269,0.8286671,1.0816221,9,1045
da02,1706842802291276,7.0797968,0.83367,1.0952327,10,1046
da02,1706842802292134,7.0676522,0.84172189,1.0889399,8,1047
da02,1706842802293005,7.076293,0.83638465,1.0887016,10,1048
da02,1706842802293857,7.0822535,0.84286016,1.0831993,11,1049
da02,1706842802294706,7.0925908,0.84107596,1.0793324,11,1050
da02,1706842802295557,7.0853672,0.84063089,1.0803313,9,1051
da02,1706842802296406,7.0812297,0.83133417,1.0817142,9,1052
da02,1706842802297256,7.071969,0.82801521,1.0842241,8,1053
da02,1706842802298110,7.07393,0.81703722,1.0837346,9,1054
da02,1706842802299028,7.059814,0.82924247,1.0774174,8,1055
da02,1706842802299884,7.073482,0.82973647,1.0713789,11,1056
da02,1706842802300737,7.0776458,0.82248151,1.0797673,9,1057
da02,1706842802301700,7.0645409,0.82932532,1.0675148,9,1058
da02,1706842802371852,7.0602293,0.82582968,1.0642923,9,1059
da02,1706842802471811,7.0562,0.8250069,1.0715179,8,1060
da02,1706842802572050,7.0520496,0.82333386,1.0654964,9,1061
da02,1706842802671850,7.0657382,0.82489282,1.0640119,11,1062
da02,1706842802771860,7.0744462,0.82754117,1.0624739,11,1063
da02,1706842802871795,7.0776825,0.818214,1.0661581,10,1064
da02,1706842802971837,7.0809875,0.8280254,1.0740534,10,1065
da02,1706842803071826,7.0654135,0.81944048,1.0833896,7,1066
da02,1706842803171820,7.0595765,0.82847321,1.0797549,9,1067
da02,1706842803271876,7.0660377,0.82602227,1.0801706,10,1068
da02,1706842803371952,7.0650139,0.83309841,1.0772225,9,1069
da02,1706842803471894,7.0750422,0.83486646,1.068705,11,1070
da02,1706842803571874,7.0714693,0.83448952,1.0695347,9,1071
da02,1706842803671910,7.0756278,0.83769715,1.0657849,10,1072
da02,1706842803771949,7.0647511,0.83126074,1.0700675,8,1073
da02,1706842803871819,7.0644917,0.83329797,1.0695868,9,1074
da02,1706842803971844,7.0678968,0.82476127,1.0689621,10,1075
da02,1706842804072362,7.0616293,0.82017618,1.061193,9,1076
da02,1706842804171921,7.0610275,0.82268184,1.0700853,8,1077
da02,1706842804271919,7.0674329,0.82692081,1.0719893,10,1078
da02,1706842804371931,7.0653634,0.82898164,1.0633807,10,1079
da02,1706842804471945,7.059227,0.83147585,1.0698329,8,1080
da02,1706842804571868,7.06462,0.829399,1.0695792,10,1081
da02,1706842804671925,7.0670161,0.81053293,1.0696427,9,1082
da02,1706842804771978,7.0653782,0.81954366,1.0789506,8,1083
da02,1706842804871911,7.0750155,0.8148886,1.0846257,10,1084
da02,1706842804971934,7.0694914,0.82244927,1.0842017,9,1085
da02,1706842805071970,7.0629625,0.833737,1.0787293,9,1086
da02,1706842805171995,7.0642595,0.83744353,1.0727416,10,1087
da02,1706842805271856,7.0653062,0.83571422,1.0705829,9,1088
da02,1706842805371954,7.0578375,0.82567221,1.0709157,8,1089
da02,1706842805471946,7.0663719,0.81796914,1.068789,10,1090
da02,1706842805571911,7.0645318,0.82450736,1.0617025,10,1091
da02,1706842805671887,7.072598,0.81373477,1.0605885,10,1092
da02,1706842805772068,7.0704837,0.81346112,1.0565513,10,1093
da02,1706842805871949,7.0801506,0.825623,1.0699468,10,1094
da02,1706842805971966,7.0721989,0.8304832,1.0734859,8,1095
da02,1706842806071954,7.0810771,0.8387832,1.0777919,11,1096
da02,1706842806171933,7.0759058,0.84184617,1.0854379,8,1097
da02,1706842806273781,7.068089,0.82920194,1.0773394,9,1098
da02,1706842806372043,7.0679636,0.81750429,1.0804714,9,1099
da02,1706842806471959,7.0613942,0.80825895,1.0856308,7,1100
da02,1706842806572051,7.0669003,0.81232113,1.0990906,8,1101
da02,1706842806671961,7.0704889,0.80832046,1.0856506,10,1102
da02,1706842806772007,7.0607152,0.82044178,1.0848128,8,1103
da02,1706842806871853,7.0612378,0.81544358,1.0801787,9,1104
da02,1706842806971896,7.0768466,0.819395,1.0767055,11,1105
da02,1706842807071948,7.0765958,0.82591408,1.076829,10,1106
da02,1706842807171902,7.0853095,0.82687688,1.0684799,11,1107
da02,1706842807272206,7.0876136,0.8271215,1.068101,10,1108
da02,1706842807371903,7.0810609,0.818605,1.0621358,9,1109
da02,1706842807471880,7.0956416,0.81696254,1.0620469,12,1110
da02,1706842807571914,7.0992427,0.81260133,1.0727338,10,1111
da02,1706842807671975,7.0977907,0.81008661,1.0643628,11,1112
da02,1706842807771968,7.0862713,0.81261718,1.0544386,10,1113
da02,1706842807871900,7.0703373,0.818119,1.0525639,8,1114
da02,1706842807971970,7.0634542,0.81625718,1.0568066,8,1115
da02,1706842808071913,7.0530448,0.80988806,1.0649421,7,1116
da02,1706842808171902,7.0488086,0.81728947,1.0561202,9,1117
da02,1706842808272014,7.0590568,0.82100958,1.0632505,10,1118
da02,1706842808371899,7.0377097,0.82837296,1.0613282,8,1119
da02,1706842808471928,7.0507627,0.82822627,1.0630089,10,1120
da02,1706842808571928,7.0620084,0.83337736,1.0630839,11,1121
da02,1706842808671873,7.0650983,0.83566022,1.0651966,10,1122
da02,1706842808771888,7.061182,0.82119679,1.0608536,9,1123
da02,1706842808871906,7.0649924,0.81830794,1.06206,10,1124
da02,1706842808971877,7.0702624,0.83255613,1.0689725,10,1125
da02,1706842809071928,7.0573997,0.84277916,1.0643338,8,1126
da02,1706842809172026,7.048666,0.84186053,1.0603467,8,1127
da02,1706842809271942,7.0521259,0.83605886,1.0556742,10,1128
da02,1706842809371937,7.0435696,0.83680362,1.0541558,8,1129
da02,1706842809471926,7.049675,0.8419075,1.062649,9,1130
da02,1706842809571996,7.0663958,0.82985771,1.0623139,11,1131
da02,1706842809671911,7.08884,0.82921058,1.0612123,13,1132
da02,1706842809771957,7.0665603,0.82940543,1.0550293,8,1133
da02,1706842809871937,7.06209,0.82778883,1.0528991,9,1134
da02,1706842809971980,7.0526118,0.82799506,1.0520936,8,1135
da02,1706842810071952,7.0607586,0.8302303,1.0495198,11,1136
da02,1706842810172100,7.0646224,0.82850987,1.0470678,10,1137
da02,1706842810272004,7.0671964,0.823025,1.0541,9,1138
da02,1706842810371974,7.062448,0.82960522,1.069604,8,1139
da02,1706842810471962,7.0628686,0.82530957,1.0708722,9,1140
da02,1706842810571937,7.0677209,0.819882,1.0851526,8,1141
da02,1706842810672008,7.0652738,0.81949753,1.0821277,9,1142
da02,1706842810772168,7.0721822,0.8230828,1.0776477,10,1143
da02,1706842810872070,7.0750165,0.82567883,1.086219,9,1144
da02,1706842810972079,7.0787477,0.8205595,1.0950459,9,1145
da02,1706842811072101,7.0700207,0.82558239,1.0884348,9,1146
da02,1706842811172108,7.0537281,0.8209759,1.0847509,7,1147
da02,1706842811272549,7.0626006,0.82819933,1.0976291,9,1148
da02,1706842811372112,7.0629859,0.82430953,1.0843318,10,1149
da02,1706842811472020,7.076252,0.8245151,1.0810298,11,1150
da02,1706842811572252,7.0816212,0.8235032,1.0754802,11,1151
da02,1706842811672052,7.0822229,0.82042652,1.0752039,10,1152
da02,1706842811772084,7.0788693,0.81734365,1.0706557,9,1153
da02,1706842811872046,7.0905147,0.81369525,1.0760295,11,1154
da02,1706842811972110,7.0800629,0.81478816,1.0834681,8,1155
da02,1706842812072022,7.0809636,0.81949055,1.0829873,10,1156
da02,1706842812172012,7.077559,0.83892286,1.0877483,9,1157
da02,1706842812272020,7.072598,0.83713841,1.0851532,9,1158
da02,1706842812372041,7.0780849,0.83367562,1.084029,10,1159
da02,1706842812472077,7.0765667,0.82426125,1.0824554,9,1160
da02,1706842812571996,7.0737953,0.82431322,1.0788404,9,1161
da02,1706842812671995,7.0691714,0.81567371,1.080417,8,1162
da02,1706842812772080,7.069479,0.81225771,1.0790441,9,1163
da02,1706842812871997,7.0543227,0.81779951,1.0719357,8,1164
da02,1706842812972006,7.0458565,0.83021343,1.0672208,8,1165
da02,1706842813072086,7.0499306,0.83285975,1.0701995,9,1166
da02,1706842813172021,7.04804,0.83403546,1.0721884,8,1167
da02,1706842813272040,7.0543561,0.82866639,1.072243,9,1168
da02,1706842813372058,7.0499144,0.82560754,1.0787691,7,1169
da02,1706842813472014,7.0465164,0.82783824,1.0775024,8,1170
da02,1706842813571986,7.0598326,0.81209958,1.0848395,9,1171
da02,1706842813672065,7.0498343,0.81390315,1.0832319,7,1172
da02,1706842813772078,7.0560966,0.81324214,1.074021,10,1173
da02,1706842813872019,7.0513778,0.8282274,1.0783535,8,1174
da02,1706842813972092,7.0520759,0.83660924,1.0744286,9,1175
da02,1706842814072012,7.0565386,0.8358624,1.0694715,10,1176
da02,1706842814172000,7.0392871,0.83835763,1.072287,8,1177
da02,1706842814272018,7.0343885,0.83583754,1.0745379,7,1178
da02,1706842814372024,7.0406461,0.83223486,1.0717831,9,1179
da02,1706842814472003,7.0281267,0.83599722,1.0764791,8,1180
da02,1706842814572096,7.0172157,0.83810079,1.0750883,8,1181
da02,1706842814672034,7.020463,0.837516,1.081615,8,1182
da02,1706842814772066,7.0222011,0.83335066,1.0829586,7,1183
da02,1706842814872034,7.0406442,0.83390141,1.0731767,11,1184
da02,1706842814972094,7.0448737,0.83444929,1.0821996,8,1185
da02,1706842815072056,7.0561228,0.82825738,1.0923893,9,1186
da02,1706842815172073,7.0700636,0.82189846,1.0780506,11,1187
da02,1706842815272107,7.0719371,0.82524312,1.0705833,10,1188
da02,1706842815372085,7.0660205,0.83134687,1.0705299,9,1189
da02,1706842815473739,7.0628543,0.82810628,1.067663,9,1190
da02,1706842815572241,7.0618658,0.83430344,1.0653787,9,1191
da02,1706842815672159,7.0496597,0.84101558,1.0673949,8,1192
da02,1706842815772090,7.0412116,0.84974635,1.0725169,8,1193
da02,1706842815872126,7.0431581,0.83849496,1.0721734,8,1194
da02,1706842815972144,7.0434041,0.83337122,1.0808743,8,1195
da02,1706842816072026,7.0397377,0.83322507,1.0845397,7,1196
da02,1706842816172058,7.0530515,0.82884705,1.0893759,9,1197
da02,1706842816272124,7.0537424,0.83437717,1.0944189,8,1198
da02,1706842816372097,7.0442295,0.82387865,1.0848283,7,1199
da02,1706842816472593,7.0417738,0.83250511,1.0828493,8,1200
da02,1706842816572186,7.0472403,0.8353492,1.0795393,9,1201
da02,1706842816672150,7.0348825,0.8432048,1.0821189,8,1202
da02,1706842816772122,7.0417562,0.83927608,1.0764929,9,1203
da02,1706842816872136,7.2003665,0.68362224,1.3958977,72,1204
da02,1706842816972081,7.1669607,0.71840787,1.33018,8,1205
da02,1706842817072090,7.1391892,0.75163305,1.2635999,9,1206
da02,1706842817172093,7.11929,0.76577979,1.204976,10,1207
da02,1706842817274026,7.105495,0.77753145,1.1610726,10,1208
da02,1706842817372182,7.09045,0.794022,1.1431732,8,1209
da02,1706842817472121,7.0936565,0.81040913,1.1185826,11,1210
da02,1706842817572076,7.0945921,0.81063163,1.1218684,9,1211
da02,1706842817672294,7.0922751,0.81490308,1.1086881,10,1212
da02,1706842817772111,7.0907073,0.80685741,1.0990844,10,1213
da02,1706842817872177,7.0946813,0.81360936,1.0971282,10,1214
da02,1706842817972106,7.0850844,0.8162663,1.0942129,9,1215
da02,1706842818072103,7.0756721,0.81374061,1.0911868,8,1216
da02,1706842818172221,7.0788159,0.81989908,1.0812958,10,1217
da02,1706842818272158,7.0712285,0.82393157,1.0850673,8,1218
da02,1706842818372079,7.0754833,0.8275423,1.0767062,10,1219
da02,1706842818472142,7.0740495,0.83123976,1.0794926,9,1220
da02,1706842818572114,7.0757046,0.83152658,1.0699835,10,1221
da02,1706842818672079,7.0692463,0.83337975,1.0818169,8,1222
da02,1706842818772155,7.0755916,0.83090687,1.0739715,11,1223
da02,1706842818872073,7.0767932,0.83340454,1.0817285,9,1224
da02,1706842818972070,7.075285,0.84423977,1.079708,10,1225
da02,1706842819072109,7.0743318,0.84124213,1.0706983,10,1226
da02,1706842819172086,7.0766573,0.84054673,1.0624263,11,1227
da02,1706842819272044,7.0704045,0.83757186,1.0688409,8,1228
da02,1706842819372167,7.0697904,0.84245831,1.0774733,9,1229
da02,1706842819472060,7.0687256,0.83690536,1.0671909,10,1230
da02,1706842819572120,7.0648289,0.83563757,1.0662317,9,1231
da02,1706842819672068,7.05783,0.82633895,1.0766436,7,1232
da02,1706842819772206,7.0663648,0.81859159,1.0580653,11,1233
da02,1706842819872146,7.0543823,0.8169055,1.0613941,7,1234
da02,1706842819972177,7.0591192,0.81467938,1.0675793,9,1235
da02,1706842820072371,7.0580735,0.81406361,1.073724,8,1236
da02,1706842820172260,7.065639,0.81784582,1.0750403,10,1237
da02,1706842820272139,7.0731406,0.82553756,1.0796908,10,1238
da02,1706842820372244,7.0726538,0.8316527,1.0759244,10,1239
da02,1706842820472106,7.0831547,0.82937396,1.0620286,12,1240
da02,1706842820572202,7.0676241,0.831027,1.0610082,8,1241
da02,1706842820672109,7.0729213,0.82386178,1.0596025,10,1242
da02,1706842820772151,7.0728784,0.82884812,1.0691339,9,1243
da02,1706842820872100,7.0721588,0.8289215,1.0651412,10,1244
da02,1706842820972187,7.0770698,0.82383072,1.0579646,11,1245
da02,1706842821072131,7.0626893,0.82718033,1.0645254,8,1246
da02,1706842821172182,7.0538249,0.827898,1.0632604,8,1247
da02,1706842821272186,7.0507407,0.84372038,1.067711,9,1248
da02,1706842821372182,7.0604882,0.84312367,1.0651001,10,1249
da02,1706842821472150,7.0514774,0.83609456,1.0639688,8,1250
da02,1706842821572190,7.0496769,0.830511,1.0629718,9,1251
da02,1706842821672118,7.0588737,0.83617258,1.0639694,10,1252
da02,1706842821772185,7.0536313,0.83422256,1.0747006,7,1253
da02,1706842821872201,7.0672789,0.834013,1.0535231,12,1254
da02,1706842821972244,7.0830097,0.82736093,1.0557386,12,1255
da02,1706842822072142,7.0659671,0.83199805,1.0715566,8,1256
da02,1706842822172282,7.0672035,0.81661892,1.0700117,9,1257
da02,1706842822272737,7.0618072,0.81783956,1.0616922,9,1258
da02,1706842822372234,7.0618052,0.82919186,1.0641117,9,1259
da02,1706842822472240,7.0606751,0.83657426,1.0658388,9,1260
da02,1706842822572264,7.0668797,0.83097732,1.0693773,10,1261
da02,1706842822672176,7.0669556,0.82675785,1.0655881,10,1262
da02,1706842822772325,7.0692863,0.82472259,1.0663176,10,1263
da02,1706842822872273,7.0672069,0.82352144,1.0666655,9,1264
da02,1706842822972220,7.0634437,0.81695187,1.0695331,8,1265
da02,1706842823072410,7.0674167,0.81779128,1.0641726,10,1266
da02,1706842823172308,7.07238,0.81434125,1.0571625,11,1267
da02,1706842823272173,7.0642624,0.81076592,1.0646907,8,1268
da02,1706842823372268,7.0612817,0.82710117,1.0795515,8,1269
da02,1706842823472227,7.0675592,0.83473086,1.076776,10,1270
da02,1706842823572234,7.0662274,0.83516008,1.0732071,9,1271
da02,1706842823672186,7.0758934,0.83972871,1.0705673,11,1272
da02,1706842823772184,7.0837169,0.83043689,1.0694666,11,1273
da02,1706842823872201,7.0687771,0.83226651,1.0614479,9,1274
da02,1706842823972204,7.0624895,0.83768106,1.0681528,8,1275
da02,1706842824072176,7.0705581,0.83072025,1.0702112,10,1276
da02,1706842824172804,7.066916,0.83367181,1.0640996,10,1277
da02,1706842824272250,7.077456,0.81875879,1.0673836,10,1278
da02,1706842824372185,7.0660486,0.82156557,1.0689006,8,1279
da02,1706842824472254,7.0628757,0.82077026,1.0664409,9,1280
da02,1706842824572221,7.064693,0.82062072,1.0624096,10,1281
da02,1706842824672188,7.0761142,0.81539673,1.0579269,11,1282
da02,1706842824772263,7.0818758,0.81855774,1.0561423,11,1283
da02,1706842824872178,7.0532355,0.83243191,1.0609914,9,1284
da02,1706842824972204,7.0527134,0.83936614,1.0627427,9,1285
da02,1706842825072276,7.0653877,0.842145,1.0613008,11,1286
da02,1706842825172242,7.0713067,0.82768023,1.0622182,10,1287
da02,1706842825272224,7.0887904,0.82122391,1.0512214,13,1288
da02,1706842825372275,7.0780678,0.81785685,1.0541068,9,1289
da02,1706842825472214,7.064898,0.82468754,1.0516955,8,1290
da02,1706842825572212,7.0825853,0.83234185,1.0553597,12,1291
da02,1706842825672281,7.0820518,0.83571106,1.0529672,10,1292
da02,1706842825772369,7.0843053,0.84008992,1.0561928,10,1293
da02,1706842825872204,7.0785007,0.83286506,1.0508131,10,1294
da02,1706842825972432,7.0739908,0.83745825,1.0575852,9,1295
da02,1706842826072318,7.064322,0.8281588,1.0539485,9,1296
da02,1706842826172243,7.0623074,0.82267183,1.0756171,7,1297
da02,1706842826272202,7.05708,0.81777978,1.0761366,8,1298
da02,1706842826372281,7.1645222,0.81113911,1.0441595,67,1299
da02,1706842826472191,7.1309814,0.8150804,1.0538771,8,1300
da02,1706842826572260,7.1172533,0.81938982,1.0510473,10,1301
da02,1706842826672227,7.1126728,0.82373726,1.0592659,10,1302
da02,1706842826772254,7.100893,0.82282889,1.0573097,10,1303
da02,1706842826872190,7.097115,0.81737435,1.0506239,11,1304
da02,1706842826972361,7.0957608,0.81509966,1.0583885,10,1305
da02,1706842827072286,7.0890231,0.81334847,1.0580441,9,1306
da02,1706842827172270,7.0794482,0.83169097,1.0666394,9,1307
da02,1706842827272286,7.069068,0.83093494,1.0652922,8,1308
da02,1706842827372213,7.0697227,0.8278383,1.0663762,9,1309
da02,1706842827472275,7.0765252,0.8382833,1.0685271,11,1310
da02,1706842827572390,7.0672808,0.83433038,1.0749931,8,1311
da02,1706842827672218,7.0508008,0.83496356,1.0823729,8,1312
da02,1706842827772284,7.0536695,0.8319,1.091514,8,1313
da02,1706842827872324,7.0572934,0.83485979,1.0933532,9,1314
da02,1706842827972308,7.0558395,0.83564007,1.0813813,9,1315
da02,1706842828072256,7.0741248,0.82106066,1.0806963,11,1316
da02,1706842828172273,7.0822768,0.82430726,1.0757718,11,1317
da02,1706842828272294,7.08731,0.82224309,1.0709164,11,1318
da02,1706842828372452,7.086729,0.82805884,1.075726,10,1319
da02,1706842828472423,7.0803924,0.81926429,1.0754027,9,1320
da02,1706842828572344,7.0765204,0.82745075,1.0605974,11,1321
da02,1706842828672307,7.0654058,0.82242167,1.0772477,7,1322
da02,1706842828772476,7.0656843,0.83038193,1.0785449,9,1323
da02,1706842828872259,7.0693073,0.83749038,1.0828495,9,1324
da02,1706842828972285,7.0721841,0.83397216,1.07179,10,1325
da02,1706842829072499,7.0658441,0.8360768,1.0658613,9,1326
da02,1706842829172308,7.0561728,0.83569044,1.0646234,8,1327
da02,1706842829272270,7.0577965,0.82915252,1.0619555,9,1328
da02,1706842829372394,7.0662122,0.82857877,1.0494535,11,1329
da02,1706842829472262,7.0478849,0.84154117,1.0533665,8,1330
da02,1706842829572510,7.0582676,0.845922,1.0596088,10,1331
da02,1706842829672351,7.054852,0.85546148,1.0590444,9,1332
da02,1706842829772320,7.0647159,0.85191578,1.0621123,10,1333
da02,1706842829872244,7.0514917,0.85010082,1.0662247,8,1334
da02,1706842829972386,7.04723,0.8510952,1.0647175,9,1335
da02,1706842830072266,7.0479727,0.84371376,1.0574323,9,1336
da02,1706842830172297,7.0538139,0.84304988,1.0584966,10,1337
da02,1706842830272400,7.0579867,0.83168572,1.05848,9,1338
da02,1706842830372348,7.0691671,0.70485812,1.0313729,70,1339
da02,1706842830472239,7.0655122,0.73846209,1.0411414,9,1340
da02,1706842830572421,7.0593743,0.76134974,1.0524215,8,1341
da02,1706842830672290,7.074028,0.772481,1.049212,12,1342
da02,1706842830772326,7.0816431,0.79825509,1.0582473,11,1343
da02,1706842830873893,7.0836463,0.80896872,1.0655782,10,1344
da02,1706842830972334,7.08065,0.81020772,1.073814,9,1345
da02,1706842831072226,7.0723643,0.80807352,1.0755366,8,1346
da02,1706842831172314,7.075695,0.80737674,1.0721692,10,1347
da02,1706842831272304,7.0639195,0.81596422,1.0787482,8,1348
da02,1706842831372257,7.06963,0.82082695,1.0705582,11,1349
da02,1706842831472283,7.0874166,0.82049721,1.0701238,12,1350
da02,1706842831572320,7.0637555,0.81673563,1.0730153,8,1351
da02,1706842831672271,7.0771732,0.82302725,1.0637223,12,1352
da02,1706842831772368,7.0799837,0.82231188,1.0706065,10,1353
da02,1706842831872288,7.0694394,0.822907,1.0565687,9,1354
da02,1706842831972305,7.05581,0.82758892,1.0641565,8,1355
da02,1706842832072300,7.0551715,0.82635993,1.070825,8,1356
da02,1706842832172318,7.0488935,0.83094376,1.0791595,8,1357
da02,1706842832272418,7.05221,0.83343828,1.0753586,9,1358
da02,1706842832372342,7.0498013,0.83108747,1.0787696,8,1359
da02,1706842832472373,7.04868,0.83418906,1.0814459,8,1360
da02,1706842832572392,7.049273,0.83971161,1.0663416,10,1361
da02,1706842832672318,7.0490222,0.84219825,1.0673487,9,1362
da02,1706842832772432,7.0420537,0.83948988,1.0684364,8,1363
da02,1706842832872402,7.0400252,0.82777989,1.0641322,8,1364
da02,1706842832972387,7.0543427,0.83266532,1.0649756,11,1365
da02,1706842833072418,7.0576878,0.84329027,1.0684738,9,1366
da02,1706842833172391,7.0672288,0.84241164,1.0702344,10,1367
da02,1706842833272901,7.0635076,0.85203904,1.072621,9,1368
da02,1706842833372494,7.0728092,0.84566146,1.0682124,11,1369
da02,1706842833472435,7.0731411,0.84705573,1.0773885,9,1370
da02,1706842833572342,7.0724287,0.83808947,1.0699174,10,1371
da02,1706842833672440,7.0612073,0.8315208,1.0772754,7,1372
da02,1706842833772416,7.0606928,0.83230817,1.0825135,8,1373
da02,1706842833872495,7.0632815,0.83896261,1.0787842,10,1374
da02,1706842833972454,7.0508304,0.83780491,1.0752319,8,1375
da02,1706842834072424,7.04312,0.83091676,1.0791173,7,1376
da02,1706842834172439,7.036386,0.83556771,1.0714256,8,1377
da02,1706842834272955,7.0417109,0.83459884,1.0767107,8,1378
da02,1706842834372507,7.0449381,0.83464909,1.0747803,9,1379
da02,1706842834472466,7.0563111,0.82507741,1.0706369,10,1380
da02,1706842834572498,7.0616579,0.82305521,1.078734,9,1381
da02,1706842834672509,7.0764256,0.82361639,1.0728021,11,1382
da02,1706842834772552,7.0717673,0.82456779,1.0697916,9,1383
da02,1706842834872442,7.0711007,0.81595004,1.0652176,9,1384
da02,1706842834972454,7.0655136,0.816575,1.0601869,9,1385
da02,1706842835072464,7.0548019,0.81992739,1.0603094,8,1386
da02,1706842835172466,7.051065,0.81609714,1.0636082,8,1387
da02,1706842835272474,7.0470114,0.81993496,1.0685244,8,1388
da02,1706842835372512,7.0428905,0.8183732,1.0634929,8,1389
da02,1706842835472452,7.0382128,0.82198519,1.0679988,8,1390
da02,1706842835572536,7.0607591,0.81980652,1.0734313,11,1391
da02,1706842835672476,7.0629396,0.8287617,1.0819657,9,1392
da02,1706842835772455,7.0654469,0.82803929,1.0882392,9,1393
da02,1706842835872358,7.0687089,0.83833349,1.089831,9,1394
da02,1706842835972437,7.0593224,0.84419966,1.0769095,9,1395
da02,1706842836072412,7.0524483,0.84064621,1.0760449,8,1396
da02,1706842836172362,7.0515852,0.83166987,1.0748193,8,1397
da02,1706842836272462,7.0603566,0.83376664,1.064199,11,1398
da02,1706842836372393,7.0471568,0.8319965,1.0666411,8,1399
da02,1706842836472384,7.0517564,0.8290233,1.0628413,10,1400
da02,1706842836572443,7.0615244,0.8372457,1.0719442,10,1401
da02,1706842836672382,7.0699205,0.85020524,1.0693882,11,1402
da02,1706842836772428,7.0710607,0.84601909,1.0729868,9,1403
da02,1706842836872378,7.0722985,0.84024251,1.0836084,9,1404
da02,1706842836972423,7.0748458,0.8333559,1.0802498,10,1405
da02,1706842837072618,7.08275,0.83685404,1.0803159,11,1406
da02,1706842837172465,7.0686574,0.82536834,1.0784739,7,1407
da02,1706842837272412,7.0651531,0.82667953,1.0681716,10,1408
da02,1706842837372393,7.0770721,0.82813883,1.0709449,11,1409
da02,1706842837472391,7.0814404,0.826926,1.0733726,10,1410
da02,1706842837572418,7.0671425,0.82622623,1.0670919,8,1411
da02,1706842837672399,7.0654178,0.83586067,1.0671153,9,1412
da02,1706842837772494,7.052515,0.830963,1.068845,7,1413
da02,1706842837872381,7.0703411,0.82879519,1.0674889,11,1414
da02,1706842837972532,7.0814133,0.82716024,1.0632199,11,1415
da02,1706842838072355,7.0837712,0.83710653,1.0574279,11,1416
da02,1706842838172436,7.0685039,0.83529305,1.0620409,8,1417
da02,1706842838272481,7.0674291,0.82845324,1.0648474,9,1418
da02,1706842838372423,7.0632615,0.81877583,1.0664302,8,1419
da02,1706842838472401,7.0731945,0.80909538,1.0611631,11,1420
da02,1706842838572530,7.07423,0.81779045,1.0700209,9,1421
da02,1706842838672360,7.0598388,0.82004738,1.0703864,7,1422
da02,1706842838772453,7.0777936,0.81424886,1.0762763,11,1423
da02,1706842838872533,7.079402,0.81128764,1.0675606,10,1424
da02,1706842838972461,7.0823669,0.81725276,1.0732467,10,1425
da02,1706842839072455,7.0854287,0.81650633,1.0781687,10,1426
da02,1706842839172546,7.0803876,0.82188749,1.0729203,10,1427
da02,1706842839272451,7.0721421,0.81803775,1.0638709,9,1428
da02,1706842839372545,7.072556,0.83311051,1.0649866,10,1429
da02,1706842839472536,7.0635338,0.83119988,1.0702423,8,1430
da02,1706842839572549,7.0656085,0.82579315,1.069382,9,1431
da02,1706842839672540,7.0789328,0.8282361,1.0730072,11,1432
da02,1706842839772483,7.0775127,0.82549447,1.0656551,10,1433
da02,1706842839872547,7.0660477,0.82888985,1.0645311,8,1434
da02,1706842839972506,7.0627842,0.83186388,1.0649635,9,1435
da02,1706842840072450,7.0598087,0.84218615,1.0783175,8,1436
da02,1706842840172521,7.0554819,0.83882314,1.073755,9,1437
da02,1706842840272501,7.0582981,0.83936483,1.0710208,10,1438
da02,1706842840372459,7.0687575,0.84509534,1.0699385,11,1439
da02,1706842840472519,7.0651865,0.84475791,1.0704322,9,0
da02,1706842840572514,7.0617495,0.84414369,1.068343,9,1
da02,1706842840672506,7.0512466,0.83908689,1.067417,8,2
da02,1706842840772552,7.0604949,0.83894759,1.0596941,11,3
da02,1706842840872509,7.0480094,0.83627748,1.0619062,7,4
da02,1706842840972478,7.0558562,0.83113432,1.0618744,10,5
da02,1706842841072549,7.0585585,0.83468443,1.0662717,9,6
da02,1706842841172558,7.0713496,0.83603829,1.0640023,11,7
da02,1706842841272453,7.055088,0.82850033,1.0598814,7,8
da02,1706842841372455,7.0492196,0.8321985,1.0681808,8,9
da02,1706842841472516,7.0431352,0.82115114,1.0641996,8,10
da02,1706842841572456,7.0438032,0.81895548,1.0604085,9,11
da02,1706842841672490,7.0600038,0.81789708,1.0564152,11,12
da02,1706842841772545,7.070775,0.83046836,1.0618371,11,13
da02,1706842841872465,7.067584,0.82634205,1.0605021,9,14
da02,1706842841972571,7.0753303,0.83452934,1.0682138,10,15
da02,1706842842072514,7.0682945,0.8308906,1.0613887,9,16
da02,1706842842172488,7.0702314,0.82665652,1.0779907,8,17
da02,1706842842272607,7.0560408,0.82641733,1.0663326,8,18
da02,1706842842372525,7.0596,0.82142359,1.0726179,9,19
da02,1706842842472489,7.0598326,0.82779485,1.0697722,9,20
da02,1706842842572564,7.0481672,0.83495003,1.0779582,8,21
da02,1706842842672522,7.0445228,0.82994705,1.0806011,8,22
da02,1706842842772509,7.0500069,0.83717471,1.077633,10,23
da02,1706842842872535,7.0662055,0.83123171,1.0663661,12,24
da02,1706842842972543,7.0641122,0.82910889,1.0721902,8,25
da02,1706842843072465,7.0632467,0.83136094,1.0649364,10,26
da02,1706842843172652,7.0699396,0.82820529,1.0687813,10,27
da02,1706842843272498,7.0602245,0.69930595,1.04437,70,28
da02,1706842843372539,7.0649004,0.73509669,1.0546756,9,29
da02,1706842843472549,7.0687895,0.7627393,1.0562371,10,30
da02,1706842843572608,7.0698986,0.77640915,1.0493095,10,31
da02,1706842843672510,7.0708776,0.777575,1.0526656,9,32
da02,1706842843772629,7.0701776,0.79643905,1.053562,10,33
da02,1706842843872514,7.07436,0.80394226,1.0509535,11,34
da02,1706842843972564,7.0778432,0.80462784,1.071344,9,35
da02,1706842844072507,7.0822496,0.82017887,1.0670358,11,36
da02,1706842844172562,7.0775933,0.82607514,1.0714773,9,37
da02,1706842844273138,7.0684652,0.82480085,1.0782541,8,38
da02,1706842844372553,7.070364,0.826615,1.0768936,10,39
da02,1706842844472593,7.0694056,0.83356,1.0744796,10,40
da02,1706842844572578,7.0494351,0.82953352,1.0749028,8,41
da02,1706842844672546,7.0522571,0.83055931,1.0666112,10,42
da02,1706842844772585,7.0658989,0.82916754,1.0682652,11,43
da02,1706842844872515,7.0699062,0.8328616,1.0750666,9,44
da02,1706842844972638,7.0845838,0.82459933,1.0776757,11,45
da02,1706842845072552,7.0968013,0.81055254,1.0845126,11,46
da02,1706842845172579,7.0878248,0.81401461,1.0806692,9,47
da02,1706842845272612,7.0927019,0.8089031,1.0763525,11,48
da02,1706842845372575,7.084528,0.82613635,1.0828308,9,49
da02,1706842845472519,7.0842891,0.83029711,1.0756649,10,50
da02,1706842845572751,7.0807347,0.82888746,1.0696825,10,51
da02,1706842845672530,7.08339,0.83050245,1.0672646,10,52
da02,1706842845772639,7.064024,0.82888436,1.0599438,8,53
da02,1706842845872602,7.0674076,0.83044845,1.0607848,10,54
da02,1706842845972621,7.0707273,0.828591,1.0703726,9,55
da02,1706842846072603,7.0807028,0.81232369,1.0762385,10,56
da02,1706842846172531,7.0672469,0.82020259,1.0655463,9,57
da02,1706842846274146,7.0675454,0.82281691,1.0614036,10,58
da02,1706842846372644,7.0816269,0.81704438,1.0714602,10,59
da02,1706842846472594,7.0930657,0.80861086,1.0725389,11,60
da02,1706842846572620,7.0946937,0.80443078,1.0756106,10,61
da02,1706842846672584,7.095367,0.81410962,1.0656641,11,62
da02,1706842846772671,7.0935907,0.81899887,1.0693581,10,63
da02,1706842846872599,7.0869861,0.81774753,1.0693539,9,64
da02,1706842846972612,7.0781512,0.82047248,1.0740366,8,65
da02,1706842847072602,7.074441,0.8308717,1.0668244,10,66
da02,1706842847172572,7.0770364,0.83449769,1.0802698,9,67
da02,1706842847272591,7.0730376,0.82973111,1.0767747,9,68
da02,1706842847372600,7.0653343,0.833924,1.0778561,8,69
da02,1706842847472604,7.0630245,0.83488423,1.0770507,9,70
da02,1706842847572629,7.0654559,0.837115,1.0822201,9,71
da02,1706842847672600,7.0729752,0.83661205,1.0953766,9,72
da02,1706842847772622,7.0806932,0.83336586,1.0836085,11,73
da02,1706842847872607,7.0716934,0.82167757,1.0831876,8,74
da02,1706842847972618,7.0689883,0.82233441,1.0834676,9,75
da02,1706842848072618,7.07921,0.82111847,1.0864353,10,76
da02,1706842848172654,7.0861878,0.81877494,1.0745364,11,77
da02,1706842848272703,7.0719295,0.81560284,1.070042,8,78
da02,1706842848372668,7.0682316,0.82857615,1.0748496,9,79
da02,1706842848472660,7.0564609,0.82927328,1.0740621,8,80
da02,1706842848572639,7.0606961,0.822833,1.0767282,9,81
da02,1706842848672669,7.0635176,0.81732571,1.0660105,10,82
da02,1706842848772700,7.07218,0.81137067,1.0621276,11,83
da02,1706842848872580,7.0696564,0.81987637,1.0629511,9,84
da02,1706842848972621,7.0808878,0.81930524,1.067003,11,85
da02,1706842849072620,7.0799031,0.80903292,1.0605094,10,86
da02,1706842849172542,7.085907,0.81155992,1.0571047,11,87
da02,1706842849272584,7.0819006,0.81362736,1.0743761,8,88
da02,1706842849372645,7.0717025,0.81548423,1.0766246,8,89
da02,1706842849472617,7.07005,0.82329553,1.0800879,9,90
da02,1706842849572630,7.061059,0.8133797,1.0721918,8,91
da02,1706842849672674,7.0544524,0.8212505,1.0760642,8,92
da02,1706842849772661,7.0544477,0.82587904,1.0633039,10,93
da02,1706842849872579,7.053318,0.82916021,1.0729909,8,94
da02,1706842849972746,7.0408025,0.82513452,1.0762823,8,95
da02,1706842850072578,7.0493493,0.81937039,1.0756611,9,96
da02,1706842850172633,7.0571065,0.8271004,1.0685588,10,97
da02,1706842850272690,7.0623107,0.82353675,1.0616918,10,98
da02,1706842850372677,7.0566053,0.82441205,1.0664245,8,99
da02,1706842850472644,7.0573063,0.82369745,1.061916,9,100
da02,1706842850572634,7.0732708,0.81736225,1.058092,11,101
da02,1706842850672627,7.0679593,0.81460023,1.060015,9,102
da02,1706842850772642,7.0589628,0.8162058,1.0626547,8,103
da02,1706842850872671,7.0675464,0.81386572,1.0646851,10,104
da02,1706842850972649,7.0602365,0.81192732,1.0658427,8,105
da02,1706842851072601,7.0561895,0.81470352,1.0575211,9,106
da02,1706842851172639,7.0440183,0.81773359,1.0578296,7,107
da02,1706842851272699,7.0505776,0.81604797,1.0628058,9,108
da02,1706842851372564,7.037,0.82478619,1.0555898,8,109
da02,1706842851472647,7.0402017,0.83066237,1.0565325,9,110
da02,1706842851572722,7.0331297,0.83196008,1.0574996,8,111
da02,1706842851672662,7.0440359,0.81960696,1.0650237,9,112
da02,1706842851772644,7.0501552,0.82124937,1.0606545,10,113
da02,1706842851872733,7.0711775,0.82790774,1.0602891,12,114
da02,1706842851972649,7.0739183,0.82743293,1.0714153,9,115
da02,1706842852072650,7.0554786,0.82459283,1.0730103,8,116
da02,1706842852172692,7.0370193,0.82583159,1.0689462,8,117
da02,1706842852272687,7.0372505,0.82650959,1.0708187,8,118
da02,1706842852372670,7.0449224,0.83533341,1.071718,9,119
da02,1706842852472728,7.0487065,0.82171708,1.0703229,9,120
da02,1706842852572662,7.0396,0.82068616,1.0778219,8,121
da02,1706842852672627,7.0473003,0.81601703,1.0770977,9,122
da02,1706842852772769,7.0435786,0.81050694,1.07715,8,123
da02,1706842852872646,7.0454812,0.82184833,1.0706916,9,124
da02,1706842852972685,7.0550547,0.823692,1.0692564,10,125
da02,1706842853072692,7.0505719,0.8140285,1.0702815,8,126
da02,1706842853172708,7.0523767,0.81737685,1.0679011,9,127
da02,1706842853272722,7.0513864,0.82321227,1.0677824,9,128
da02,1706842853372703,7.0547776,0.83142841,1.0628082,10,129
da02,1706842853472668,7.0548534,0.82438147,1.0694377,8,130
da02,1706842853572693,7.0659671,0.8230539,1.0640659,11,131
da02,1706842853672675,7.0489855,0.82956028,1.0651881,8,132
da02,1706842853772627,7.0610623,0.83400059,1.0657674,11,133
da02,1706842853872686,7.0511785,0.82768935,1.0730664,7,134
da02,1706842853972659,7.0610523,0.81533766,1.0717561,10,135
da02,1706842854072658,7.0728226,0.82187504,1.0708436,11,136
da02,1706842854172759,7.060698,0.82237208,1.0727873,8,137
da02,1706842854272767,7.0458822,0.8248769,1.0803496,8,138
da02,1706842854372691,7.04421,0.82992154,1.0780759,8,139
da02,1706842854472680,7.0567756,0.82938236,1.0790813,10,140
da02,1706842854572730,7.066628,0.82074553,1.0897608,9,141
da02,1706842854672836,7.0610952,0.81560379,1.0850514,8,142
da02,1706842854772802,7.0477509,0.81395549,1.0732729,8,143
da02,1706842854872725,7.0502615,0.81732208,1.0701448,9,144
da02,1706842854972690,7.05173,0.82138377,1.0633277,10,145
da02,1706842855072669,7.0475173,0.82284361,1.06036,9,146
da02,1706842855172733,7.0494118,0.81681043,1.0710454,8,147
da02,1706842855273205,7.0413337,0.81257617,1.069033,7,148
da02,1706842855372687,7.054049,0.8047691,1.0663562,10,149
da02,1706842855472741,7.0687437,0.811706,1.0695832,11,150
da02,1706842855572718,7.0629406,0.81629944,1.0734556,8,151
da02,1706842855672686,7.0653324,0.82766056,1.0772163,9,152
da02,1706842855772934,7.0562749,0.82334167,1.0799919,7,153
da02,1706842855872702,7.0586305,0.82025886,1.0759282,9,154
da02,1706842855972954,7.0433388,0.83638012,1.0771183,8,155
da02,1706842856072754,7.0395927,0.84112769,1.0759493,8,156
da02,1706842856172826,7.0547547,0.84415597,1.0766788,10,157
da02,1706842856272802,7.0563259,0.83700359,1.0703003,9,158
da02,1706842856372718,7.0680165,0.81935626,1.0705788,10,159
da02,1706842856472821,7.0840774,0.83126479,1.0757403,11,160
da02,1706842856572792,7.0817022,0.83078843,1.0660412,10,161
da02,1706842856672722,7.0734296,0.82986212,1.0728952,8,162
da02,1706842856772678,7.0548458,0.8410241,1.0712891,8,163
da02,1706842856872762,7.0562134,0.84580797,1.0736905,9,164
da02,1706842856972753,7.056571,0.84342074,1.0749741,9,165
da02,1706842857072721,7.0572696,0.83787733,1.0796953,8,166
da02,1706842857172766,7.0658512,0.82709956,1.0904986,9,167
da02,1706842857272806,7.071887,0.82615125,1.0845284,10,168
da02,1706842857372734,7.0680614,0.82118803,1.0833381,9,169
da02,1706842857472682,7.0669618,0.82456005,1.0905788,8,170
da02,1706842857572747,7.056458,0.8374806,1.0854684,8,171
da02,1706842857672776,7.0549521,0.83002603,1.0870794,8,172
da02,1706842857772720,7.0607052,0.82115638,1.0930855,9,173
da02,1706842857872820,7.0616789,0.81108862,1.0898378,9,174
da02,1706842857972688,7.0622015,0.8170225,1.0878443,9,175
da02,1706842858072713,7.0691924,0.8163777,1.0780561,10,176
da02,1706842858172830,7.0775027,0.81515157,1.0760486,10,177
da02,1706842858272741,7.0646834,0.8113237,1.0797634,7,178
da02,1706842858372724,7.0770617,0.82077014,1.0745907,11,179
da02,1706842858472752,7.05727,0.83008087,1.0738266,8,180
da02,1706842858572746,7.0696535,0.82995307,1.0702595,11,181
da02,1706842858672725,7.0836611,0.82434756,1.0610309,12,182
da02,1706842858772838,7.0761156,0.82064319,1.0560579,9,183
da02,1706842858872759,7.079227,0.81828308,1.064144,10,184
da02,1706842858972784,7.0747356,0.81304359,1.0708485,8,185
da02,1706842859072756,7.0754595,0.81748194,1.0648228,10,186
da02,1706842859172852,7.0773845,0.82932,1.0716076,10,187
da02,1706842859272749,7.0672832,0.81935394,1.0799752,7,188
da02,1706842859372812,7.0610518,0.82388008,1.0833262,8,189
da02,1706842859472788,7.0620694,0.82862133,1.0695895,10,190
da02,1706842859572811,7.0536656,0.833115,1.0657593,8,191
da02,1706842859672768,7.0573483,0.82792449,1.0828997,8,192
da02,1706842859772828,7.0731835,0.8238557,1.086179,11,193
da02,1706842859872744,7.0584059,0.83740872,1.0741167,8,194
da02,1706842859972846,7.06702,0.83649039,1.0754237,10,195
da02,1706842860072791,7.0670972,0.82864583,1.0694243,10,196
da02,1706842860172790,7.0563307,0.83087862,1.0652078,8,197
da02,1706842860272822,7.0475764,0.82873172,1.0699131,7,198
da02,1706842860372814,7.0597172,0.82474452,1.076721,10,199
da02,1706842860472754,7.0648284,0.83099943,1.0883515,9,200
da02,1706842860572788,7.060761,0.83119124,1.0823933,9,201
da02,1706842860672816,7.0464644,0.84421545,1.0826921,8,202
da02,1706842860772786,7.0488892,0.8415159,1.0765222,9,203
da02,1706842860872780,7.0478659,0.82552946,1.0809776,8,204
da02,1706842860972972,7.0548739,0.82487214,1.0934112,8,205
da02,1706842861072838,7.06208,0.822544,1.1003855,9,206
da02,1706842861172828,7.0629663,0.82078284,1.0915761,9,207
da02,1706842861272819,7.0443015,0.81580979,1.0890752,8,208
da02,1706842861372914,7.0529666,0.82250172,1.0844105,10,209
da02,1706842861473550,7.0586858,0.82824409,1.0826079,10,210
da02,1706842861572974,7.0581312,0.82386452,1.0860451,8,211
da02,1706842861674455,7.0519609,0.82389754,1.083582,8,212
da02,1706842861772858,7.0614214,0.827138,1.0766405,10,213
da02,1706842861872824,7.05555,0.827465,1.080393,8,214
da02,1706842861972826,7.0580807,0.82332951,1.080013,9,215
da02,1706842862072852,7.0665083,0.8196069,1.0728824,10,216
da02,1706842862172841,7.0739527,0.81565857,1.078239,10,217
da02,1706842862272880,7.0706158,0.82232004,1.0774156,9,218
da02,1706842862372862,7.0638781,0.82917619,1.0721492,9,219
da02,1706842862472850,7.0704436,0.82546633,1.0700564,10,220
da02,1706842862572814,7.06939,0.83719879,1.0670547,10,221
da02,1706842862672809,7.06452,0.83777618,1.0606129,9,222
da02,1706842862772844,7.0591636,0.82650334,1.0614516,8,223
da02,1706842862872863,7.0488658,0.82851696,1.0581272,8,224
da02,1706842862972828,7.0468912,0.82786852,1.0534244,9,225
da02,1706842863072835,7.0594625,0.83381939,1.0611054,10,226
da02,1706842863172830,7.0629592,0.82625896,1.0632285,9,227
da02,1706842863272884,7.0696154,0.83108789,1.0696836,10,228
da02,1706842863372826,7.0640016,0.82936543,1.0704187,8,229
da02,1706842863472842,7.0640197,0.82627612,1.0680529,9,230
da02,1706842863572853,7.0501919,0.83055288,1.0644186,8,231
da02,1706842863672877,7.048233,0.83233762,1.0640538,9,232
da02,1706842863772894,7.0522075,0.8273589,1.0667095,9,233
da02,1706842863872848,7.0474534,0.68743187,1.0321645,70,234
da02,1706842863972876,7.0623636,0.71848172,1.0375954,11,235
da02,1706842864072842,7.0540428,0.7415067,1.0426861,8,236
da02,1706842864172886,7.0547514,0.75320786,1.0505675,9,237
da02,1706842864272868,7.0524464,0.77242583,1.0591937,8,238
da02,1706842864372885,7.0595889,0.78174686,1.0605372,10,239
da02,1706842864472870,7.0587292,0.7946074,1.0674958,9,240
da02,1706842864572881,7.069654,0.79207051,1.0811535,9,241
da02,1706842864672831,7.0666547,0.80210578,1.0688514,10,242
da02,1706842864772962,7.0682626,0.80808151,1.0708103,9,243
da02,1706842864872871,7.0645175,0.811751,1.0720185,9,244
da02,1706842864972860,7.0486803,0.81924415,1.0690588,8,245
da02,1706842865072849,7.0540648,0.81835383,1.0640204,10,246
da02,1706842865172880,7.0598955,0.82475752,1.068364,10,247
da02,1706842865272849,7.06357,0.82587069,1.0642842,10,248
da02,1706842865372871,7.0666022,0.83300281,1.0682555,10,249
da02,1706842865472863,7.05684,0.82774711,1.0684265,8,250
da02,1706842865572948,7.05669,0.8280136,1.0692524,9,251
da02,1706842865672850,7.0535531,0.8255102,1.0786836,8,252
da02,1706842865773077,7.0557046,0.82936311,1.0750017,9,253
da02,1706842865872984,7.0569119,0.83371544,1.0753561,9,254
da02,1706842865972882,7.0595226,0.82539785,1.0765824,9,255
da02,1706842866072914,7.0575738,0.82514489,1.0715113,9,256
da02,1706842866172926,7.0586481,0.83355606,1.071101,9,257
da02,1706842866273804,7.0572882,0.83197695,1.0725962,9,258
da02,1706842866373084,7.0685019,0.83133274,1.0733805,10,259
da02,1706842866473036,7.069581,0.834504,1.071871,10,260
da02,1706842866573024,7.0568676,0.8243078,1.0779454,7,261
da02,1706842866673007,7.0689583,0.81921637,1.0890695,9,262
da02,1706842866773044,7.0715165,0.821732,1.0795361,10,263
da02,1706842866873006,7.0616674,0.81928682,1.0803809,8,264
da02,1706842866973032,7.0452614,0.83380765,1.0786442,8,265
da02,1706842867073000,7.0493155,0.82246864,1.0734724,9,266
da02,1706842867173076,7.0635858,0.83098429,1.0684037,11,267
da02,1706842867273426,7.0701756,0.82904285,1.07174,10,268
da02,1706842867372972,7.2185264,0.69983625,1.4616868,71,269
da02,1706842867473001,7.1853161,0.72619879,1.3617818,10,270
da02,1706842867573046,7.1678705,0.75761396,1.2950997,11,271
da02,1706842867673011,7.1392236,0.77390033,1.2402356,9,272
da02,1706842867773128,7.1310129,0.79464835,1.18593,12,273
da02,1706842867873004,7.1034417,0.80731434,1.1470733,9,274
da02,1706842867973038,7.1024446,0.80800819,1.1215919,11,275
da02,1706842868073048,7.0935636,0.81284457,1.113394,9,276
da02,1706842868173088,7.0953007,0.81965864,1.0960976,11,277
da02,1706842868273026,7.07383,0.81652677,1.0939881,7,278
da02,1706842868373089,7.0708528,0.82478195,1.0986347,8,279
da02,1706842868473088,7.0814075,0.81773072,1.1022851,10,280
da02,1706842868573339,7.0710192,0.81444967,1.09509,8,281
da02,1706842868673058,7.0707994,0.81585079,1.087676,9,282
da02,1706842868773081,7.0614209,0.82015806,1.0817285,8,283
da02,1706842868873062,7.0711036,0.83072913,1.0741832,11,284
da02,1706842868973331,7.0601721,0.82831722,1.0697883,8,285
da02,1706842869073056,7.0718479,0.82751036,1.0668731,11,286
da02,1706842869173079,7.0752063,0.823036,1.081175,9,287
da02,1706842869273084,7.0725546,0.81249833,1.080905,9,288
da02,1706842869373108,7.0653372,0.82073593,1.0706093,9,289
da02,1706842869473078,7.0543084,0.82227308,1.0705206,8,290
da02,1706842869573099,7.0746069,0.83275992,1.0702252,12,291
da02,1706842869673560,7.0825334,0.8375,1.0769637,10,292
da02,1706842869773120,7.0717168,0.8382709,1.0751692,8,293
da02,1706842869873066,7.0701861,0.829165,1.0867741,8,294
da02,1706842869973130,7.0577641,0.816565,1.0853407,7,295
da02,1706842870073095,7.0524154,0.81997,1.0782729,8,296
da02,1706842870173049,7.0507345,0.81922978,1.0675366,9,297
da02,1706842870273006,7.0531306,0.82829529,1.0781239,8,298
da02,1706842870373102,7.0562906,0.82285094,1.0741769,9,299
da02,1706842870473046,7.056241,0.82661188,1.070498,9,300
da02,1706842870573086,7.053196,0.82673514,1.0727317,8,301
da02,1706842870673057,7.0573606,0.82957619,1.0685604,10,302
da02,1706842870773138,7.067831,0.82810587,1.0599957,11,303
da02,1706842870873085,7.0573955,0.82330406,1.064628,7,304
da02,1706842870973136,7.049551,0.82082492,1.0684565,7,305
da02,1706842871073109,7.0501914,0.81491625,1.0746664,8,306
da02,1706842871173124,7.0523868,0.82329386,1.0702626,9,307
da02,1706842871273155,7.0629292,0.82449836,1.0618922,11,308
da02,1706842871373173,7.0749454,0.83020639,1.070074,10,309
da02,1706842871473124,7.0697551,0.838055,1.0720222,9,310
da02,1706842871573388,7.0702834,0.82979268,1.0741479,9,311
da02,1706842871673102,7.0604477,0.820089,1.0735451,8,312
da02,1706842871773171,7.0574942,0.82185984,1.0747221,8,313
da02,1706842871873123,7.0556126,0.82619643,1.0739444,9,314
da02,1706842871973138,7.0617642,0.834379,1.0755953,10,315
da02,1706842872073102,7.05616,0.83478171,1.0775796,8,316
da02,1706842872173142,7.0553861,0.83513415,1.0781816,9,317
da02,1706842872273155,7.0613189,0.83479035,1.0717291,10,318
da02,1706842872373161,7.06423,0.8348608,1.0699031,10,319
da02,1706842872473140,7.0782824,0.83694631,1.0676212,11,320
da02,1706842872573174,7.0785923,0.82823223,1.072667,9,321
da02,1706842872673114,7.0886893,0.83008742,1.0716908,11,322
da02,1706842872773148,7.0916114,0.83137131,1.0795937,10,323
da02,1706842872873116,7.0908284,0.82858723,1.0787235,10,324
da02,1706842872973136,7.2404757,0.68892384,1.4686813,72,325
da02,1706842873073132,7.1966367,0.72843707,1.3665348,10,326
da02,1706842873173161,7.1551948,0.74519765,1.2931803,8,327
da02,1706842873273129,7.1289926,0.7620073,1.2318534,9,328
da02,1706842873373148,7.1056976,0.78692114,1.186926,9,329
da02,1706842873473129,7.1013489,0.79863322,1.1565186,10,330
da02,1706842873573166,7.09099,0.79644465,1.1346041,9,331
da02,1706842873673149,7.0762911,0.79919904,1.121328,8,332
da02,1706842873773228,7.0642776,0.8143996,1.1056731,8,333
da02,1706842873873169,7.0744758,0.81963861,1.1010176,10,334
da02,1706842873973463,7.0840778,0.82060444,1.098639,10,335
da02,1706842874073135,7.0917578,0.81310487,1.0992135,10,336
da02,1706842874173167,7.0842805,0.82332975,1.1029314,8,337
da02,1706842874273146,7.0700803,0.82161462,1.0947876,8,338
da02,1706842874373163,7.0620103,0.82558483,1.0909274,8,339
da02,1706842874473138,7.0536871,0.82744193,1.0844676,8,340
da02,1706842874573165,7.0608511,0.82599789,1.0816047,10,341
da02,1706842874673629,7.05857,0.8255949,1.075278,9,342
da02,1706842874773174,7.0627122,0.841733,1.0757459,10,343
da02,1706842874873632,7.0722227,0.83564556,1.0773963,10,344
da02,1706842874973164,7.0727739,0.83508,1.0827913,9,345
da02,1706842875073592,7.07364,0.83094311,1.0830058,9,346
da02,1706842875173223,7.0738726,0.82931679,1.0862695,9,347
da02,1706842875273673,7.065259,0.82986647,1.0852205,8,348
da02,1706842875373198,7.0690222,0.83604991,1.0798835,10,349
da02,1706842875473168,7.0647688,0.82859516,1.0801458,8,350
da02,1706842875573190,7.0604181,0.82415897,1.0734142,9,351
da02,1706842875673177,7.0570855,0.82528871,1.0735767,8,352
da02,1706842875773231,7.0543437,0.81753182,1.069833,9,353
da02,1706842875873172,7.0577521,0.82756704,1.0630195,10,354
da02,1706842875973218,7.0531487,0.82970268,1.0643462,8,355
da02,1706842876073196,7.0542192,0.83472538,1.0652707,9,356
da02,1706842876173248,7.0562873,0.82836342,1.0776026,8,357
da02,1706842876273193,7.0593634,0.82666337,1.0735123,9,358
da02,1706842876373237,7.0584922,0.83279,1.0748991,9,359
da02,1706842876473180,7.0608888,0.83785033,1.0702372,10,360
da02,1706842876573222,7.0646858,0.83643156,1.0670958,10,361
da02,1706842876673187,7.0689983,0.83947945,1.0669678,10,362
da02,1706842876773243,7.0685267,0.83425677,1.0641336,10,363
da02,1706842876873221,7.0615396,0.83884865,1.0638964,9,364
da02,1706842876973359,7.0748,0.8346743,1.0642941,11,365
da02,1706842877074999,7.0870352,0.83155876,1.0678477,11,366
da02,1706842877173161,7.0736704,0.82745433,1.0654275,8,367
da02,1706842877273832,7.0700502,0.82934159,1.0622408,9,368
da02,1706842877373202,7.0666161,0.82808948,1.0642534,9,369
da02,1706842877473100,7.0666904,0.82803255,1.0552573,10,370
da02,1706842877573147,7.0697351,0.83162069,1.066642,9,371
da02,1706842877673080,7.0601687,0.83677077,1.0739976,8,372
da02,1706842877773144,7.0636568,0.84152496,1.0782946,9,373
da02,1706842877873108,7.054904,0.84051639,1.0753564,8,374
da02,1706842877973148,7.0560369,0.83232105,1.0865114,8,375
da02,1706842878073103,7.0571179,0.83824295,1.0771385,10,376
da02,1706842878173136,7.0588894,0.83066565,1.0761706,9,377
da02,1706842878273184,7.0662069,0.833678,1.07418,10,378
da02,1706842878373159,7.0703387,0.82508552,1.06836,10,379
da02,1706842878473128,7.0606494,0.82970166,1.066925,8,380
da02,1706842878573159,7.0571504,0.83615071,1.0709177,8,381
da02,1706842878673134,7.0575428,0.84261328,1.0647694,10,382
da02,1706842878773182,7.0548086,0.8459112,1.0616968,9,383
da02,1706842878873120,7.0562763,0.84389156,1.0646425,9,384
da02,1706842878973437,7.0672693,0.8450892,1.0716207,10,385
da02,1706842879073140,7.0626283,0.83948994,1.0729188,8,386
da02,1706842879173180,7.0707712,0.82533211,1.0717117,10,387
da02,1706842879273150,7.0732312,0.82700717,1.0754985,9,388
da02,1706842879373180,7.0862613,0.826598,1.07012,12,389
da02,1706842879473156,7.0821052,0.83282679,1.0676993,10,390
da02,1706842879573223,7.0647941,0.81896394,1.0613458,8,391
da02,1706842879673731,7.0654426,0.81440681,1.0547526,10,392
da02,1706842879773277,7.0735927,0.81145811,1.05061,11,393
da02,1706842879873172,7.0627117,0.81979257,1.0601807,8,394
da02,1706842879973204,7.0572205,0.82573026,1.063995,8,395
da02,1706842880073150,7.0523772,0.82637876,1.0785385,8,396
da02,1706842880173182,7.0601006,0.83490938,1.0777144,10,397
da02,1706842880273161,7.0724764,0.83729517,1.0767297,11,398
da02,1706842880373192,7.0676417,0.83590072,1.0771798,9,399
da02,1706842880473168,7.0695677,0.84617215,1.072215,10,400
da02,1706842880573183,7.0672545,0.84970528,1.0705824,9,401
da02,1706842880673149,7.0617704,0.84818161,1.0715002,9,402
da02,1706842880773203,7.0623088,0.84266329,1.0657939,10,403
da02,1706842880873185,7.0781989,0.82933438,1.0638171,11,404
da02,1706842880973192,7.0683932,0.83661371,1.0667917,8,405
da02,1706842881073164,7.0596704,0.83236778,1.0649896,8,406
da02,1706842881173256,7.0685997,0.81434494,1.0716223,9,407
da02,1706842881273259,7.0769315,0.82264078,1.0665445,11,408
da02,1706842881373254,7.0672369,0.82073182,1.0717397,8,409
da02,1706842881473234,7.0569363,0.81783032,1.0658544,8,410
da02,1706842881573248,7.0584583,0.8101092,1.0649289,9,411
da02,1706842881673223,7.0586505,0.81525218,1.0577278,10,412
da02,1706842881773258,7.06636,0.82509047,1.0625057,10,413
da02,1706842881873258,7.0698333,0.83127272,1.0738758,9,414
da02,1706842881973278,7.077126,0.83153158,1.0760225,10,415
da02,1706842882073272,7.0793452,0.81932878,1.0745852,10,416
da02,1706842882173288,7.0670958,0.82125103,1.0728952,8,417
da02,1706842882273229,7.0647879,0.821673,1.0695039,9,418
da02,1706842882373310,7.0633912,0.82497168,1.0690866,9,419
da02,1706842882473291,7.0688081,0.82898891,1.073984,10,420
da02,1706842882573318,7.0655565,0.83568519,1.0718238,9,421
da02,1706842882673295,7.0658908,0.83477348,1.0688469,10,422
da02,1706842882773334,7.0753021,0.83529234,1.0723464,10,423
da02,1706842882873335,7.0849776,0.84213227,1.0663593,12,424
da02,1706842882973284,7.0769992,0.8406471,1.0697664,9,425
da02,1706842883073234,7.068284,0.84326184,1.0691659,9,426
da02,1706842883173283,7.0630183,0.83740437,1.0658841,9,427
da02,1706842883273251,7.0735273,0.83921444,1.0605636,11,428
da02,1706842883373292,7.0856781,0.8375988,1.0609423,11,429
da02,1706842883473252,7.0890803,0.83066243,1.0683126,10,430
da02,1706842883573301,7.0767694,0.82412994,1.0734046,8,431
da02,1706842883673310,7.0854721,0.82212216,1.0723834,11,432
da02,1706842883773332,7.0854154,0.82474768,1.0606102,11,433
da02,1706842883873340,7.0899892,0.82674432,1.0544789,11,434
da02,1706842883973336,7.0953145,0.82856154,1.0596235,11,435
da02,1706842884073338,7.0866904,0.82763058,1.0506674,10,436
da02,1706842884173355,7.0878158,0.830627,1.060944,10,437
da02,1706842884273376,7.0794673,0.83398372,1.0561043,10,438
da02,1706842884373341,7.0672269,0.829973,1.0621163,8,439
da02,1706842884473317,7.0790653,0.82801759,1.0629591,11,440
da02,1706842884573350,7.0706458,0.8307696,1.0692189,8,441
da02,1706842884673850,7.0740638,0.81911516,1.0759804,9,442
da02,1706842884773342,7.0669088,0.82303637,1.0710233,9,443
da02,1706842884873312,7.0647573,0.81627136,1.066002,9,444
da02,1706842884973347,7.0631094,0.81238973,1.0550451,10,445
da02,1706842885073302,7.06408,0.81501132,1.0631225,9,446
da02,1706842885173353,7.0708814,0.8212139,1.0627074,10,447
da02,1706842885273327,7.0758195,0.83589941,1.0657616,10,448
da02,1706842885373355,7.0874467,0.82947493,1.0706023,11,449
da02,1706842885473318,7.0888186,0.82942158,1.0724254,10,450
da02,1706842885573370,7.0845175,0.82782406,1.0720829,9,451
da02,1706842885673355,7.0744033,0.82764429,1.0739205,8,452
da02,1706842885773431,7.0615144,0.82595551,1.0736903,8,453
da02,1706842885873351,7.0595603,0.81847328,1.064519,9,454
da02,1706842885973400,7.069334,0.82868987,1.0636398,11,455
da02,1706842886073352,7.0822668,0.81657022,1.073068,10,456
da02,1706842886173400,7.0906992,0.82100654,1.065758,12,457
da02,1706842886273320,7.0948863,0.80962783,1.0713389,10,458
da02,1706842886373358,7.0860453,0.80915934,1.0796943,8,459
da02,1706842886473333,7.0809226,0.81189543,1.0726311,10,460
da02,1706842886573376,7.0823364,0.819948,1.074266,10,461
da02,1706842886673453,7.0753312,0.82816774,1.0706186,9,462
da02,1706842886773379,7.070189,0.82758635,1.0694895,9,463
da02,1706842886873348,7.07933,0.82805711,1.0707837,11,464
da02,1706842886973377,7.0762014,0.82561612,1.0859785,8,465
da02,1706842887073349,7.071116,0.83197623,1.088056,9,466
da02,1706842887173370,7.0857592,0.83481818,1.080726,12,467
da02,1706842887273392,7.0679774,0.84098625,1.0837702,8,468
da02,1706842887373352,7.0639305,0.83566207,1.0841268,8,469
da02,1706842887473348,7.0755968,0.82329977,1.0731952,11,470
da02,1706842887573388,7.0668659,0.82944781,1.0779347,8,471
da02,1706842887673368,7.0506129,0.82348126,1.0782363,7,472
da02,1706842887773389,7.0531778,0.8236872,1.0797541,9,473
da02,1706842887873387,7.0418506,0.81885588,1.072739,7,474
da02,1706842887973406,7.0488515,0.82366669,1.0685658,10,475
da02,1706842888073354,7.0441346,0.8300975,1.0702076,8,476
da02,1706842888173740,7.0563822,0.82767266,1.0676329,10,477
da02,1706842888273952,7.0630045,0.81717,1.0699611,9,478
da02,1706842888373755,7.0555973,0.81999671,1.0718796,8,479
da02,1706842888473368,7.06187,0.8207522,1.0786936,9,480
da02,1706842888573404,7.0523019,0.830596,1.0701973,9,481
da02,1706842888673381,7.0579195,0.82683355,1.0721537,9,482
da02,1706842888773453,7.0632524,0.82629371,1.0702709,10,483
da02,1706842888873388,7.0691276,0.82853985,1.0679783,10,484
da02,1706842888973411,7.0712533,0.82907069,1.0664496,10,485
da02,1706842889073370,7.06344,0.82070637,1.0675174,8,486
da02,1706842889173406,7.0707917,0.82517952,1.0595003,11,487
da02,1706842889273356,7.0683,0.82610488,1.0622694,9,488
da02,1706842889373401,7.05832,0.83234555,1.060637,8,489
da02,1706842889473383,7.0712862,0.82641494,1.0610522,11,490
da02,1706842889573420,7.0714412,0.82108134,1.0621393,9,491
da02,1706842889673934,7.0630851,0.82182688,1.0653529,8,492
da02,1706842889773428,7.0454755,0.81995654,1.0739629,8,493
da02,1706842889873399,7.0522766,0.82590228,1.0837135,9,494
da02,1706842889973455,7.0436563,0.83243227,1.0877243,8,495
da02,1706842890073412,7.036859,0.83435637,1.0885686,8,496
da02,1706842890173477,7.0527325,0.83799231,1.0819854,11,497
da02,1706842890273451,7.0529242,0.83081943,1.0793338,9,498
da02,1706842890373432,7.0479674,0.83366174,1.0724028,9,499
da02,1706842890473374,7.0433812,0.84316814,1.0749683,8,500
da02,1706842890573452,7.0588493,0.84014571,1.0700656,11,501
da02,1706842890673395,7.0657711,0.84228235,1.06892,10,502
da02,1706842890773434,7.0535178,0.837268,1.073006,7,503
da02,1706842890873394,7.05108,0.83923161,1.0722719,9,504
da02,1706842890973420,7.0497293,0.83470422,1.0747496,8,505
da02,1706842891073404,7.051024,0.83024627,1.0718747,9,506
da02,1706842891173439,7.0588355,0.82922113,1.0725187,10,507
da02,1706842891273404,7.047637,0.82259196,1.0756388,7,508
da02,1706842891373439,7.0532589,0.82202274,1.0655352,10,509
da02,1706842891473413,7.0515866,0.83154237,1.0664431,9,510
da02,1706842891573438,7.0522876,0.83568019,1.0719832,9,511
da02,1706842891673416,7.0517621,0.83320379,1.0708035,9,512
da02,1706842891773498,7.0604882,0.83367264,1.0759548,10,513
da02,1706842891873446,7.0652881,0.82468706,1.071016,10,514
da02,1706842891973493,7.0723743,0.81574833,1.0658096,10,515
da02,1706842892073416,7.0532656,0.81128287,1.0753318,8,516
da02,1706842892173440,7.070106,0.81025076,1.0839301,10,517
da02,1706842892273405,7.0724783,0.80708748,1.0845491,9,518
da02,1706842892373457,7.063087,0.81208676,1.080068,8,519
da02,1706842892475006,7.0709696,0.8137669,1.079857,10,520
da02,1706842892573480,7.0635757,0.80995262,1.0865604,7,521
da02,1706842892673419,7.064774,0.81624943,1.0775235,10,522
da02,1706842892773467,7.0640926,0.82347828,1.0820993,9,523
da02,1706842892873428,7.053288,0.8298651,1.0886066,8,524
da02,1706842892973464,7.0484724,0.81939268,1.0864849,8,525
da02,1706842893073424,7.0530205,0.8258782,1.0847296,9,526
da02,1706842893173465,7.0480723,0.82873988,1.0874941,8,527
da02,1706842893273487,7.0550632,0.82967639,1.0724885,11,528
da02,1706842893373498,7.0523458,0.82576841,1.0618043,9,529
da02,1706842893473463,7.0678506,0.82940406,1.0566204,12,530
da02,1706842893573489,7.06148,0.83144367,1.062004,8,531
da02,1706842893673460,7.0578794,0.83078319,1.0612264,9,532
da02,1706842893773505,7.0563431,0.82915372,1.0637829,9,533
da02,1706842893875136,7.0635405,0.83100849,1.0696388,10,534
da02,1706842893973506,7.0696125,0.83836877,1.0745635,10,535
da02,1706842894073468,7.0636797,0.830745,1.0678322,9,536
da02,1706842894173508,7.0821619,0.82866466,1.0697391,12,537
da02,1706842894273485,7.0684371,0.8289783,1.0709696,8,538
da02,1706842894373490,7.0693712,0.84158939,1.0807025,9,539
da02,1706842894473452,7.0611997,0.83419663,1.0809546,8,540
da02,1706842894573486,7.0726237,0.83077544,1.078665,11,541
da02,1706842894673997,7.0781536,0.8266831,1.0746721,10,542
da02,1706842894773540,7.0703473,0.82939374,1.0790515,8,543
da02,1706842894873466,7.0687571,0.82739341,1.0786697,9,544
da02,1706842894973498,7.0721765,0.82370114,1.0803287,9,545
da02,1706842895073460,7.0775881,0.83475727,1.0841151,10,546
da02,1706842895173506,7.0714388,0.83623374,1.0834498,9,547
da02,1706842895273472,7.069943,0.83326846,1.0833766,9,548
da02,1706842895373494,7.0677719,0.82544005,1.0780531,9,549
da02,1706842895473464,7.0645266,0.82437491,1.0822965,8,550
da02,1706842895573514,7.0679107,0.81805319,1.0822726,9,551
da02,1706842895673488,7.0651016,0.8140381,1.0737358,9,552
da02,1706842895773549,7.0675106,0.81558871,1.0676016,10,553
da02,1706842895873477,7.055604,0.81542671,1.0661492,8,554
da02,1706842895973509,7.0724173,0.80853152,1.0616384,11,555
da02,1706842896073483,7.0634117,0.81388509,1.0680939,8,556
da02,1706842896173516,7.0647793,0.81131381,1.0649751,9,557
da02,1706842896273518,7.0732169,0.820995,1.0784256,10,558
da02,1706842896373515,7.0690823,0.81621796,1.074627,9,559
da02,1706842896473498,7.082346,0.81582624,1.0813862,11,560
da02,1706842896573516,7.0791497,0.82582885,1.0803163,9,561
da02,1706842896673480,7.0930076,0.8269012,1.0698253,12,562
da02,1706842896773537,7.0857782,0.82326376,1.0748281,9,563
da02,1706842896873572,7.09604,0.82339174,1.0744386,11,564
da02,1706842896973528,7.0971465,0.82636541,1.0778605,10,565
da02,1706842897073492,7.0907488,0.82668066,1.0727335,10,566
da02,1706842897173520,7.0794263,0.828649,1.076183,8,567
da02,1706842897273497,7.0629349,0.83112669,1.0812702,8,568
da02,1706842897373528,7.0589695,0.83049,1.0832686,8,569
da02,1706842897473492,7.0640168,0.82899404,1.0861843,9,570
da02,1706842897573533,7.07664,0.82958388,1.0741879,12,571
da02,1706842897673512,7.0749259,0.83283126,1.0700161,10,572
da02,1706842897773574,7.0716963,0.8370564,1.0730351,9,573
da02,1706842897873518,7.0678134,0.83614659,1.0692796,9,574
da02,1706842897973588,7.0805531,0.84055865,1.0630621,12,575
da02,1706842898073575,7.0790868,0.83448052,1.0479562,11,576
da02,1706842898173531,7.074079,0.83681375,1.0536562,9,577
da02,1706842898273499,7.0706205,0.84376442,1.0608435,9,578
da02,1706842898373542,7.0673952,0.8407988,1.0611823,9,579
da02,1706842898473508,7.0648141,0.84862179,1.0647745,9,580
da02,1706842898573553,7.0604053,0.84135497,1.0739772,8,581
da02,1706842898673528,7.0620522,0.83673525,1.0773215,9,582
da02,1706842898773532,7.0582452,0.83814913,1.07001,9,583
da02,1706842898873510,7.0495038,0.82705814,1.0762402,7,584
da02,1706842898973566,7.063848,0.81867111,1.0881386,9,585
da02,1706842899073557,7.0611343,0.82419986,1.082669,9,586
da02,1706842899173580,7.0659308,0.83062488,1.0851915,9,587
da02,1706842899274112,7.0673056,0.82867986,1.0930482,8,588
da02,1706842899373571,7.0695443,0.82163835,1.1006594,8,589
da02,1706842899473584,7.0710707,0.82753861,1.1062135,9,590
da02,1706842899573552,7.0660677,0.83578694,1.0890688,10,591
da02,1706842899674065,7.0755582,0.82935417,1.0815886,11,592
da02,1706842899773585,7.0757279,0.82664871,1.0821036,9,593
da02,1706842899873579,7.0547781,0.83369714,1.0821847,8,594
da02,1706842899973615,7.0578427,0.83104163,1.0759012,10,595
da02,1706842900073596,7.0475478,0.8299858,1.0747966,7,596
da02,1706842900173580,7.0688438,0.83487409,1.0660756,12,597
da02,1706842900273560,7.0666885,0.8422789,1.0739703,9,598
da02,1706842900373581,7.0653129,0.83332163,1.0713466,9,599
da02,1706842900473546,7.0802703,0.83354717,1.0714952,11,600
da02,1706842900573591,7.0741873,0.83583742,1.0612811,10,601
da02,1706842900673539,7.0825281,0.82189226,1.0607924,11,602
da02,1706842900773622,7.0749636,0.8377223,1.0697473,9,603
da02,1706842900873570,7.0861263,0.82825804,1.0629137,12,604
da02,1706842900973600,7.0808568,0.83405477,1.0625775,10,605
da02,1706842901073551,7.08459,0.83546233,1.0696028,10,606
da02,1706842901173598,7.0905972,0.83031011,1.0595523,12,607
da02,1706842901273568,7.081841,0.83995163,1.0697517,9,608
da02,1706842901373629,7.0775228,0.82632446,1.0689012,9,609
da02,1706842901473610,7.0829887,0.82342178,1.0595503,11,610
da02,1706842901573636,7.0777717,0.82774127,1.0682487,9,611
da02,1706842901673539,7.0736017,0.82351971,1.0711919,9,612
da02,1706842901773820,7.0653639,0.82967877,1.0688207,9,613
da02,1706842901873594,7.0603986,0.82975829,1.0766897,8,614
da02,1706842901973608,7.0577726,0.83323818,1.0757869,9,615
da02,1706842902073570,7.0623727,0.82954687,1.0815452,9,616
da02,1706842902173610,7.0730205,0.83440256,1.0764519,11,617
da02,1706842902273610,7.0743823,0.84428871,1.0737619,10,618
da02,1706842902373594,7.07149,0.833353,1.0681149,9,619
da02,1706842902473580,7.0781474,0.82337213,1.0674696,10,620
da02,1706842902573605,7.0733709,0.82845312,1.0720911,9,621
da02,1706842902673584,7.0669165,0.81949055,1.0811361,7,622
da02,1706842902773620,7.0807152,0.82052839,1.0832039,11,623
da02,1706842902873581,7.0704956,0.81652945,1.084573,8,624
da02,1706842902973610,7.0626354,0.82586145,1.0857953,8,625
da02,1706842903073604,7.0670547,0.8330462,1.0803145,10,626
da02,1706842903173650,7.068924,0.82864052,1.0911319,8,627
da02,1706842903273613,7.0668387,0.83202946,1.0908862,9,628
da02,1706842903373654,7.0591555,0.83597839,1.0915035,8,629
da02,1706842903473638,7.056911,0.83340114,1.0892385,8,630
da02,1706842903573797,7.0652547,0.82638967,1.0821724,10,631
da02,1706842903673599,7.0566549,0.81868517,1.0761223,8,632
da02,1706842903773676,7.0627165,0.81754333,1.0773674,9,633
da02,1706842903873607,7.0567613,0.82882267,1.0849687,8,634
da02,1706842903973658,7.0421038,0.83381695,1.0885086,8,635
da02,1706842904073614,7.039186,0.83096874,1.086778,8,636
da02,1706842904173636,7.0344219,0.82356411,1.0832722,7,637
da02,1706842904273609,7.0327249,0.819522,1.0831324,7,638
da02,1706842904373638,7.0523076,0.82764047,1.0787975,11,639
da02,1706842904473668,7.0627975,0.83223695,1.0697314,11,640
da02,1706842904573724,7.045608,0.82963073,1.0790155,8,641
da02,1706842904674173,7.0487914,0.82005215,1.079208,8,642
da02,1706842904773726,7.0574737,0.82567346,1.080525,10,643
da02,1706842904873666,7.0662847,0.82992387,1.0809621,10,644
da02,1706842904973716,7.0690842,0.83117849,1.0841324,9,645
da02,1706842905073630,7.0611739,0.83516479,1.0684962,9,646
da02,1706842905173658,7.0648794,0.83557314,1.0623708,10,647
da02,1706842905273684,7.0588646,0.83644778,1.0652704,8,648
da02,1706842905373644,7.0505619,0.83628321,1.0707433,7,649
da02,1706842905473645,7.0650764,0.83092576,1.0604078,12,650
da02,1706842905573860,7.0628772,0.82934409,1.0553116,10,651
da02,1706842905673624,7.0552278,0.82047695,1.0722156,7,652
da02,1706842905773642,7.0554037,0.82700622,1.0773605,9,653
da02,1706842905873627,7.0560012,0.82711011,1.0732104,9,654
da02,1706842905973632,7.0498672,0.83341831,1.0751083,8,655
da02,1706842906073642,7.0366011,0.83428878,1.0789547,8,656
da02,1706842906173657,7.0394416,0.83914465,1.0962912,8,657
da02,1706842906273650,7.0517197,0.83329648,1.0908906,10,658
da02,1706842906373675,7.047575,0.82835263,1.0875483,8,659
da02,1706842906473661,7.0519185,0.8351773,1.0890285,9,660
da02,1706842906573665,7.043375,0.83945549,1.0840757,8,661
da02,1706842906673674,7.0456285,0.84864271,1.0902581,8,662
da02,1706842906773766,7.05846,0.85392463,1.0826453,11,663
da02,1706842906873642,7.0540857,0.84797341,1.0797489,8,664
da02,1706842906973668,7.054656,0.84091932,1.0808188,9,665
da02,1706842907073642,7.0549388,0.84456849,1.0845616,9,666
da02,1706842907173647,7.05837,0.83769548,1.0783768,9,667
da02,1706842907273653,7.0635853,0.83327878,1.0821545,9,668
da02,1706842907373682,7.0652256,0.83000207,1.0741948,10,669
da02,1706842907473646,7.0588055,0.8281194,1.0792439,8,670
da02,1706842907573894,7.0646949,0.82536644,1.0811156,9,671
da02,1706842907673682,7.0668836,0.81991923,1.0782362,9,672
da02,1706842907773700,7.0768161,0.82572109,1.0708765,11,673
da02,1706842907875251,7.0720606,0.8261463,1.0683473,9,674
da02,1706842907973751,7.046401,0.82773036,1.0640182,8,675
da02,1706842908073686,7.046329,0.8193422,1.0664461,8,676
da02,1706842908173693,7.0513797,0.82810533,1.0666438,10,677
da02,1706842908273738,7.041049,0.81274343,1.0650212,7,678
da02,1706842908373728,7.0413842,0.81789887,1.0603536,9,679
da02,1706842908473719,7.0375686,0.81449515,1.0721509,7,680
da02,1706842908573686,7.0359268,0.80751151,1.0679225,8,681
da02,1706842908673673,7.0394368,0.81543523,1.0688448,9,682
da02,1706842908773706,7.0532818,0.81405568,1.0669556,10,683
da02,1706842908873680,7.0585332,0.82236028,1.0608939,10,684
da02,1706842908973689,7.0772481,0.81224364,1.0691779,11,685
da02,1706842909073695,7.0672011,0.8297413,1.0716707,8,686
da02,1706842909173696,7.0635223,0.8402757,1.0767455,9,687
da02,1706842909273706,7.0612035,0.84446073,1.0804589,9,688
da02,1706842909373707,7.0742083,0.83704352,1.0711927,11,689
da02,1706842909473710,7.0871944,0.84606487,1.0682051,12,690
da02,1706842909573707,7.0683565,0.84568143,1.0746118,8,691
da02,1706842909674218,7.0656023,0.8478651,1.0695448,9,692
da02,1706842909773796,7.064043,0.84121054,1.0756234,8,693
da02,1706842909873723,7.0635304,0.84218,1.084486,8,694
da02,1706842909973794,7.065537,0.83854163,1.0777028,10,695
da02,1706842910073723,7.0681539,0.83806938,1.0730561,10,696
da02,1706842910173724,7.0702291,0.82982051,1.0746415,9,697
da02,1706842910274266,7.0796866,0.83157688,1.0802151,10,698
da02,1706842910373777,7.0860691,0.83028519,1.0811976,10,699
da02,1706842910473748,7.070909,0.83498681,1.0876207,8,700
da02,1706842910573760,7.0705338,0.84126025,1.0929873,9,701
da02,1706842910673703,7.063045,0.84410125,1.0855366,9,702
da02,1706842910773718,7.0564551,0.83608049,1.0845801,8,703
da02,1706842910873727,7.0588803,0.84627277,1.0783269,10,704
da02,1706842910973720,7.0477066,0.83313239,1.0792968,7,705
da02,1706842911073719,7.0649381,0.82215106,1.0744581,11,706
da02,1706842911173720,7.0578747,0.81964171,1.0724773,8,707
da02,1706842911273767,7.0665288,0.82992762,1.0688293,11,708
da02,1706842911373738,7.0732369,0.82420582,1.0617795,11,709
da02,1706842911473714,7.0639892,0.82686073,1.0571725,9,710
da02,1706842911573748,7.0651035,0.82777709,1.0589061,9,711
da02,1706842911673724,7.0558319,0.84020722,1.0680094,8,712
da02,1706842911773722,7.0615964,0.84191686,1.0689789,10,713
da02,1706842911873720,7.0696092,0.82525867,1.0745655,9,714
da02,1706842911973743,7.0657969,0.82868582,1.0887786,8,715
da02,1706842912073722,7.0600486,0.82418233,1.0839676,8,716
da02,1706842912173754,7.063683,0.82540816,1.079769,10,717
da02,1706842912273738,7.0528131,0.81826919,1.0776676,7,718
da02,1706842912373786,7.044642,0.81403947,1.0764394,7,719
da02,1706842912473747,7.0440083,0.82322121,1.0856096,8,720
da02,1706842912573793,7.0528946,0.81912416,1.0751799,10,721
da02,1706842912673756,7.0433469,0.82810086,1.0792333,8,722
da02,1706842912773840,7.0435982,0.82336718,1.0778559,8,723
da02,1706842912873732,7.0585332,0.83126205,1.0730046,11,724
da02,1706842912973758,7.0648079,0.83299017,1.0717151,10,725
da02,1706842913073736,7.0752563,0.833209,1.0766013,10,726
da02,1706842913173765,7.078258,0.82587546,1.0702477,10,727
da02,1706842913273734,7.0792861,0.82484883,1.0671595,10,728
da02,1706842913373769,7.0873833,0.82274854,1.0564119,12,729
da02,1706842913473736,7.0830727,0.82207495,1.0586674,9,730
da02,1706842913573785,7.0630021,0.82656932,1.0638996,8,731
da02,1706842913673734,7.0693331,0.82495743,1.074533,9,732
da02,1706842913773775,7.0614815,0.82588482,1.0712124,8,733
da02,1706842913873776,7.0623913,0.83115774,1.0684332,10,734
da02,1706842913973809,7.0576806,0.83799803,1.0699567,9,735
da02,1706842914073790,7.0517139,0.82888603,1.069746,8,736
da02,1706842914173825,7.0697384,0.82609761,1.0715797,11,737
da02,1706842914273809,7.0612755,0.83490616,1.0743345,8,738
da02,1706842914373778,7.0604048,0.83303511,1.0709409,9,739
da02,1706842914473776,7.0694213,0.82577968,1.0654622,11,740
da02,1706842914573786,7.0726237,0.82705122,1.060508,10,741
da02,1706842914674266,7.0635118,0.83115751,1.064539,8,742
da02,1706842914773801,7.0672169,0.81978011,1.0641471,10,743
da02,1706842914873763,7.0580931,0.81595325,1.0670863,8,744
da02,1706842914973801,7.0657182,0.81592554,1.0652095,10,745
da02,1706842915073760,7.0709591,0.82188231,1.0645453,10,746
da02,1706842915173799,7.066462,0.82664526,1.0611829,9,747
da02,1706842915273767,7.055903,0.82710052,1.0621009,8,748
da02,1706842915373805,7.0576086,0.82161748,1.0559442,10,749
da02,1706842915473831,7.0608506,0.81448609,1.0562222,9,750
da02,1706842915573810,7.18264,0.70260596,1.4545109,70,751
da02,1706842915673805,7.1575003,0.73687536,1.3567963,10,752
da02,1706842915773884,7.1249409,0.76013631,1.2862625,8,753
da02,1706842915873783,7.1150436,0.77475464,1.2388405,9,754
da02,1706842915974054,7.1071725,0.79172754,1.1964573,10,755
da02,1706842916073809,7.1002831,0.79435271,1.1617382,10,756
da02,1706842916173800,7.0853739,0.807714,1.148159,8,757
da02,1706842916273802,7.0734115,0.81858587,1.1244574,9,758
da02,1706842916373817,7.0779886,0.81717229,1.1065652,10,759
da02,1706842916473808,7.0741,0.81866497,1.0906911,10,760
da02,1706842916573808,7.0654473,0.82075816,1.088174,8,761
da02,1706842916673792,7.0730762,0.82442284,1.0808631,11,762
da02,1706842916773837,7.0697708,0.81693321,1.0744298,9,763
da02,1706842916873818,7.0621085,0.82508081,1.0740055,8,764
da02,1706842916973844,7.0556922,0.82515782,1.0808141,7,765
da02,1706842917073814,7.0532808,0.818559,1.0756056,9,766
da02,1706842917173854,7.0611339,0.83097285,1.0697269,11,767
da02,1706842917273845,7.06605,0.82902175,1.0694997,10,768
da02,1706842917373825,7.18274,0.83124906,1.0592585,67,769
da02,1706842917473785,7.1574087,0.81796479,1.065722,9,770
da02,1706842917573765,7.1359606,0.81923145,1.0670555,9,771
da02,1706842917673797,7.1137033,0.82386345,1.0657376,9,772
da02,1706842917773823,7.1143227,0.82308429,1.0629574,11,773
da02,1706842917873809,7.1057825,0.83323473,1.060141,10,774
da02,1706842917973814,7.0888085,0.83212978,1.0566293,9,775
da02,1706842918073832,7.0764203,0.83418816,1.0675339,8,776
da02,1706842918173818,7.0807056,0.82400012,1.0635383,10,777
da02,1706842918273815,7.0795703,0.82375324,1.0689247,9,778
da02,1706842918373838,7.0763974,0.82586014,1.062891,10,779
da02,1706842918473826,7.0859251,0.82491308,1.0673152,11,780
da02,1706842918573861,7.0872741,0.82749361,1.0692724,10,781
da02,1706842918673824,7.0821218,0.83195388,1.0718201,9,782
da02,1706842918774001,7.0753703,0.82479185,1.0724075,9,783
da02,1706842918873826,7.0741253,0.81570566,1.083357,8,784
da02,1706842918973868,7.0788603,0.8180666,1.0703111,11,785
da02,1706842919073846,7.0897689,0.81499177,1.0698929,11,786
da02,1706842919173884,7.0817409,0.81929672,1.0604059,10,787
da02,1706842919273857,7.0809083,0.80983323,1.0494376,10,788
da02,1706842919373866,7.0949869,0.8220107,1.0475419,13,789
da02,1706842919473867,7.0895724,0.81850827,1.0571901,9,790
da02,1706842919573894,7.0606408,0.82533276,1.0602313,8,791
da02,1706842919674362,7.0680218,0.82144183,1.0645428,10,792
da02,1706842919773910,7.0581594,0.8265726,1.0654079,8,793
da02,1706842919873897,7.0665779,0.81862026,1.0722069,9,794
da02,1706842919973849,7.0658655,0.82264972,1.0784221,9,795
da02,1706842920073852,7.0690842,0.83105797,1.0699509,10,796
da02,1706842920173882,7.0640569,0.82446015,1.0740391,8,797
da02,1706842920273939,7.0632119,0.82780331,1.0738993,9,798
da02,1706842920373856,7.066761,0.82957244,1.0826383,9,799
da02,1706842920473861,7.0648346,0.83313268,1.0796678,9,800
da02,1706842920573888,7.0580559,0.83531451,1.083765,8,801
da02,1706842920673858,7.05336,0.8366012,1.0840743,8,802
da02,1706842920773892,7.183074,0.83530456,1.0607444,67,803
da02,1706842920873856,7.1497774,0.83736867,1.0676315,8,804
da02,1706842920973916,7.1240649,0.83740795,1.0737709,8,805
da02,1706842921073896,7.1117697,0.83087075,1.0669253,10,806
da02,1706842921173964,7.0929565,0.82838082,1.0751413,7,807
da02,1706842921274422,7.0876765,0.82373643,1.06551,10,808
da02,1706842921373909,7.0775471,0.82385182,1.0672885,8,809
da02,1706842921476469,7.0682921,0.83209234,1.0742548,8,810
da02,1706842921573931,7.0573182,0.82785559,1.0670465,8,811
da02,1706842921673881,7.052906,0.82434726,1.0617912,9,812
da02,1706842921774010,7.0574679,0.82956642,1.0735339,9,813
da02,1706842921873872,7.0667396,0.8291676,1.0681152,11,814
da02,1706842921973923,7.0719137,0.84369165,1.0719129,10,815
da02,1706842922073898,7.0657797,0.83545351,1.0710237,8,816
da02,1706842922173935,7.0562153,0.82961506,1.0667121,8,817
da02,1706842922273930,7.0556393,0.81777215,1.0695857,8,818
da02,1706842922373901,7.0726256,0.82340676,1.0657121,12,819
da02,1706842922473892,7.0686383,0.81802678,1.0650918,9,820
da02,1706842922573898,7.0636005,0.82258117,1.065311,9,821
da02,1706842922673905,7.0782518,0.82286221,1.0675573,11,822
da02,1706842922773922,7.0754733,0.82062489,1.0717906,9,823
da02,1706842922873889,7.0642943,0.81442654,1.060784,9,824
da02,1706842922973921,7.0759487,0.82604927,1.0627803,11,825
da02,1706842923074124,7.0784974,0.83725017,1.0691295,10,826
da02,1706842923173929,7.0763688,0.83289981,1.0795865,8,827
da02,1706842923275627,7.0674396,0.83671385,1.0751166,9,828
da02,1706842923373947,7.0745239,0.83632392,1.0824358,10,829
da02,1706842923473906,7.0763931,0.83711267,1.0853248,9,830
da02,1706842923573900,7.0690455,0.83615494,1.0790772,9,831
da02,1706842923673924,7.0762229,0.83108872,1.0774362,10,832
da02,1706842923773945,7.0759735,0.81932527,1.0789244,9,833
da02,1706842923873930,7.054162,0.83115423,1.0823013,8,834
da02,1706842923973967,7.0565658,0.83213353,1.0746114,10,835
da02,1706842924074088,7.0583305,0.83504117,1.0771589,9,836
da02,1706842924173965,7.0587444,0.82262462,1.0747428,9,837
da02,1706842924273909,7.0569358,0.82642519,1.0712117,9,838
da02,1706842924373909,7.04422,0.82574844,1.0704967,7,839
da02,1706842924473917,7.0441427,0.82835549,1.069658,9,840
da02,1706842924573962,7.0471816,0.82525939,1.0540134,10,841
da02,1706842924674408,7.0488963,0.83657229,1.0607345,9,842
da02,1706842924774166,7.0527415,0.82828957,1.0635171,9,843
da02,1706842924873922,7.0761471,0.83467793,1.0685622,12,844
da02,1706842924973932,7.0785012,0.829602,1.0638664,10,845
da02,1706842925073916,7.0573192,0.83106333,1.068068,8,846
da02,1706842925173996,7.0543013,0.83531719,1.0699836,9,847
da02,1706842925273938,7.0664978,0.8435334,1.0720134,11,848
da02,1706842925373968,7.0609927,0.83267683,1.0755308,8,849
da02,1706842925473960,7.0643187,0.83625191,1.0748997,10,850
da02,1706842925574009,7.0425549,0.83340007,1.0741386,8,851
da02,1706842925673933,7.0482435,0.83338112,1.0771186,9,852
da02,1706842925773980,7.0536051,0.83683723,1.0687947,10,853
da02,1706842925873949,7.0467219,0.82987779,1.067433,8,854
da02,1706842925973956,7.0567427,0.8278091,1.0761307,9,855
da02,1706842926073960,7.0726933,0.82600844,1.0818186,11,856
da02,1706842926173969,7.0616632,0.8299976,1.0783647,8,857
da02,1706842926274167,7.0519323,0.82887352,1.0735837,8,858
da02,1706842926373998,7.0765696,0.819832,1.0698119,12,859
da02,1706842926473958,7.0852995,0.82116389,1.0666283,11,860
da02,1706842926573965,7.0830832,0.81834096,1.0588485,10,861
da02,1706842926673934,7.0852551,0.81470233,1.0642055,10,862
da02,1706842926773968,7.0757132,0.8181963,1.0666702,8,863
da02,1706842926873960,7.0750618,0.82017583,1.0653887,10,864
da02,1706842926973978,7.0720525,0.81186831,1.0645796,9,865
da02,1706842927073972,7.0660825,0.82247132,1.0625989,9,866
da02,1706842927173984,7.06253,0.82070613,1.0603148,9,867
da02,1706842927274390,7.0597672,0.82502484,1.0566026,9,868
da02,1706842927373930,7.0451179,0.82919949,1.0574968,8,869
da02,1706842927473906,7.0643277,0.83347309,1.0559586,12,870
da02,1706842927573927,7.0690904,0.83797109,1.0638298,10,871
da02,1706842927673834,7.0582533,0.83525068,1.0613356,8,872
da02,1706842927773862,7.0662975,0.82552862,1.0605532,10,873
da02,1706842927873901,7.0641012,0.82944018,1.0541189,10,874
da02,1706842927973847,7.0656295,0.825972,1.0565929,9,875
da02,1706842928073869,7.0721612,0.82156533,1.059088,10,876
da02,1706842928173870,7.081666,0.81950712,1.0527155,11,877
da02,1706842928273876,7.0806575,0.82232958,1.0512232,10,878
da02,1706842928373823,7.0780692,0.81741333,1.0383246,11,879
da02,1706842928473856,7.0756297,0.82176149,1.0527226,9,880
da02,1706842928573878,7.0841041,0.82973468,1.0511616,11,881
da02,1706842928673830,7.0854745,0.83486933,1.0534205,10,882
da02,1706842928773868,7.0957761,0.83547604,1.055691,12,883
da02,1706842928873868,7.0892415,0.83948535,1.0568776,10,884
da02,1706842928975281,7.0832825,0.83568943,1.0672451,9,885
da02,1706842929073866,7.073864,0.83319378,1.0675429,9,886
da02,1706842929173925,7.0747628,0.83477044,1.0706382,10,887
da02,1706842929273906,7.0810242,0.84606588,1.0749704,10,888
da02,1706842929373962,7.0787377,0.83466589,1.0797951,9,889
da02,1706842929473898,7.0787964,0.83667707,1.0736636,10,890
da02,1706842929573907,7.0662947,0.85558134,1.0679576,9,891
da02,1706842929673882,7.0806031,0.85173464,1.068265,11,892
da02,1706842929774460,7.0711966,0.83806497,1.0751157,8,893
da02,1706842929873912,7.0616641,0.84017462,1.0734041,8,894
da02,1706842929973888,7.0660744,0.83401811,1.0780663,9,895
da02,1706842930073902,7.0788755,0.83475989,1.0822541,11,896
da02,1706842930173896,7.0733423,0.82200736,1.0912688,8,897
da02,1706842930273903,7.0658951,0.83110148,1.0908945,8,898
da02,1706842930373921,7.2487936,0.63639796,1.468814,73,899
da02,1706842930473904,7.2002831,0.68379152,1.3643501,9,900
da02,1706842930573912,7.1520472,0.72287321,1.2928469,8,901
da02,1706842930673943,7.1297631,0.76430553,1.2370086,10,902
da02,1706842930773942,7.1114178,0.778221,1.1911869,9,903
da02,1706842930874000,7.1046891,0.77973753,1.1561425,10,904
da02,1706842930973950,7.083775,0.79379964,1.1315935,8,905
da02,1706842931073960,7.1023326,0.79960418,1.1060165,13,906
da02,1706842931173953,7.09513,0.79947382,1.0965642,9,907
da02,1706842931273954,7.0832357,0.79775608,1.0994909,7,908
da02,1706842931373942,7.0814781,0.804092,1.0921012,10,909
da02,1706842931473930,7.0700932,0.81723076,1.0969888,8,910
da02,1706842931574015,7.0582366,0.82041919,1.0879109,8,911
da02,1706842931673934,7.0459232,0.82382,1.0900117,8,912
da02,1706842931773974,7.0484872,0.82502514,1.0930409,8,913
da02,1706842931873978,7.06158,0.82315868,1.082818,11,914
da02,1706842931973965,7.0657005,0.81600839,1.0860995,9,915
da02,1706842932073929,7.0529852,0.82348371,1.0943273,8,916
da02,1706842932173951,7.0519519,0.82104337,1.0892354,8,917
da02,1706842932274479,7.0626497,0.81938404,1.0825999,10,918
da02,1706842932374022,7.0598989,0.82169986,1.083971,8,919
da02,1706842932473950,7.0745611,0.83188379,1.0823859,11,920
da02,1706842932573935,7.072237,0.83342057,1.0760833,10,921
da02,1706842932673966,7.0747523,0.83162838,1.0718927,10,922
da02,1706842932773976,7.0624633,0.83273447,1.0681028,8,923
da02,1706842932873973,7.0591702,0.82008612,1.0747079,8,924
da02,1706842932973974,7.073442,0.81684768,1.076166,11,925
da02,1706842933073987,7.0675874,0.82135266,1.070871,9,926
da02,1706842933173976,7.07182,0.81210989,1.0621473,10,927
da02,1706842933274093,7.0628471,0.80006444,1.0659999,8,928
da02,1706842933373964,7.0624318,0.801688,1.0615921,9,929
da02,1706842933473962,7.070745,0.81462729,1.0586072,11,930
da02,1706842933574006,7.0718794,0.80699039,1.0610279,9,931
da02,1706842933673948,7.0833411,0.81005311,1.0604764,11,932
da02,1706842933773973,7.0730982,0.81693047,1.064896,8,933
da02,1706842933873976,7.0678334,0.81311852,1.0723467,8,934
da02,1706842933973993,7.0867162,0.8229323,1.0727048,12,935
da02,1706842934073962,7.0684342,0.82462925,1.0741152,8,936
da02,1706842934173960,7.0676246,0.82806319,1.0623214,10,937
da02,1706842934273966,7.060204,0.82818329,1.06585,8,938
da02,1706842934373972,7.0685506,0.81835222,1.0656985,10,939
da02,1706842934473961,7.0553083,0.81406528,1.0715705,7,940
da02,1706842934574048,7.0539994,0.81806493,1.0784552,8,941
da02,1706842934673964,7.0545406,0.821903,1.0733446,9,942
da02,1706842934774520,7.0512929,0.81390858,1.0620677,9,943
da02,1706842934873974,7.0690866,0.81416464,1.0568861,12,944
da02,1706842934973975,7.07308,0.8197487,1.0682642,9,945
da02,1706842935073970,7.0651584,0.81443894,1.0778658,7,946
da02,1706842935174122,7.0697594,0.82156372,1.068163,11,947
da02,1706842935273988,7.0720077,0.825631,1.0835712,8,948
da02,1706842935374040,7.07693,0.82129216,1.0830989,10,949
da02,1706842935473987,7.0695124,0.81983954,1.072201,9,950
da02,1706842935574085,7.0754261,0.81432205,1.0824914,9,951
da02,1706842935674040,7.0668287,0.81715143,1.079273,8,952
da02,1706842935774054,7.0663462,0.82675344,1.0866355,9,953
da02,1706842935874018,7.0687847,0.82580268,1.0900427,9,954
da02,1706842935974052,7.0828557,0.71153355,1.0548862,70,955
da02,1706842936074028,7.0912962,0.73209643,1.0527346,11,956
da02,1706842936173988,7.0935783,0.76018029,1.0547429,11,957
da02,1706842936274004,7.0848393,0.78777987,1.0609914,9,958
da02,1706842936373998,7.089232,0.79484755,1.059831,11,959
da02,1706842936473993,7.079329,0.81048566,1.0566581,9,960
da02,1706842936573992,7.072763,0.81691211,1.0624905,9,961
da02,1706842936673991,7.0659237,0.82034886,1.0529835,10,962
da02,1706842936774015,7.0696654,0.81996024,1.0528085,10,963
da02,1706842936874025,7.0667143,0.820677,1.0582269,9,964
da02,1706842936974050,7.06377,0.81856179,1.0667098,8,965
da02,1706842937074034,7.07148,0.81986827,1.0551126,11,966
da02,1706842937174026,7.0676293,0.82431632,1.0637938,9,967
da02,1706842937274038,7.0763245,0.82224989,1.0619328,11,968
da02,1706842937374030,7.0594735,0.82525384,1.0629033,8,969
da02,1706842937474014,7.0611215,0.81609464,1.0576154,10,970
da02,1706842937574016,7.0614715,0.81670105,1.057403,9,971
da02,1706842937674020,7.0542068,0.81101996,1.0623789,8,972
da02,1706842937774034,7.0561132,0.82290083,1.0718665,9,973
da02,1706842937874023,7.0645537,0.82530695,1.0637199,11,974
da02,1706842937974096,7.0655546,0.82444084,1.0555499,10,975
da02,1706842938074023,7.0689344,0.82671291,1.0623273,9,976
da02,1706842938174055,7.0697136,0.81905657,1.0624021,9,977
da02,1706842938274033,7.0617328,0.82364035,1.0704464,8,978
da02,1706842938374106,7.0561447,0.82567364,1.0657612,9,979
da02,1706842938474028,7.0386634,0.82445794,1.0586759,7,980
da02,1706842938574044,7.046371,0.83345371,1.0598593,10,981
da02,1706842938675602,7.0574927,0.8417809,1.058692,11,982
da02,1706842938774079,7.0733929,0.83204931,1.0560179,11,983
da02,1706842938874064,7.0591574,0.83086348,1.0485075,8,984
da02,1706842938974065,7.0472741,0.83658391,1.0529504,8,985
da02,1706842939074076,7.060246,0.8344481,1.05241,11,986
da02,1706842939174086,7.0645733,0.83345377,1.0623529,9,987
da02,1706842939274062,7.0631824,0.83612078,1.0568753,10,988
da02,1706842939374082,7.0652914,0.83291054,1.0528619,10,989
da02,1706842939473942,7.0735464,0.82080662,1.0515881,11,990
da02,1706842939574069,7.0593495,0.82116115,1.0600071,7,991
da02,1706842939674060,7.0617528,0.814485,1.0657731,9,992
da02,1706842939773976,7.061533,0.81693995,1.0704068,9,993
da02,1706842939874110,7.0558777,0.82839841,1.0759252,8,994
da02,1706842939974054,7.0618329,0.82075721,1.0672277,10,995
da02,1706842940073924,7.0704379,0.81994033,1.0637252,11,996
da02,1706842940174054,7.0554776,0.8219673,1.0725524,8,997
da02,1706842940274044,7.0648527,0.82381576,1.0701057,10,998
da02,1706842940373948,7.0661345,0.82518446,1.0620931,10,999
da02,1706842940474075,7.0658441,0.83283049,1.0661314,9,1000
da02,1706842940574064,7.06156,0.82913959,1.0760443,8,1001
da02,1706842940673955,7.0647931,0.82795238,1.0848496,9,1002
da02,1706842940774079,7.05201,0.82727426,1.0828623,7,1003
da02,1706842940874036,7.0604167,0.82292616,1.0742416,10,1004
da02,1706842940973968,7.0650625,0.82669479,1.0767115,9,1005
da02,1706842941074100,7.07302,0.83289003,1.0899885,9,1006
da02,1706842941174089,7.072969,0.83570749,1.0805396,10,1007
da02,1706842941273937,7.0748987,0.83253527,1.0851886,9,1008
da02,1706842941374102,7.0893869,0.83336753,1.0803162,12,1009
da02,1706842941474086,7.0930514,0.8263976,1.0784445,10,1010
da02,1706842941573985,7.0954156,0.82271683,1.0688058,11,1011
da02,1706842941674110,7.0918026,0.82061392,1.0643232,10,1012
da02,1706842941774104,7.0791821,0.81621015,1.0752634,7,1013
da02,1706842941873967,7.060461,0.82182705,1.0735779,8,1014
da02,1706842941974177,7.0608087,0.68980157,1.0444633,70,1015
da02,1706842942074182,7.0569568,0.72609127,1.0435989,9,1016
da02,1706842942174050,7.0567961,0.75065172,1.050272,9,1017
da02,1706842942274151,7.0390334,0.77710605,1.0537692,8,1018
da02,1706842942374175,7.0509558,0.79162109,1.059387,10,1019
da02,1706842942474000,7.0546236,0.79761946,1.057048,10,1020
da02,1706842942574140,7.0539374,0.80203855,1.059936,9,1021
da02,1706842942674111,7.0571041,0.81401134,1.0613909,10,1022
da02,1706842942774011,7.0695157,0.81787586,1.0647099,11,1023
da02,1706842942874156,7.0691433,0.82543963,1.0774362,8,1024
da02,1706842942974118,7.0564384,0.8231945,1.0724806,8,1025
da02,1706842943073982,7.0442643,0.82063615,1.0870421,8,1026
da02,1706842943174127,7.0370736,0.81692195,1.0841284,7,1027
da02,1706842943274624,7.0504913,0.83042192,1.084865,10,1028
da02,1706842943374002,7.0584397,0.82708061,1.0891235,9,1029
da02,1706842943474119,7.2458439,0.63992631,1.5593888,73,1030
da02,1706842943574141,7.193706,0.697128,1.4419963,8,1031
da02,1706842943673985,7.1658883,0.7260021,1.3528236,9,1032
da02,1706842943774146,7.1217809,0.74889779,1.2798543,8,1033
da02,1706842943874118,7.112668,0.76519775,1.23747,9,1034
da02,1706842943974008,7.0924225,0.7836045,1.2010025,8,1035
da02,1706842944074141,7.0838194,0.7911942,1.1648761,9,1036
da02,1706842944174135,7.0769067,0.80171835,1.1419516,9,1037
da02,1706842944273985,7.0761337,0.79655689,1.1221471,9,1038
da02,1706842944374080,7.082593,0.80473614,1.118122,10,1039
da02,1706842944474041,7.0805316,0.81188476,1.1171414,9,1040
da02,1706842944574028,7.0749111,0.81123626,1.1091998,8,1041
da02,1706842944674034,7.0713825,0.81571561,1.0919764,10,1042
da02,1706842944774559,7.0696468,0.8104198,1.08248,9,1043
da02,1706842944874008,7.0677729,0.8180145,1.0816438,9,1044
da02,1706842944974014,7.0558634,0.81382853,1.0832196,7,1045
da02,1706842945074172,7.0499096,0.8144809,1.0834998,8,1046
da02,1706842945174181,7.0478845,0.80487096,1.0837709,8,1047
da02,1706842945274068,7.0568147,0.81203324,1.0870093,9,1048
da02,1706842945374195,7.0688591,0.82012063,1.0839658,11,1049
da02,1706842945474157,7.0634308,0.82111603,1.0849279,8,1050
da02,1706842945574077,7.0739861,0.81571251,1.0826069,10,1051
da02,1706842945674050,7.0679975,0.8204397,1.0832926,8,1052
da02,1706842945774047,7.249897,0.64048105,1.4593329,73,1053
da02,1706842945874199,7.2079439,0.69031668,1.3566309,10,1054
da02,1706842945974060,7.1752214,0.73335737,1.2741514,11,1055
da02,1706842946074066,7.1519184,0.76105678,1.2218921,10,1056
da02,1706842946174154,7.1273141,0.77314335,1.1804804,9,1057
da02,1706842946274074,7.1061287,0.78592026,1.1500189,9,1058
da02,1706842946374058,7.1051869,0.79343009,1.1303741,10,1059
da02,1706842946474166,7.1011195,0.79339534,1.1147062,10,1060
da02,1706842946574041,7.0857124,0.801806,1.1061853,8,1061
da02,1706842946674068,7.0750217,0.80177557,1.0963222,8,1062
da02,1706842946774157,7.077724,0.800405,1.0870661,10,1063
da02,1706842946874072,7.0688052,0.81297958,1.0974079,8,1064
da02,1706842946974076,7.0599284,0.817948,1.0966355,8,1065
da02,1706842947074177,7.0697007,0.82271057,1.0858922,11,1066
da02,1706842947174066,7.0736675,0.81832296,1.0874945,9,1067
da02,1706842947274049,7.0738268,0.82552058,1.0800818,10,1068
da02,1706842947374122,7.0797548,0.82533568,1.0826886,10,1069
da02,1706842947474080,7.0803986,0.82102031,1.0905713,9,1070
da02,1706842947574059,7.066308,0.82618034,1.092857,8,1071
da02,1706842947674190,7.068027,0.82387787,1.0918875,9,1072
da02,1706842947774083,7.0739961,0.81774789,1.0848626,10,1073
da02,1706842947874097,7.079205,0.8135131,1.0858203,10,1074
da02,1706842947974207,7.0781064,0.81407273,1.0763125,10,1075
da02,1706842948074098,7.0788994,0.80395949,1.0857345,8,1076
da02,1706842948174091,7.0701537,0.81198382,1.0848863,8,1077
da02,1706842948274238,7.0651374,0.81537145,1.0918871,8,1078
da02,1706842948374208,7.0625987,0.81462443,1.0843748,9,1079
da02,1706842948474120,7.0705872,0.8179611,1.0762459,11,1080
da02,1706842948574237,7.0647011,0.82070827,1.0681224,9,1081
da02,1706842948674110,7.0718112,0.82066041,1.0622977,11,1082
da02,1706842948774127,7.0643568,0.83050382,1.0643098,9,1083
da02,1706842948874221,7.0638909,0.82519722,1.076882,8,1084
da02,1706842948974127,7.0554538,0.82897985,1.0795149,8,1085
da02,1706842949074093,7.0540962,0.83045179,1.0733826,9,1086
da02,1706842949174169,7.049489,0.84048504,1.0688233,9,1087
da02,1706842949274118,7.0543394,0.83010167,1.0727332,9,1088
da02,1706842949374084,7.0521388,0.830123,1.0720191,9,1089
da02,1706842949474147,7.0473905,0.83189011,1.0856041,8,1090
da02,1706842949574140,7.0489707,0.82059175,1.091677,8,1091
da02,1706842949674048,7.0735788,0.81436962,1.0812719,12,1092
da02,1706842949774151,7.0650706,0.8163951,1.0845517,8,1093
da02,1706842949874130,7.0617504,0.81721866,1.084713,8,1094
da02,1706842949974077,7.0550256,0.82077616,1.084353,8,1095
da02,1706842950074122,7.0382428,0.82144612,1.0816226,8,1096
da02,1706842950174136,7.0255656,0.82857913,1.0932821,9,1097
da02,1706842950274135,7.0348029,0.82603735,1.087937,9,1098
da02,1706842950374179,7.0481658,0.825677,1.0929238,9,1099
da02,1706842950474140,7.0483551,0.8215915,1.0840443,9,1100
da02,1706842950574208,7.232842,0.64905471,1.4166546,73,1101
da02,1706842950674166,7.2001977,0.69304603,1.3272876,11,1102
da02,1706842950774271,7.1569095,0.73062021,1.2652274,8,1103
da02,1706842950874245,7.1298051,0.75583774,1.2264599,8,1104
da02,1706842950974180,7.103435,0.77284414,1.1894995,8,1105
da02,1706842951074271,7.1004248,0.78732336,1.1605479,10,1106
da02,1706842951174259,7.1023545,0.79972219,1.1408556,11,1107
da02,1706842951274174,7.0962462,0.80300313,1.1159142,10,1108
da02,1706842951374242,7.101469,0.81719756,1.0973575,12,1109
da02,1706842951474204,7.0990162,0.81728464,1.0828238,11,1110
da02,1706842951574125,7.0983548,0.81392735,1.0819148,10,1111
da02,1706842951674204,7.0822191,0.8108331,1.0787146,8,1112
da02,1706842951774226,7.0665264,0.81858277,1.0766456,8,1113
da02,1706842951874168,7.0567303,0.82027078,1.0795926,7,1114
da02,1706842951974192,7.0747128,0.81742907,1.0742376,12,1115
da02,1706842952074224,7.0658331,0.82433569,1.0734919,8,1116
da02,1706842952174134,7.0577178,0.82534653,1.0783333,8,1117
da02,1706842952274193,7.0592904,0.82096052,1.0884515,8,1118
da02,1706842952374226,7.0688529,0.82191563,1.0889658,10,1119
da02,1706842952474143,7.0668273,0.82477641,1.0847304,9,1120
da02,1706842952574250,7.0633869,0.82766026,1.0797485,9,1121
da02,1706842952674212,7.066215,0.82575244,1.0796736,9,1122
da02,1706842952774154,7.0720696,0.83073372,1.0782238,10,1123
da02,1706842952874254,7.0746055,0.82843387,1.0845034,9,1124
da02,1706842952974267,7.0653896,0.83076996,1.0756202,9,1125
da02,1706842953074206,7.0580978,0.83286321,1.0717062,8,1126
da02,1706842953174301,7.0703554,0.82761806,1.0597339,12,1127
da02,1706842953274222,7.0772786,0.819058,1.064954,10,1128
da02,1706842953374180,7.0705051,0.82073712,1.0655316,9,1129
da02,1706842953474267,7.0540419,0.82066506,1.07627,8,1130
da02,1706842953574263,7.0484133,0.82642782,1.0690614,9,1131
da02,1706842953674195,7.0462327,0.8231979,1.0746754,8,1132
da02,1706842953774244,7.0379996,0.82930148,1.0770621,8,1133
da02,1706842953874201,7.0406032,0.8321557,1.0746531,9,1134
da02,1706842953974202,7.0549092,0.82696772,1.0737647,10,1135
da02,1706842954075812,7.0620718,0.83088732,1.0726504,10,1136
da02,1706842954174179,7.0675707,0.82598662,1.0693046,10,1137
da02,1706842954274706,7.0647373,0.82672423,1.0661218,9,1138
da02,1706842954374178,7.0754957,0.83599281,1.068473,11,1139
da02,1706842954474151,7.06583,0.82660538,1.0783244,7,1140
da02,1706842954574293,7.0722938,0.82316256,1.0757382,10,1141
da02,1706842954674154,7.07094,0.82541716,1.068001,10,1142
da02,1706842954774212,7.0803375,0.819311,1.0761448,10,1143
da02,1706842954874347,7.067421,0.82277423,1.0695858,8,1144
da02,1706842954974179,7.061594,0.82271528,1.0754881,8,1145
da02,1706842955074162,7.0618787,0.81827247,1.0735334,9,1146
da02,1706842955174296,7.0727954,0.81698942,1.0675715,11,1147
da02,1706842955274165,7.0656066,0.8194961,1.0743397,8,1148
da02,1706842955374197,7.0710349,0.8133046,1.0754023,10,1149
da02,1706842955474296,7.0825968,0.82269043,1.0662386,12,1150
da02,1706842955574184,7.0825405,0.82246,1.0641527,10,1151
da02,1706842955674186,7.0874534,0.82422,1.0632691,11,1152
da02,1706842955774310,7.0853696,0.82660472,1.0605446,10,1153
da02,1706842955874232,7.0907531,0.82625663,1.056172,11,1154
da02,1706842955974244,7.0833011,0.82464862,1.0628464,9,1155
da02,1706842956074351,7.0793514,0.84065413,1.0642236,10,1156
da02,1706842956174282,7.0709887,0.83242953,1.0638585,9,1157
da02,1706842956274260,7.0768514,0.82900023,1.0752783,9,1158
da02,1706842956374360,7.087523,0.84705776,1.0727848,12,1159
da02,1706842956474212,7.0870328,0.83891964,1.0632665,11,1160
da02,1706842956574228,7.0724063,0.83972013,1.0606515,8,1161
da02,1706842956674244,7.0675464,0.83993125,1.0696579,8,1162
da02,1706842956774226,7.0700126,0.84097004,1.0687994,10,1163
da02,1706842956874191,7.0827456,0.83140588,1.0711241,11,1164
da02,1706842956974310,7.069613,0.8325184,1.0748289,8,1165
da02,1706842957074206,7.0602684,0.8251822,1.0685689,8,1166
da02,1706842957174280,7.0448141,0.82545036,1.0858542,8,1167
da02,1706842957274440,7.0573015,0.82154727,1.0834872,10,1168
da02,1706842957374157,7.0617418,0.81555623,1.0807171,9,1169
da02,1706842957474157,7.056529,0.82031649,1.0786654,8,1170
da02,1706842957574281,7.0517864,0.82678235,1.0910331,8,1171
da02,1706842957674231,7.0541372,0.8205412,1.0913656,8,1172
da02,1706842957774225,7.0569177,0.82371777,1.0938408,9,1173
da02,1706842957874367,7.0546055,0.81597638,1.0860788,8,1174
da02,1706842957974248,7.0641131,0.82494664,1.0782892,11,1175
da02,1706842958074200,7.064013,0.82856244,1.0757531,9,1176
da02,1706842958174308,7.0608692,0.8319971,1.0723338,9,1177
da02,1706842958274264,7.0638032,0.83718008,1.0794296,9,1178
da02,1706842958374274,7.054266,0.83683246,1.0813627,7,1179
da02,1706842958474305,7.074832,0.82919556,1.0661656,13,1180
da02,1706842958574298,7.0828795,0.82592672,1.0634472,11,1181
da02,1706842958674272,7.074276,0.82845235,1.0716809,8,1182
da02,1706842958774312,7.0662241,0.83516777,1.0785962,8,1183
da02,1706842958874328,7.0622487,0.8305524,1.0788405,8,1184
da02,1706842958974335,7.0413156,0.83430946,1.0837951,8,1185
da02,1706842959074274,7.0368681,0.84294623,1.0785772,8,1186
da02,1706842959174276,7.0378556,0.84197754,1.0774252,8,1187
da02,1706842959274262,7.0501323,0.83701277,1.0647315,11,1188
da02,1706842959374286,7.0593076,0.83549333,1.059687,11,1189
da02,1706842959474372,7.0639243,0.832045,1.0595156,10,1190
da02,1706842959574252,7.0609274,0.82671374,1.065223,8,1191
da02,1706842959674210,7.0516605,0.82952493,1.0544807,9,1192
da02,1706842959774745,7.0432539,0.83074325,1.0566964,8,1193
da02,1706842959874282,7.0458517,0.82313579,1.0596677,9,1194
da02,1706842959974264,7.0438728,0.82446331,1.0676633,8,1195
da02,1706842960074336,7.0549884,0.82564557,1.0704948,10,1196
da02,1706842960174262,7.0575209,0.83094436,1.0716891,9,1197
da02,1706842960274246,7.0445862,0.83361661,1.0723072,8,1198
da02,1706842960374366,7.0467005,0.83432662,1.066642,9,1199
da02,1706842960474286,7.0476608,0.82655448,1.0688154,8,1200
da02,1706842960574281,7.0493708,0.8296836,1.0768296,8,1201
da02,1706842960674325,7.0575776,0.82991856,1.0765957,10,1202
da02,1706842960774320,7.0540128,0.84034532,1.0848567,8,1203
da02,1706842960874320,7.0485206,0.83439296,1.0809298,8,1204
da02,1706842960974342,7.0421023,0.831017,1.0789472,8,1205
da02,1706842961074396,7.0360584,0.83406526,1.0795853,8,1206
da02,1706842961174266,7.0541224,0.833714,1.0722156,11,1207
da02,1706842961274310,7.0586448,0.82207805,1.0653677,10,1208
da02,1706842961374350,7.0526757,0.82556915,1.0664055,8,1209
da02,1706842961474269,7.066597,0.82505077,1.0691626,11,1210
da02,1706842961574335,7.0709372,0.82270885,1.0708197,10,1211
da02,1706842961674297,7.0740314,0.82987547,1.0787795,9,1212
da02,1706842961774257,7.068512,0.82510829,1.0758816,9,1213
da02,1706842961874350,7.0672717,0.83088851,1.0784822,9,1214
da02,1706842961974282,7.0618367,0.83068627,1.0801297,8,1215
da02,1706842962074236,7.0646911,0.82730097,1.0747719,10,1216
da02,1706842962174339,7.0515876,0.82383108,1.0693926,8,1217
da02,1706842962274222,7.0684896,0.82228881,1.0715731,11,1218
da02,1706842962374272,7.0757518,0.82291186,1.0763071,10,1219
da02,1706842962474257,7.0689912,0.82170063,1.0836762,8,1220
da02,1706842962574277,7.0651731,0.8152526,1.075779,9,1221
da02,1706842962674282,7.0751972,0.81928259,1.0631413,12,1222
da02,1706842962774326,7.0788784,0.82140851,1.0643688,10,1223
da02,1706842962874328,7.0649242,0.81787187,1.0730652,7,1224
da02,1706842962974323,7.0581951,0.81939596,1.0773487,8,1225
da02,1706842963074308,7.0781779,0.81458408,1.0676097,12,1226
da02,1706842963174319,7.0718451,0.8233372,1.0718106,9,1227
da02,1706842963274308,7.07889,0.83415538,1.0747021,10,1228
da02,1706842963374325,7.0750914,0.83544046,1.0768586,9,1229
da02,1706842963474299,7.053462,0.84332865,1.0730979,8,1230
da02,1706842963574384,7.0678787,0.84437919,1.0709029,11,1231
da02,1706842963674350,7.0641336,0.84463644,1.0663155,9,1232
da02,1706842963774360,7.0603676,0.83353883,1.0671736,8,1233
da02,1706842963874502,7.049757,0.83595657,1.0707551,8,1234
da02,1706842963974492,7.0609565,0.83396024,1.0660312,11,1235
da02,1706842964074328,7.06252,0.8278268,1.0702913,9,1236
da02,1706842964174446,7.06435,0.82919896,1.0777476,9,1237
da02,1706842964274419,7.0595746,0.83391887,1.0772433,9,1238
da02,1706842964374314,7.0694456,0.83353972,1.0747645,11,1239
da02,1706842964474371,7.0696192,0.83016837,1.0724319,9,1240
da02,1706842964574652,7.0575428,0.828199,1.0753312,7,1241
da02,1706842964674474,7.0503893,0.82597113,1.0831033,7,1242
da02,1706842964774939,7.0566487,0.83756924,1.0800765,10,1243
da02,1706842964874390,7.06634,0.81937408,1.0795031,10,1244
da02,1706842964974357,7.0829468,0.82576144,1.0730082,12,1245
da02,1706842965074473,7.0873246,0.82928234,1.0733656,10,1246
da02,1706842965174332,7.0847168,0.81648088,1.072809,9,1247
da02,1706842965274860,7.0837603,0.81705922,1.0676776,10,1248
da02,1706842965374469,7.0726748,0.82067329,1.0712765,8,1249
da02,1706842965474376,7.0745683,0.82909477,1.0770216,9,1250
da02,1706842965574337,7.06574,0.83191186,1.082828,8,1251
da02,1706842965674452,7.0757642,0.82272232,1.0731602,11,1252
da02,1706842965774363,7.0773435,0.82696265,1.0707831,10,1253
da02,1706842965874328,7.0831342,0.83028841,1.0603709,11,1254
da02,1706842965974466,7.0847645,0.83299369,1.0671709,10,1255
da02,1706842966074389,7.0849237,0.82714963,1.0775993,9,1256
da02,1706842966174371,7.0846119,0.82762438,1.0820153,9,1257
da02,1706842966274481,7.0612178,0.82580042,1.0857743,8,1258
da02,1706842966374413,7.0706906,0.82292628,1.0910809,10,1259
da02,1706842966474363,7.061727,0.82503384,1.0929377,8,1260
da02,1706842966574502,7.046658,0.82580924,1.0874652,8,1261
da02,1706842966674423,7.0616946,0.82674938,1.0804884,11,1262
da02,1706842966774359,7.0551548,0.8155449,1.0886942,7,1263
da02,1706842966874500,7.051589,0.820308,1.0846481,8,1264
da02,1706842966974383,7.0642643,0.82151663,1.0745127,11,1265
da02,1706842967074355,7.073771,0.82242304,1.0669112,11,1266
da02,1706842967174460,7.0714016,0.81770027,1.0643709,9,1267
da02,1706842967274383,7.182488,0.81184053,1.0510495,67,1268
da02,1706842967374338,7.1497269,0.8194226,1.0576035,9,1269
da02,1706842967474422,7.1371059,0.82049072,1.051778,11,1270
da02,1706842967574342,7.1284556,0.81711406,1.055989,10,1271
da02,1706842967674338,7.1223397,0.81649858,1.0533631,11,1272
da02,1706842967774364,7.1085505,0.81589878,1.0535774,10,1273
da02,1706842967874370,7.0946426,0.8232069,1.0609155,9,1274
da02,1706842967974339,7.0946913,0.81874245,1.0644319,10,1275
da02,1706842968074482,7.095417,0.84460253,1.0575858,12,1276
da02,1706842968174447,7.0805464,0.84770751,1.0596544,8,1277
da02,1706842968274370,7.0773716,0.85231286,1.0675296,9,1278
da02,1706842968374513,7.0779066,0.83862686,1.0760349,9,1279
da02,1706842968474428,7.0743093,0.83987111,1.085845,8,1280
da02,1706842968574431,7.0677571,0.84458977,1.0789193,9,1281
da02,1706842968674518,7.044951,0.851902,1.0850925,9,1282
da02,1706842968774454,7.053391,0.85289043,1.0863341,9,1283
da02,1706842968874412,7.0496521,0.8389731,1.0776017,8,1284
da02,1706842968974437,7.0558877,0.83653235,1.0712124,10,1285
da02,1706842969074555,7.0505638,0.83653682,1.0594217,9,1286
da02,1706842969174372,7.0515018,0.84060931,1.0594853,9,1287
da02,1706842969274416,7.0561,0.83880514,1.065843,9,1288
da02,1706842969374402,7.0541787,0.83925277,1.070039,8,1289
da02,1706842969475985,7.0531945,0.834794,1.0652021,9,1290
da02,1706842969574453,7.0512824,0.8325932,1.0584388,9,1291
da02,1706842969674433,7.0534048,0.82421428,1.0541837,9,1292
da02,1706842969774396,7.0442262,0.82377809,1.0543519,8,1293
da02,1706842969874482,7.0499444,0.82245362,1.058454,9,1294
da02,1706842969974442,7.0556641,0.82667571,1.0679024,9,1295
da02,1706842970074422,7.0552306,0.81330514,1.07737,8,1296
da02,1706842970174490,7.0506124,0.81186116,1.0781014,8,1297
da02,1706842970274454,7.0707865,0.8182376,1.0739484,12,1298
da02,1706842970374418,7.0684047,0.8141669,1.070982,9,1299
da02,1706842970474472,7.0717344,0.82616645,1.067206,10,1300
da02,1706842970574442,7.0654526,0.833576,1.0635242,9,1301
da02,1706842970674440,7.0758085,0.83145446,1.062175,11,1302
da02,1706842970774418,7.068646,0.82964033,1.0647873,8,1303
da02,1706842970874542,7.0662451,0.83315426,1.0700794,9,1304
da02,1706842970974524,7.06186,0.83056653,1.0679712,9,1305
da02,1706842971074450,7.0557361,0.8389948,1.0730524,8,1306
da02,1706842971174540,7.067719,0.837364,1.0713542,11,1307
da02,1706842971274543,7.0605617,0.84044236,1.0678979,9,1308
da02,1706842971374482,7.0691071,0.83393329,1.0665967,10,1309
da02,1706842971474500,7.0640068,0.831123,1.0691508,8,1310
da02,1706842971574486,7.066617,0.83288419,1.0655947,10,1311
da02,1706842971674418,7.0724492,0.8304677,1.0696332,10,1312
da02,1706842971774487,7.0783453,0.8305856,1.0665971,11,1313
da02,1706842971874501,7.0878129,0.82815576,1.0598389,12,1314
da02,1706842971974426,7.0847921,0.83357471,1.0683504,9,1315
da02,1706842972074536,7.0799465,0.83244932,1.0648354,10,1316
da02,1706842972174502,7.0744467,0.8278991,1.0552038,10,1317
da02,1706842972274419,7.0677862,0.81688297,1.052647,9,1318
da02,1706842972374504,7.0572028,0.82391334,1.0543977,8,1319
da02,1706842972474515,7.1583447,0.82335627,1.0526235,66,1320
da02,1706842972574441,7.13859,0.822565,1.0552666,10,1321
da02,1706842972674552,7.1224675,0.83102518,1.0490801,11,1322
da02,1706842972774509,7.106317,0.82900357,1.0516427,9,1323
da02,1706842972874498,7.0979795,0.82935327,1.0620602,9,1324
da02,1706842972974560,7.084012,0.8337605,1.0554324,9,1325
da02,1706842973074550,7.0811958,0.83744192,1.058778,10,1326
da02,1706842973174486,7.0705018,0.82507575,1.0752094,7,1327
da02,1706842973274566,7.07308,0.82466114,1.06606,10,1328
da02,1706842973374490,7.0642376,0.82902062,1.065946,8,1329
da02,1706842973474443,7.0641227,0.83053333,1.062345,10,1330
da02,1706842973574470,7.0636482,0.83198172,1.0661765,9,1331
da02,1706842973674443,7.0656581,0.82862341,1.0670395,9,1332
da02,1706842973774464,7.0644503,0.82639587,1.0785987,8,1333
da02,1706842973874420,7.0619631,0.82956469,1.084167,8,1334
da02,1706842973974466,7.0579243,0.82526565,1.075384,9,1335
da02,1706842974074480,7.0544209,0.82799339,1.0733236,9,1336
da02,1706842974174445,7.0641513,0.82272762,1.0689152,10,1337
da02,1706842974274453,7.0556726,0.82495558,1.0652077,8,1338
da02,1706842974374606,7.0608783,0.82000387,1.0649757,10,1339
da02,1706842974474453,7.0707669,0.82618868,1.0563757,11,1340
da02,1706842974574476,7.0678444,0.82942617,1.0672072,8,1341
da02,1706842974674591,7.0583725,0.8333813,1.0612212,9,1342
da02,1706842974774477,7.0588779,0.83666456,1.0764529,8,1343
da02,1706842974874541,7.0506649,0.82760876,1.0611501,9,1344
da02,1706842974974617,7.05511,0.82833815,1.0618892,9,1345
da02,1706842975074499,7.0540223,0.81868953,1.0642116,8,1346
da02,1706842975174497,7.0560551,0.82421678,1.0679426,9,1347
da02,1706842975274577,7.0527296,0.82089233,1.0607755,9,1348
da02,1706842975374462,7.0567231,0.81888294,1.0526425,10,1349
da02,1706842975474650,7.0581689,0.81882566,1.0498961,10,1350
da02,1706842975574603,7.0565071,0.82012731,1.0705129,7,1351
da02,1706842975674529,7.0641432,0.81946456,1.0629604,11,1352
da02,1706842975774500,7.0624833,0.82592982,1.0638627,9,1353
da02,1706842975874630,7.0642719,0.83232564,1.0630064,10,1354
da02,1706842975974828,7.055016,0.83067459,1.0579727,8,1355
da02,1706842976074496,7.0488305,0.8308804,1.0607967,8,1356
da02,1706842976174712,7.0514197,0.8318494,1.0663517,9,1357
da02,1706842976275026,7.0513911,0.83324409,1.0839684,8,1358
da02,1706842976374516,7.0492873,0.82419705,1.0868932,8,1359
da02,1706842976474604,7.067584,0.81845438,1.0857484,11,1360
da02,1706842976574655,7.059411,0.81956506,1.0730363,9,1361
da02,1706842976674482,7.0551014,0.82637316,1.0674531,9,1362
da02,1706842976774606,7.058876,0.82138187,1.0772525,8,1363
da02,1706842976874526,7.0635824,0.82258219,1.0730463,10,1364
da02,1706842976974514,7.0638371,0.81215793,1.0748085,9,1365
da02,1706842977074609,7.0642595,0.81409162,1.0765364,9,1366
da02,1706842977174505,7.0650549,0.80842137,1.0805577,9,1367
da02,1706842977274541,7.0556216,0.81162411,1.0707817,8,1368
da02,1706842977374687,7.0569344,0.8147943,1.0741632,9,1369
da02,1706842977474541,7.0563917,0.81755626,1.0721478,9,1370
da02,1706842977574540,7.0483685,0.81916296,1.0699657,8,1371
da02,1706842977674792,7.05139,0.82618576,1.0602125,10,1372
da02,1706842977774570,7.0572639,0.82245409,1.0567565,10,1373
da02,1706842977874546,7.0558252,0.82629728,1.0577219,9,1374
da02,1706842977974608,7.0590734,0.820584,1.064757,9,1375
da02,1706842978074541,7.0701246,0.82126844,1.0833728,9,1376
da02,1706842978174559,7.0601292,0.82603329,1.084383,8,1377
da02,1706842978274618,7.0653729,0.82088572,1.0715443,10,1378
da02,1706842978374494,7.0742345,0.82002908,1.070467,10,1379
da02,1706842978474532,7.0688338,0.83080006,1.0712707,9,1380
da02,1706842978574577,7.0610528,0.83362478,1.0698541,8,1381
da02,1706842978674536,7.0593462,0.83831489,1.0825499,8,1382
da02,1706842978774516,7.0640254,0.82850814,1.0824628,9,1383
da02,1706842978874596,7.0544143,0.83144641,1.0840055,8,1384
da02,1706842978974561,7.0528965,0.83488232,1.0802275,9,1385
da02,1706842979074547,7.0597863,0.83757854,1.0754011,10,1386
da02,1706842979174559,7.0627437,0.83394176,1.0743147,9,1387
da02,1706842979274582,7.0752468,0.83470339,1.0759163,11,1388
da02,1706842979374536,7.0674238,0.83398783,1.0695698,9,1389
da02,1706842979474592,7.0615778,0.83224487,1.0758384,8,1390
da02,1706842979574580,7.0723925,0.8352387,1.0831739,10,1391
da02,1706842979674594,7.0721107,0.83781147,1.0781686,10,1392
da02,1706842979774585,7.0681605,0.83447206,1.0724124,9,1393
da02,1706842979875168,7.0618215,0.828522,1.0716928,8,1394
da02,1706842979974564,7.0593863,0.8218261,1.0736521,8,1395
da02,1706842980074555,7.0697446,0.82073438,1.0720478,10,1396
da02,1706842980174599,7.0723996,0.82805204,1.0734262,10,1397
da02,1706842980274588,7.0608263,0.82219595,1.0667715,8,1398
da02,1706842980374604,7.05736,0.82489145,1.0765686,8,1399
da02,1706842980474564,7.0611706,0.83302206,1.0753729,10,1400
da02,1706842980574570,7.0577197,0.82747912,1.0698346,9,1401
da02,1706842980674583,7.0687356,0.83476675,1.0621618,11,1402
da02,1706842980774596,7.0533371,0.83837777,1.0631312,8,1403
da02,1706842980874595,7.0609765,0.83268756,1.0700822,9,1404
da02,1706842980974638,7.06392,0.83546752,1.0769937,9,1405
da02,1706842981074635,7.0641479,0.84178478,1.0663007,10,1406
da02,1706842981174609,7.0560102,0.84007436,1.0570754,9,1407
da02,1706842981274602,7.0793176,0.82524592,1.0516204,13,1408
da02,1706842981374613,7.0700412,0.83059388,1.0551871,9,1409
da02,1706842981475040,7.0555825,0.82848513,1.0630175,8,1410
da02,1706842981574631,7.0496798,0.82661945,1.0649066,8,1411
da02,1706842981674696,7.0686059,0.8195284,1.0751433,10,1412
da02,1706842981774620,7.0688424,0.80311084,1.0778658,8,1413
da02,1706842981874629,7.075336,0.80481237,1.0737213,10,1414
da02,1706842981974684,7.0634007,0.80551046,1.0683855,8,1415
da02,1706842982074646,7.0722065,0.81893355,1.0703294,11,1416
da02,1706842982174564,7.0696545,0.82670414,1.0656788,10,1417
da02,1706842982274646,7.0622592,0.81780607,1.0665946,8,1418
da02,1706842982374643,7.0593271,0.8142153,1.0612184,9,1419
da02,1706842982474649,7.0551939,0.81330782,1.0670905,8,1420
da02,1706842982574635,7.0597816,0.8097735,1.0635964,10,1421
da02,1706842982674649,7.0482054,0.81591314,1.063841,8,1422
da02,1706842982774647,7.0531554,0.82630897,1.0623142,10,1423
da02,1706842982874611,7.0665565,0.8282755,1.0582125,11,1424
da02,1706842982974622,7.0546746,0.83622181,1.0551393,8,1425
da02,1706842983074678,7.0650959,0.82926995,1.057727,10,1426
da02,1706842983174590,7.0719304,0.83594477,1.068781,10,1427
da02,1706842983274715,7.0626388,0.83591568,1.0765802,8,1428
da02,1706842983374722,7.0477438,0.83239877,1.0911691,8,1429
da02,1706842983474594,7.0398359,0.83779711,1.0808328,8,1430
da02,1706842983574699,7.0403218,0.84662849,1.0869871,8,1431
da02,1706842983674706,7.0320663,0.84606272,1.0928402,8,1432
da02,1706842983774628,7.0368648,0.8473981,1.0820904,9,1433
da02,1706842983874724,7.0318146,0.84225315,1.0794384,7,1434
da02,1706842983974675,7.0252705,0.84433323,1.078859,8,1435
da02,1706842984074627,7.0334654,0.83557266,1.0804881,8,1436
da02,1706842984174724,7.0426087,0.83278966,1.0808702,9,1437
da02,1706842984274726,7.0416589,0.83934343,1.0681872,9,1438
da02,1706842984374630,7.046051,0.83717781,1.0601716,10,1439
da02,1706842984474744,7.0527735,0.83662349,1.0650252,9,0
da02,1706842984574728,7.0628681,0.83142287,1.067168,10,1
da02,1706842984674591,7.0726867,0.82977968,1.0727327,10,2
da02,1706842984774708,7.0583,0.82938755,1.0751814,8,3
da02,1706842984876361,7.0569186,0.83555543,1.0778627,9,4
da02,1706842984974652,7.0605235,0.83693117,1.0738194,10,5
da02,1706842985074651,7.0633802,0.82669181,1.078582,9,6
da02,1706842985174720,7.07073,0.83074832,1.0719343,11,7
da02,1706842985274611,7.0670538,0.83362037,1.072976,9,8
da02,1706842985374718,7.0700669,0.83362323,1.0716074,10,9
da02,1706842985474702,7.0617032,0.82936811,1.0706931,8,10
da02,1706842985574596,7.0657511,0.825183,1.0708413,10,11
da02,1706842985674724,7.0590858,0.83130658,1.0675132,9,12
da02,1706842985774728,7.06446,0.83263,1.0689223,10,13
da02,1706842985874604,7.0650368,0.83368033,1.0594716,10,14
da02,1706842985974734,7.0777321,0.83604342,1.060056,11,15
da02,1706842986074754,7.0829778,0.83957642,1.0671297,10,16
da02,1706842986174636,7.0891943,0.84451783,1.0688534,11,17
da02,1706842986274886,7.0754795,0.84909934,1.0712445,8,18
da02,1706842986374765,7.0738664,0.83547467,1.0666486,9,19
da02,1706842986474608,7.0713825,0.8331005,1.0659375,9,20
da02,1706842986574737,7.0554624,0.82925445,1.067228,7,21
da02,1706842986674764,7.059855,0.82962286,1.062385,10,22
da02,1706842986774642,7.0646863,0.82950574,1.0633031,10,23
da02,1706842986874796,7.0687146,0.82792139,1.0646819,10,24
da02,1706842986974760,7.059032,0.83328849,1.0672946,8,25
da02,1706842987074661,7.0598483,0.83292961,1.0695248,9,26
da02,1706842987174752,7.0707932,0.83396417,1.0652934,11,27
da02,1706842987275764,7.0629478,0.83338112,1.0656888,8,28
da02,1706842987374567,7.0642595,0.83610052,1.0588131,10,29
da02,1706842987474610,7.0661197,0.8317396,1.0577363,10,30
da02,1706842987574711,7.0731487,0.83524138,1.0614984,10,31
da02,1706842987674585,7.0754,0.83523339,1.0616736,10,32
da02,1706842987774628,7.0751162,0.83814144,1.0683047,9,33
da02,1706842987874752,7.0730572,0.83665133,1.062426,10,34
da02,1706842987974572,7.0853434,0.83455706,1.0619797,11,35
da02,1706842988074814,7.0780497,0.8342405,1.0647793,9,36
da02,1706842988174690,7.0806756,0.82961833,1.0672567,10,37
da02,1706842988274585,7.06765,0.832705,1.0674433,8,38
da02,1706842988374578,7.062397,0.83837408,1.0751197,8,39
da02,1706842988474732,7.0596933,0.83711791,1.0711321,9,40
da02,1706842988574600,7.066422,0.83889443,1.0693524,10,41
da02,1706842988674602,7.0711541,0.8338232,1.0761579,9,42
da02,1706842988774712,7.0826359,0.83909565,1.0785149,11,43
da02,1706842988874597,7.075038,0.82752669,1.0742929,9,44
da02,1706842988974584,7.0631905,0.82134485,1.0836546,7,45
da02,1706842989074764,7.0725713,0.82264084,1.0764877,11,46
da02,1706842989174645,7.0655756,0.67305434,1.0394223,70,47
da02,1706842989274631,7.0601263,0.71487993,1.0581458,8,48
da02,1706842989374836,7.0683069,0.74580973,1.0524716,11,49
da02,1706842989474654,7.0565948,0.76268762,1.0596453,7,50
da02,1706842989574671,7.0640583,0.78413451,1.0686949,10,51
da02,1706842989674744,7.0574732,0.79856586,1.0755354,8,52
da02,1706842989774764,7.0524058,0.81725848,1.0756707,8,53
da02,1706842989874740,7.0510468,0.82130212,1.068049,9,54
da02,1706842989974643,7.0653672,0.82417762,1.0597965,12,55
da02,1706842990075238,7.0757856,0.82101887,1.062088,11,56
da02,1706842990174745,7.0705094,0.82331777,1.0672464,9,57
da02,1706842990274654,7.0822973,0.82227719,1.0689108,11,58
da02,1706842990374796,7.071682,0.81784105,1.0738533,8,59
da02,1706842990474748,7.0727444,0.82366246,1.0705324,10,60
da02,1706842990574844,7.0813317,0.82065469,1.0663713,11,61
da02,1706842990674718,7.0864921,0.82280952,1.0762901,10,62
da02,1706842990774690,7.079299,0.8250826,1.0727674,9,63
da02,1706842990874764,7.0731626,0.82524621,1.074894,9,64
da02,1706842990974711,7.0703216,0.83474684,1.074013,9,65
da02,1706842991074725,7.0624952,0.83959651,1.0702615,9,66
da02,1706842991174770,7.0487428,0.83748895,1.0715499,8,67
da02,1706842991274755,7.0476003,0.83271229,1.065227,9,68
da02,1706842991374888,7.0531197,0.83623356,1.0712535,9,69
da02,1706842991474778,7.0731678,0.83059657,1.0605714,12,70
da02,1706842991574691,7.0715055,0.83651304,1.0660377,9,71
da02,1706842991674695,7.0853715,0.82545918,1.0766982,10,72
da02,1706842991774830,7.086834,0.83020335,1.0694735,11,73
da02,1706842991874729,7.0834389,0.82693875,1.0667796,10,74
da02,1706842991974718,7.0819507,0.83014274,1.0624914,10,75
da02,1706842992074799,7.0809431,0.8257882,1.0609124,10,76
da02,1706842992174706,7.0673962,0.83464074,1.0669395,8,77
da02,1706842992274686,7.05372,0.82368094,1.0655721,7,78
da02,1706842992374870,7.0750632,0.8252511,1.0660455,12,79
da02,1706842992474711,7.0677638,0.82083714,1.072808,8,80
da02,1706842992574694,7.0622797,0.81868988,1.070648,9,81
da02,1706842992674717,7.0702376,0.826544,1.0753458,10,82
da02,1706842992774723,7.0594397,0.83074367,1.0762711,8,83
da02,1706842992874692,7.0506244,0.83126307,1.0775824,8,84
da02,1706842992974703,7.0517111,0.82651907,1.0774328,9,85
da02,1706842993074712,7.06592,0.82472575,1.0657738,12,86
da02,1706842993174690,7.0734305,0.82739854,1.0640631,11,87
da02,1706842993274721,7.0658627,0.840789,1.0647665,9,88
da02,1706842993374744,7.0542245,0.82002747,1.06234,7,89
da02,1706842993474761,7.0593796,0.81778544,1.0659063,9,90
da02,1706842993574788,7.0603547,0.82988745,1.0686964,9,91
da02,1706842993674786,7.0447631,0.83684605,1.0770586,8,92
da02,1706842993774840,7.0445247,0.83783424,1.0711495,9,93
da02,1706842993874827,7.0456419,0.82852787,1.0594761,9,94
da02,1706842993974834,7.0433121,0.83002853,1.0630326,8,95
da02,1706842994074816,7.0503626,0.82824194,1.0726249,9,96
da02,1706842994174729,7.0583992,0.82321596,1.0754411,9,97
da02,1706842994274737,7.0523071,0.81442362,1.0728245,8,98
da02,1706842994374838,7.0501285,0.82437092,1.0690752,9,99
da02,1706842994474746,7.0440784,0.82277352,1.0683497,8,100
da02,1706842994574773,7.0567312,0.82066125,1.0707124,10,101
da02,1706842994674813,7.0650654,0.82020175,1.0693328,10,102
da02,1706842994774766,7.0617051,0.8224057,1.0626481,9,103
da02,1706842994874805,7.0636649,0.83084059,1.0586761,10,104
da02,1706842994974812,7.0705504,0.83428138,1.0521832,11,105
da02,1706842995074742,7.0824356,0.82490623,1.052101,11,106
da02,1706842995175337,7.0743351,0.82733494,1.0604132,8,107
da02,1706842995274806,7.07288,0.82704538,1.0571966,10,108
da02,1706842995374836,7.066957,0.818147,1.0520965,9,109
da02,1706842995474827,7.077672,0.82255107,1.0492388,11,110
da02,1706842995574818,7.0703583,0.82706219,1.057586,8,111
da02,1706842995674755,7.0599537,0.82851857,1.0632638,8,112
da02,1706842995774831,7.0540457,0.83002156,1.0658733,8,113
da02,1706842995874811,7.0576673,0.82672924,1.0757318,8,114
da02,1706842995974760,7.0503821,0.83057731,1.0700005,8,115
da02,1706842996074829,7.0510893,0.82977152,1.067979,9,116
da02,1706842996174846,7.0520954,0.82320637,1.0619687,9,117
da02,1706842996274754,7.0486484,0.81893283,1.0638055,8,118
da02,1706842996374834,7.0420809,0.82617176,1.064482,8,119
da02,1706842996474846,7.0457106,0.82125151,1.0607392,9,120
da02,1706842996574786,7.0430474,0.82046735,1.0614959,8,121
da02,1706842996674877,7.0505095,0.824069,1.0698158,9,122
da02,1706842996774906,7.0534525,0.82485694,1.0786521,8,123
da02,1706842996874849,7.0472937,0.82469118,1.0707508,8,124
da02,1706842996974878,7.0550508,0.8392297,1.0702505,10,125
da02,1706842997074912,7.0585155,0.71145952,1.0374041,70,126
da02,1706842997174787,7.0468841,0.74249244,1.050772,8,127
da02,1706842997274923,7.0614944,0.76351893,1.0515605,11,128
da02,1706842997374912,7.0642905,0.7835741,1.0669117,9,129
da02,1706842997474821,7.0711393,0.79088908,1.0671785,10,130
da02,1706842997574852,7.0632796,0.79659003,1.0656742,8,131
da02,1706842997674838,7.0750065,0.79845852,1.06825,11,132
da02,1706842997774787,7.0836906,0.80894536,1.0579485,12,133
da02,1706842997874847,7.0807624,0.80685538,1.0594636,9,134
da02,1706842997974864,7.065546,0.80881029,1.0714599,8,135
da02,1706842998074777,7.0610003,0.80927086,1.0744753,8,136
da02,1706842998174884,7.0597911,0.81530744,1.0703597,9,137
da02,1706842998275370,7.0745182,0.82604557,1.0642406,12,138
da02,1706842998374826,7.0792422,0.820143,1.0617559,10,139
da02,1706842998474849,7.0826583,0.82356691,1.0623689,10,140
da02,1706842998574858,7.0884957,0.837339,1.0657483,11,141
da02,1706842998674798,7.0761905,0.83811957,1.0705618,8,142
da02,1706842998774872,7.0758076,0.83474112,1.0693556,10,143
da02,1706842998874859,7.060257,0.83345926,1.0754153,8,144
da02,1706842998974804,7.0658379,0.82600671,1.0771822,9,145
da02,1706842999074860,7.0711718,0.82043445,1.0782304,10,146
da02,1706842999174869,7.0670934,0.819612,1.0669287,10,147
da02,1706842999274815,7.0600924,0.82712835,1.0645788,9,148
da02,1706842999374910,7.0518308,0.83118194,1.0681959,8,149
da02,1706842999474912,7.0667171,0.83194774,1.0623627,11,150
da02,1706842999574841,7.0747561,0.83544677,1.060915,11,151
da02,1706842999674902,7.0705514,0.83119816,1.0601635,9,152
da02,1706842999774942,7.0558925,0.83341432,1.0682099,8,153
da02,1706842999874943,7.0555797,0.83271396,1.0604737,10,154
da02,1706842999974826,7.0575085,0.83991128,1.0718662,9,155
da02,1706843000074826,7.0616074,0.84722042,1.0778337,9,156
da02,1706843000175385,7.0479908,0.847718,1.0748851,8,157
da02,1706843000276355,7.0690746,0.82940292,1.0666814,12,158
da02,1706843000374826,7.07058,0.82146758,1.0643386,10,159
da02,1706843000474886,7.0848718,0.82947183,1.0739777,11,160
da02,1706843000574790,7.0667181,0.82648796,1.0843824,8,161
da02,1706843000674807,7.0541916,0.82766163,1.085328,8,162
da02,1706843000774916,7.070889,0.81917089,1.0865953,11,163
da02,1706843000874785,7.0734463,0.81454062,1.0841668,9,164
da02,1706843000974814,7.0832877,0.81789953,1.0863626,10,165
da02,1706843001074821,7.083446,0.81848961,1.0802947,10,166
da02,1706843001174914,7.0784445,0.82701552,1.0859748,9,167
da02,1706843001274896,7.0715051,0.81882292,1.08262,8,168
da02,1706843001374872,7.0677023,0.82017648,1.0833317,9,169
da02,1706843001474884,7.0755076,0.82319218,1.0869051,10,170
da02,1706843001574889,7.0717583,0.82905954,1.0880868,9,171
da02,1706843001674828,7.070612,0.82529306,1.0834005,9,172
da02,1706843001774916,7.0684752,0.82912624,1.0899458,8,173
da02,1706843001874909,7.0658555,0.82415426,1.0925989,8,174
da02,1706843001974874,7.069016,0.83315212,1.0999687,9,175
da02,1706843002074960,7.0676942,0.83354861,1.0992433,9,176
da02,1706843002174941,7.0609388,0.83716434,1.0936614,8,177
da02,1706843002274850,7.066812,0.82507175,1.0833368,10,178
da02,1706843002374938,7.066443,0.82716048,1.0802225,9,179
da02,1706843002474952,7.0701566,0.8415817,1.068444,11,180
da02,1706843002574907,7.0638409,0.84775138,1.0641539,9,181
da02,1706843002674872,7.0565825,0.84374011,1.0613382,9,182
da02,1706843002774880,7.0683208,0.84201735,1.0667149,10,183
da02,1706843002875038,7.0620394,0.82740337,1.0729136,8,184
da02,1706843002974895,7.0427756,0.82489979,1.0740511,8,185
da02,1706843003074844,7.0446024,0.823933,1.0872111,7,186
da02,1706843003175034,7.0459962,0.82436711,1.0860193,8,187
da02,1706843003274832,7.050777,0.83001947,1.0795382,10,188
da02,1706843003374853,7.0663781,0.82618576,1.0742658,11,189
da02,1706843003474938,7.057023,0.824501,1.0746909,8,190
da02,1706843003574866,7.0681772,0.83472157,1.0703269,11,191
da02,1706843003674844,7.0702848,0.82392794,1.075332,9,192
da02,1706843003774888,7.0832777,0.82161707,1.0781348,11,193
da02,1706843003874982,7.0809703,0.83127385,1.0817745,9,194
da02,1706843003974933,7.0853119,0.842708,1.0818881,11,195
da02,1706843004074883,7.0795817,0.83785707,1.0684108,10,196
da02,1706843004174934,7.0694666,0.8407737,1.0694913,8,197
da02,1706843004274937,7.0657187,0.84151667,1.0700966,9,198
da02,1706843004374932,7.0717516,0.83920348,1.0699459,10,199
da02,1706843004474950,7.0896144,0.82154787,1.063207,12,200
da02,1706843004574950,7.0695109,0.82130843,1.0703918,8,201
da02,1706843004674892,7.0642195,0.82724726,1.0738196,8,202
da02,1706843004774984,7.0632434,0.83547539,1.0755885,9,203
da02,1706843004874946,7.0662713,0.84581,1.0748216,10,204
da02,1706843004974882,7.0668874,0.83750439,1.0707192,9,205
da02,1706843005074928,7.0563383,0.82619613,1.0854417,7,206
da02,1706843005175456,7.0480204,0.82150233,1.0812678,8,207
da02,1706843005274885,7.045608,0.81651092,1.0817212,8,208
da02,1706843005374957,7.0576978,0.82713872,1.0844005,10,209
da02,1706843005474962,7.0531621,0.82602119,1.0793005,8,210
da02,1706843005574944,7.0581846,0.82383329,1.0703752,10,211
da02,1706843005674814,7.0649161,0.82475513,1.0814494,9,212
da02,1706843005774878,7.0658154,0.8251105,1.0729737,10,213
da02,1706843005875037,7.066771,0.83171117,1.0698396,10,214
da02,1706843005974942,7.0623274,0.82499343,1.0663823,9,215
da02,1706843006074900,7.0466275,0.83067638,1.0641564,8,216
da02,1706843006174991,7.0416741,0.83615607,1.061009,8,217
da02,1706843006274903,7.0535131,0.82433277,1.0585748,10,218
da02,1706843006374944,7.0598125,0.83221358,1.0664457,9,219
da02,1706843006474904,7.0600777,0.83023638,1.0709112,9,220
da02,1706843006574954,7.0378466,0.83142871,1.0788128,8,221
da02,1706843006674953,7.0416875,0.83041006,1.0745883,9,222
da02,1706843006774926,7.0511513,0.82448834,1.070684,10,223
da02,1706843006874956,7.0509362,0.82252425,1.0767039,8,224
da02,1706843006974989,7.0519657,0.8188659,1.0726366,9,225
da02,1706843007074898,7.0655293,0.80732429,1.0600953,11,226
da02,1706843007175008,7.0666056,0.81505668,1.0553019,10,227
da02,1706843007274978,7.0583348,0.81617087,1.0601661,8,228
da02,1706843007374922,7.0771632,0.83072609,1.0697492,11,229
da02,1706843007474963,7.0731325,0.82690239,1.0688843,9,230
da02,1706843007574997,7.0720868,0.81998038,1.0614537,10,231
da02,1706843007674870,7.080194,0.80172443,1.0749757,9,232
da02,1706843007775029,7.0765705,0.80407381,1.0683889,10,233
da02,1706843007875020,7.0763111,0.79570788,1.063593,10,234
da02,1706843007975050,7.0782137,0.80184591,1.0632175,10,235
da02,1706843008074880,7.0765538,0.80485767,1.0758431,8,236
da02,1706843008175090,7.0604491,0.8102811,1.0826875,8,237
da02,1706843008274987,7.0654726,0.8157019,1.087528,9,238
da02,1706843008375264,7.0647068,0.81747848,1.0877719,9,239
da02,1706843008475018,7.0586815,0.82519007,1.077461,9,240
da02,1706843008574927,7.0595832,0.82692069,1.0695755,10,241
da02,1706843008674963,7.0542054,0.82511479,1.0667799,8,242
da02,1706843008774984,7.05127,0.82605666,1.0613143,9,243
da02,1706843008874970,7.0606008,0.82350314,1.0608807,10,244
da02,1706843008975073,7.0644641,0.82467461,1.0484107,11,245
da02,1706843009075034,7.0611911,0.83016521,1.0559932,9,246
da02,1706843009174916,7.0680642,0.82549042,1.0527693,10,247
da02,1706843009275515,7.0704374,0.827903,1.0554039,10,248
da02,1706843009375011,7.0779886,0.82867944,1.0556576,11,249
da02,1706843009474907,7.064167,0.82897276,1.0607133,8,250
da02,1706843009575017,7.053103,0.82543635,1.0647804,7,251
da02,1706843009675013,7.066443,0.83091432,1.0687139,11,252
da02,1706843009774924,7.0710955,0.83465767,1.0627091,11,253
da02,1706843009874993,7.0768623,0.83854622,1.0655973,10,254
da02,1706843009975037,7.0637097,0.83599555,1.0692136,8,255
da02,1706843010074938,7.059505,0.83635813,1.0787693,8,256
da02,1706843010175535,7.0647779,0.83648539,1.0697999,10,257
da02,1706843010275044,7.0561075,0.8374033,1.0818415,8,258
da02,1706843010375018,7.061842,0.83761162,1.0748351,10,259
da02,1706843010475001,7.0632019,0.82944304,1.0765418,9,260
da02,1706843010575010,7.0580087,0.83038586,1.0727836,9,261
da02,1706843010674933,7.0503764,0.82690668,1.0721767,8,262
da02,1706843010775027,7.0480037,0.82652271,1.0867754,8,263
da02,1706843010875016,7.0525956,0.83576214,1.0788418,10,264
da02,1706843010974928,7.0501542,0.828331,1.0837528,8,265
da02,1706843011075014,7.0626664,0.80794543,1.0844386,10,266
da02,1706843011175025,7.0603929,0.80716115,1.0808228,9,267
da02,1706843011275013,7.0673885,0.81269389,1.0765805,10,268
da02,1706843011374923,7.0752544,0.81869727,1.0822085,10,269
da02,1706843011474921,7.0800972,0.81989497,1.0742652,11,270
da02,1706843011575005,7.0704589,0.81344885,1.074427,8,271
da02,1706843011674916,7.054697,0.81899768,1.0750382,8,272
da02,1706843011774905,7.0569887,0.81843823,1.0867008,8,273
da02,1706843011875108,7.0613823,0.81880784,1.0924786,9,274
da02,1706843011974967,7.064734,0.81685519,1.0922978,9,275
da02,1706843012075022,7.0691724,0.81581545,1.0867668,10,276
da02,1706843012174969,7.0729442,0.81015438,1.0860507,9,277
da02,1706843012274992,7.0757246,0.8104369,1.0793548,10,278
da02,1706843012375055,7.0745707,0.82141036,1.0798405,9,279
da02,1706843012474956,7.0841713,0.82194912,1.0789751,11,280
da02,1706843012575048,7.0914421,0.81901073,1.0734926,11,281
da02,1706843012675030,7.10069,0.81870872,1.0741335,11,282
da02,1706843012774964,7.0845609,0.82385796,1.0667988,9,283
da02,1706843012875037,7.0779696,0.81797075,1.0707396,8,284
da02,1706843012975036,7.0801129,0.82568765,1.0656409,11,285
da02,1706843013074950,7.066947,0.82341379,1.0630273,8,286
da02,1706843013175056,7.0707316,0.8275162,1.0594016,10,287
da02,1706843013275091,7.0701985,0.82486278,1.0670804,9,288
da02,1706843013375130,7.0792665,0.83166367,1.0632409,11,289
da02,1706843013475135,7.0811872,0.82690907,1.0722679,9,290
da02,1706843013575104,7.0776463,0.82598466,1.0646861,10,291
da02,1706843013674965,7.07318,0.8192299,1.0626409,9,292
da02,1706843013775076,7.0850124,0.82182318,1.0686406,11,293
da02,1706843013878448,7.0858536,0.82369041,1.0674438,10,294
da02,1706843013975112,7.0977087,0.82115841,1.061466,12,295
da02,1706843014074956,7.0847569,0.81780773,1.0617902,9,296
da02,1706843014174962,7.0822663,0.81732863,1.0545208,10,297
da02,1706843014275032,7.0745587,0.82357174,1.0564096,9,298
da02,1706843014374974,7.0620914,0.818013,1.0639864,7,299
da02,1706843014474949,7.0486732,0.82882541,1.0628477,8,300
da02,1706843014575049,7.0539079,0.8112402,1.0576829,9,301
da02,1706843014674926,7.0677238,0.82623,1.0639518,11,302
da02,1706843014774955,7.0537114,0.83306986,1.0683479,8,303
da02,1706843014875127,7.0585923,0.82566613,1.0800279,8,304
da02,1706843014974974,7.0638795,0.81640077,1.0809302,9,305
da02,1706843015075088,7.0555081,0.81688488,1.0693667,9,306
da02,1706843015175043,7.047327,0.81898075,1.0744399,7,307
da02,1706843015275056,7.048738,0.82446909,1.0686038,9,308
da02,1706843015375114,7.0612278,0.83203775,1.0701195,11,309
da02,1706843015475055,7.0680246,0.82906973,1.0754044,10,310
da02,1706843015575112,7.062933,0.82001525,1.0684755,9,311
da02,1706843015676624,7.0677381,0.8238138,1.0669065,10,312
da02,1706843015775018,7.0736704,0.82443124,1.0682427,10,313
da02,1706843015875058,7.0846305,0.8264938,1.0669594,11,314
da02,1706843015975086,7.0710444,0.82771581,1.07134,8,315
da02,1706843016074987,7.0619216,0.69234264,1.0479851,70,316
da02,1706843016175094,7.0495048,0.72370255,1.0534523,7,317
da02,1706843016275081,7.0428224,0.74912,1.0586981,8,318
da02,1706843016375076,7.054544,0.77225417,1.0507921,11,319
da02,1706843016475082,7.0524287,0.77772027,1.0603151,8,320
da02,1706843016575111,7.0586324,0.79651427,1.0663273,10,321
da02,1706843016675087,7.0600643,0.79717219,1.059817,10,322
da02,1706843016775006,7.0677629,0.81456977,1.0586603,11,323
da02,1706843016875014,7.0737286,0.81411779,1.0647694,10,324
da02,1706843016975092,7.0780544,0.823864,1.0688363,10,325
da02,1706843017075008,7.0801258,0.82887316,1.0828313,9,326
da02,1706843017174972,7.0835528,0.83985728,1.07498,11,327
da02,1706843017275046,7.0808339,0.84196043,1.0810395,9,328
da02,1706843017374967,7.0815778,0.83536422,1.0873065,9,329
da02,1706843017474986,7.0829258,0.83198261,1.0796795,10,330
da02,1706843017575083,7.0828381,0.82612789,1.0656493,11,331
da02,1706843017674956,7.07584,0.818162,1.0860821,7,332
da02,1706843017775160,7.0708809,0.82415366,1.0873895,9,333
da02,1706843017875116,7.0580096,0.82861227,1.079349,8,334
da02,1706843017975167,7.0556107,0.83163881,1.0763683,9,335
da02,1706843018075148,7.0657883,0.82243448,1.0839363,9,336
da02,1706843018175120,7.0745096,0.82343137,1.0804745,10,337
da02,1706843018275154,7.0809083,0.831973,1.0842441,10,338
da02,1706843018375117,7.076014,0.82334393,1.0783577,9,339
da02,1706843018475034,7.0772648,0.81993544,1.0749102,10,340
da02,1706843018575124,7.0744033,0.815437,1.0751983,9,341
da02,1706843018675131,7.0785279,0.8259427,1.0808334,10,342
da02,1706843018775040,7.0855827,0.82568693,1.0827136,10,343
da02,1706843018875165,7.0810113,0.81936473,1.0858884,9,344
da02,1706843018975160,7.0654607,0.67132455,1.0602642,70,345
da02,1706843019075060,7.0696535,0.71120989,1.0566094,10,346
da02,1706843019175159,7.0715876,0.74450648,1.0514483,10,347
da02,1706843019275152,7.08162,0.75902325,1.0586336,10,348
da02,1706843019375231,7.0740585,0.78092676,1.0636605,9,349
da02,1706843019475093,7.0697751,0.8059423,1.0673995,9,350
da02,1706843019575029,7.0632548,0.81685442,1.0684363,9,351
da02,1706843019675083,7.0549736,0.82275325,1.0693729,8,352
da02,1706843019775030,7.0529361,0.82766265,1.0640485,9,353
da02,1706843019875004,7.0595694,0.82355088,1.0631291,10,354
da02,1706843019975098,7.0605874,0.82863349,1.0647491,9,355
da02,1706843020075004,7.073308,0.82435256,1.0730929,10,356
da02,1706843020175128,7.0756111,0.82149315,1.0648178,10,357
da02,1706843020275704,7.0853529,0.81713825,1.0748985,10,358
da02,1706843020375059,7.077776,0.81480324,1.0750669,9,359
da02,1706843020475059,7.0789719,0.81315422,1.0734919,10,360
da02,1706843020575195,7.0637374,0.81846523,1.0709549,8,361
da02,1706843020675072,7.0552382,0.82851416,1.0651351,9,362
da02,1706843020775063,7.0527911,0.82887036,1.0777392,8,363
da02,1706843020875275,7.0384688,0.82785183,1.0864326,8,364
da02,1706843020975082,7.0540586,0.82411391,1.0850558,10,365
da02,1706843021075073,7.0803618,0.82529628,1.0769758,13,366
da02,1706843021175184,7.0831561,0.82442307,1.0754364,10,367
da02,1706843021275080,7.0763321,0.83108145,1.0801494,9,368
da02,1706843021375059,7.0703812,0.81702936,1.0703982,9,369
da02,1706843021475182,7.0686741,0.82482928,1.0743697,9,370
da02,1706843021575088,7.06859,0.82744724,1.0646025,10,371
da02,1706843021675080,7.0585556,0.83327723,1.0700012,8,372
da02,1706843021775198,7.0567579,0.83665109,1.0683867,9,373
da02,1706843021875045,7.0536146,0.83200294,1.0742285,8,374
da02,1706843021975047,7.0558138,0.82970423,1.0777974,9,375
da02,1706843022075195,7.0537949,0.8425352,1.0747736,9,376
da02,1706843022175078,7.0635548,0.8414796,1.0724947,10,377
da02,1706843022275054,7.0476756,0.83732504,1.0821767,8,378
da02,1706843022375273,7.0494995,0.83106554,1.0808785,9,379
da02,1706843022475106,7.0625644,0.83737886,1.0780077,11,380
da02,1706843022575066,7.058919,0.84487444,1.0814105,8,381
da02,1706843022675191,7.0531421,0.8490715,1.0740938,9,382
da02,1706843022775091,7.0367517,0.8482312,1.0795801,8,383
da02,1706843022875096,7.052331,0.84199685,1.0833644,10,384
da02,1706843022975197,7.05649,0.82897919,1.0867302,8,385
da02,1706843023075111,7.0735989,0.83364147,1.0841305,11,386
da02,1706843023175120,7.0822239,0.83683449,1.0691713,12,387
da02,1706843023275094,7.0733457,0.84035635,1.0760399,8,388
da02,1706843023375135,7.06836,0.8336947,1.0790203,8,389
da02,1706843023475072,7.0711651,0.82580763,1.0774349,9,390
da02,1706843023575075,7.0743756,0.82332808,1.0694724,10,391
da02,1706843023675065,7.0743885,0.8258419,1.0768484,9,392
da02,1706843023775083,7.0649624,0.82238597,1.078064,8,393
da02,1706843023875197,7.0570612,0.82393944,1.0741587,8,394
da02,1706843023975110,7.0623422,0.81661791,1.0720458,10,395
da02,1706843024075123,7.0463734,0.81693137,1.0648404,7,396
da02,1706843024175100,7.0539246,0.8129167,1.0568181,10,397
da02,1706843024275086,7.0625415,0.81704175,1.0548,10,398
da02,1706843024375216,7.0760241,0.81347734,1.0533557,11,399
da02,1706843024475163,7.0704474,0.80906188,1.0568159,9,400
da02,1706843024575253,7.0737648,0.81525338,1.0554296,10,401
da02,1706843024675278,7.0563259,0.82450575,1.0559974,8,402
da02,1706843024775154,7.0513973,0.82250553,1.0627817,8,403
da02,1706843024875339,7.0512524,0.81204331,1.0717678,8,404
da02,1706843024975272,7.0512319,0.8228718,1.0818862,8,405
da02,1706843025075227,7.0570626,0.82440048,1.0819969,9,406
da02,1706843025175234,7.0494518,0.835794,1.0873398,8,407
da02,1706843025275161,7.0587592,0.83678365,1.081143,10,408
da02,1706843025375354,7.0626774,0.83716834,1.0708094,10,409
da02,1706843025475136,7.0814548,0.82898682,1.0743251,11,410
da02,1706843025575138,7.0812087,0.83084822,1.0816238,9,411
da02,1706843025675207,7.0798697,0.83457363,1.0729413,10,412
da02,1706843025775105,7.0679092,0.83002132,1.0795962,7,413
da02,1706843025875102,7.0659885,0.83524889,1.0944401,8,414
da02,1706843025975244,7.0607672,0.84068835,1.0905077,9,415
da02,1706843026075129,7.0627432,0.83362114,1.0900533,9,416
da02,1706843026175132,7.0512614,0.82641947,1.072291,8,417
da02,1706843026275137,7.0650206,0.8350265,1.0716745,11,418
da02,1706843026375140,7.0708332,0.8335492,1.0772939,10,419
da02,1706843026475128,7.0813661,0.8321954,1.0736482,11,420
da02,1706843026575123,7.0793762,0.82052463,1.0863947,8,421
da02,1706843026675108,7.077024,0.82262307,1.0856614,9,422
da02,1706843026775124,7.0730586,0.81855881,1.0838988,9,423
da02,1706843026875263,7.0578637,0.81833804,1.0841919,7,424
da02,1706843026975278,7.0620642,0.81993532,1.0757983,10,425
da02,1706843027075302,7.0684185,0.81254441,1.0686167,10,426
da02,1706843027175156,7.0730529,0.81370234,1.0728678,10,427
da02,1706843027275267,7.0738492,0.81490982,1.075563,9,428
da02,1706843027375241,7.0654268,0.8066842,1.0808991,7,429
da02,1706843027475186,7.0719452,0.81161064,1.0749581,10,430
da02,1706843027575286,7.0742364,0.81003743,1.0682398,10,431
da02,1706843027675290,7.0713081,0.81215817,1.0653713,9,432
da02,1706843027775300,7.0714469,0.80810726,1.0760367,8,433
da02,1706843027875174,7.0657005,0.81517762,1.0697287,9,434
da02,1706843027975174,7.063982,0.82565403,1.0749047,9,435
da02,1706843028075247,7.0535479,0.83237261,1.0693724,8,436
da02,1706843028175098,7.0590134,0.84233409,1.0735834,10,437
da02,1706843028275139,7.0656157,0.83641791,1.075542,10,438
da02,1706843028375348,7.0594716,0.83267194,1.0661315,9,439
da02,1706843028475148,7.0614877,0.8223834,1.0651939,9,440
da02,1706843028575104,7.0649781,0.83256543,1.0773127,9,441
da02,1706843028675221,7.067771,0.83134782,1.0720434,10,442
da02,1706843028775118,7.0664043,0.83150339,1.0692959,9,443
da02,1706843028875143,7.063899,0.82861936,1.0654023,9,444
da02,1706843028975190,7.0726967,0.82959473,1.062107,11,445
da02,1706843029075153,7.0589857,0.83411556,1.0673256,8,446
da02,1706843029175112,7.0525064,0.83721256,1.0675615,8,447
da02,1706843029275226,7.0591745,0.835198,1.0671854,10,448
da02,1706843029375265,7.0519166,0.83648044,1.0722425,8,449
da02,1706843029475278,7.0563388,0.84017533,1.0768877,9,450
da02,1706843029575169,7.0594916,0.82993507,1.0674562,10,451
da02,1706843029675298,7.0597281,0.83523238,1.0738733,9,452
da02,1706843029775296,7.0698342,0.84203482,1.0682918,11,453
da02,1706843029875450,7.0667839,0.83943236,1.0781672,8,454
da02,1706843029975245,7.0571647,0.84449655,1.0809259,8,455
da02,1706843030075374,7.0550623,0.8379038,1.0833365,8,456
da02,1706843030175865,7.0477324,0.83520019,1.0759656,8,457
da02,1706843030275182,7.0476842,0.8234278,1.0874954,7,458
da02,1706843030375154,7.0634727,0.83391434,1.0831892,11,459
da02,1706843030475395,7.0593367,0.83481717,1.0854393,8,460
da02,1706843030575222,7.0602021,0.82627964,1.0731039,10,461
da02,1706843030675226,7.0669308,0.82292533,1.0683216,10,462
da02,1706843030775300,7.0684032,0.82702953,1.075303,9,463
da02,1706843030875207,7.0782819,0.83399284,1.0746101,11,464
da02,1706843030975172,7.0614328,0.82802474,1.0792739,7,465
da02,1706843031076916,7.0506649,0.82510263,1.0776552,7,466
da02,1706843031175239,7.0600162,0.82608736,1.0893828,9,467
da02,1706843031275742,7.0668745,0.8171379,1.0825691,10,468
da02,1706843031375474,7.0576887,0.8229109,1.0875955,8,469
da02,1706843031475248,7.0612068,0.82069868,1.0827491,9,470
da02,1706843031575169,7.0644221,0.83069378,1.0738431,10,471
da02,1706843031675326,7.0642533,0.83182847,1.0644883,10,472
da02,1706843031775186,7.0645061,0.83337909,1.06266,10,473
da02,1706843031875217,7.0680828,0.83798796,1.0577615,10,474
da02,1706843031975210,7.073421,0.83761609,1.0762577,9,475
da02,1706843032075347,7.0628777,0.84464252,1.0785234,8,476
da02,1706843032175322,7.0680695,0.84305823,1.0720712,10,477
da02,1706843032275238,7.0614314,0.83080655,1.0765722,8,478
da02,1706843032375369,7.0467081,0.83752471,1.0864818,8,479
da02,1706843032475373,7.0452175,0.83900017,1.0875281,8,480
da02,1706843032575249,7.0383492,0.84232271,1.0829504,8,481
da02,1706843032675356,7.0620441,0.83508956,1.0806185,11,482
da02,1706843032775307,7.0543413,0.84064966,1.0696303,9,483
da02,1706843032875552,7.0594954,0.83217829,1.0634719,10,484
da02,1706843032975266,7.0583768,0.82493371,1.0737321,8,485
da02,1706843033075237,7.0585718,0.82749134,1.0646878,10,486
da02,1706843033175326,7.0640378,0.83200347,1.0675364,10,487
da02,1706843033275231,7.0770745,0.82690728,1.07114,11,488
da02,1706843033375193,7.0791245,0.82825869,1.0672209,10,489
da02,1706843033475336,7.0890512,0.83120227,1.0717525,11,490
da02,1706843033575221,7.0672736,0.84571522,1.0740583,8,491
da02,1706843033675250,7.0793409,0.84838879,1.0758884,11,492
da02,1706843033775311,7.0700979,0.84568226,1.076455,8,493
da02,1706843033875232,7.0711579,0.84486181,1.0790205,9,494
da02,1706843033975198,7.0628581,0.83972842,1.0704327,9,495
da02,1706843034075453,7.0566521,0.83475608,1.0636377,9,496
da02,1706843034175232,7.0458417,0.83468992,1.0600727,8,497
da02,1706843034275276,7.0492687,0.82910615,1.064011,9,498
da02,1706843034375555,7.05217,0.82790583,1.0690851,9,499
da02,1706843034475277,7.048317,0.8228116,1.0718877,8,500
da02,1706843034575262,7.0617914,0.82220191,1.0759125,10,501
da02,1706843034675269,7.0488815,0.83039272,1.0800955,8,502
da02,1706843034775370,7.0467663,0.81492239,1.0794953,8,503
da02,1706843034875365,7.0660839,0.81340021,1.0744189,11,504
da02,1706843034975231,7.0605407,0.81909436,1.0725998,9,505
da02,1706843035075394,7.0616789,0.82600307,1.0770693,9,506
da02,1706843035175860,7.0511394,0.82884175,1.0750458,8,507
da02,1706843035275280,7.0481529,0.83289516,1.0740981,8,508
da02,1706843035375356,7.0536242,0.83078158,1.0760777,9,509
da02,1706843035475455,7.0540428,0.8448233,1.0760533,9,510
da02,1706843035575298,7.0640445,0.84847528,1.0687749,11,511
da02,1706843035675376,7.075345,0.85190392,1.0753102,11,512
da02,1706843035775380,7.0637245,0.84494036,1.0720351,8,513
da02,1706843035878746,7.0667038,0.84845388,1.0706449,10,514
da02,1706843035975607,7.0743933,0.84596872,1.0653504,11,515
da02,1706843036075428,7.0734406,0.83277458,1.0595096,10,516
da02,1706843036175284,7.0921674,0.82871896,1.0674694,12,517
da02,1706843036275362,7.0886407,0.82017863,1.0745879,9,518
da02,1706843036375368,7.0862212,0.82577837,1.0735452,10,519
da02,1706843036475292,7.0761228,0.8223958,1.0712008,9,520
da02,1706843036575268,7.0671167,0.83668739,1.06765,9,521
da02,1706843036675296,7.0754075,0.84085679,1.0666655,11,522
da02,1706843036775292,7.0703192,0.83261532,1.0651077,9,523
da02,1706843036875325,7.0538669,0.83183211,1.072859,8,524
da02,1706843036975295,7.0568376,0.82556432,1.0626848,10,525
da02,1706843037075326,7.0605173,0.82607991,1.0613518,10,526
da02,1706843037175272,7.0709224,0.82016253,1.0779525,9,527
da02,1706843037275278,7.0649791,0.8212015,1.0728298,9,528
da02,1706843037375432,7.0598941,0.81371844,1.0678834,9,529
da02,1706843037475300,7.0671134,0.81085986,1.06853,10,530
da02,1706843037575270,7.0724568,0.81206632,1.073854,10,531
da02,1706843037675445,7.0692105,0.80874413,1.0884798,7,532
da02,1706843037775263,7.065001,0.8024931,1.0848619,8,533
da02,1706843037875294,7.0621443,0.80309677,1.077359,9,534
da02,1706843037975420,7.0694113,0.81339586,1.0737498,10,535
da02,1706843038075295,7.0634341,0.81754607,1.0803865,8,536
da02,1706843038175246,7.0538392,0.80672747,1.087494,7,537
da02,1706843038275412,7.0442472,0.8065173,1.0806724,7,538
da02,1706843038375281,7.0498643,0.813945,1.0872394,9,539
da02,1706843038475291,7.0622563,0.81067824,1.0873312,10,540
da02,1706843038575274,7.0565829,0.8136481,1.0852937,8,541
da02,1706843038675290,7.05574,0.8170746,1.0794488,9,542
da02,1706843038775234,7.0566025,0.82155681,1.0727568,9,543
da02,1706843038878448,7.0579014,0.83197975,1.0724102,9,544
da02,1706843038975356,7.0586867,0.82668316,1.0781058,8,545
da02,1706843039075332,7.0551028,0.82230389,1.0770103,8,546
da02,1706843039175429,7.0655684,0.82625282,1.0928979,9,547
da02,1706843039275322,7.0572433,0.82043207,1.0896966,8,548
da02,1706843039375290,7.0493155,0.8243795,1.0776631,8,549
da02,1706843039475398,7.0419655,0.82196933,1.0812974,7,550
da02,1706843039575343,7.039886,0.81913912,1.0751629,8,551
da02,1706843039675317,7.0563459,0.81310612,1.0749367,10,552
da02,1706843039775446,7.0687947,0.82385653,1.0846776,10,553
da02,1706843039875343,7.0592947,0.81788677,1.0821346,8,554
da02,1706843039975328,7.0572762,0.82734162,1.0782268,9,555
da02,1706843040075429,7.0546708,0.83100474,1.0820864,8,556
da02,1706843040175278,7.0475664,0.84633642,1.0855203,8,557
da02,1706843040275350,7.0589919,0.837608,1.0784119,10,558
da02,1706843040375434,7.0698705,0.82881463,1.0793884,10,559
da02,1706843040475385,7.0578742,0.84032118,1.0746088,8,560
da02,1706843040575307,7.0631771,0.83748591,1.0800525,9,561
da02,1706843040675442,7.0737257,0.82909817,1.0868593,10,562
da02,1706843040775293,7.0753565,0.8354134,1.0887088,9,563
da02,1706843040875318,7.0690174,0.83519393,1.0916755,8,564
da02,1706843040975366,7.0751982,0.8457607,1.0782052,11,565
da02,1706843041075425,7.0779967,0.8487255,1.0757663,10,566
da02,1706843041175410,7.0773182,0.85685951,1.0753385,10,567
da02,1706843041275361,7.0852818,0.85930467,1.0806129,11,568
da02,1706843041375353,7.0898166,0.8571378,1.0709264,11,569
da02,1706843041476598,7.0699186,0.85547894,1.0759807,8,570
da02,1706843041575427,7.0810289,0.8437494,1.0874146,10,571
da02,1706843041675434,7.0913587,0.83763987,1.0800092,11,572
da02,1706843041775342,7.0918074,0.83218515,1.078406,10,573
da02,1706843041875380,7.08866,0.83028322,1.0787451,9,574
da02,1706843041975545,7.0816045,0.83549351,1.0823399,9,575
da02,1706843042075414,7.0897341,0.84001374,1.0768917,11,576
da02,1706843042175459,7.0903897,0.84625328,1.0801065,10,577
da02,1706843042275897,7.0872,0.84238923,1.0717664,10,578
da02,1706843042375325,7.0713472,0.84240234,1.0597475,9,579
da02,1706843042475437,7.0570521,0.85338831,1.0665125,8,580
da02,1706843042575346,7.0632715,0.85102719,1.073752,9,581
da02,1706843042675408,7.0741072,0.84905207,1.0675133,11,582
da02,1706843042775390,7.0741181,0.85076529,1.0696292,10,583
da02,1706843042875415,7.0545359,0.83980763,1.0750886,8,584
da02,1706843042975368,7.0602193,0.84314781,1.0698202,10,585
da02,1706843043075388,7.061902,0.83928531,1.0632054,10,586
da02,1706843043175392,7.0710096,0.84307826,1.0812935,9,587
da02,1706843043275394,7.0657573,0.84094256,1.0861142,8,588
da02,1706843043375385,7.0613852,0.84312147,1.082178,9,589
da02,1706843043475456,7.0467725,0.84011626,1.0808015,8,590
da02,1706843043575415,7.0559726,0.84078205,1.0741429,10,591
da02,1706843043675428,7.0592179,0.83036208,1.0691661,9,592
da02,1706843043775422,7.0585465,0.82549018,1.0683817,9,593
da02,1706843043875415,7.0759296,0.83030093,1.0686933,12,594
da02,1706843043975396,7.0747819,0.83299023,1.0669423,10,595
da02,1706843044075387,7.074893,0.82075143,1.071054,9,596
da02,1706843044175371,7.0801878,0.82229537,1.0560124,12,597
da02,1706843044275430,7.082046,0.83403444,1.0689144,10,598
da02,1706843044375396,7.070724,0.82743114,1.0679679,8,599
da02,1706843044475401,7.0805826,0.8238759,1.0631351,11,600
da02,1706843044575368,7.08794,0.82345325,1.0602149,11,601
da02,1706843044675414,7.0823073,0.82482719,1.0625193,9,602
da02,1706843044775424,7.0820026,0.81992477,1.0626817,10,603
da02,1706843044875428,7.0758877,0.82510161,1.0708878,8,604
da02,1706843044975479,7.0671926,0.82408988,1.0740083,8,605
da02,1706843045075421,7.0659304,0.828335,1.0677077,10,606
da02,1706843045175420,7.0685272,0.82362866,1.0747706,9,607
da02,1706843045275465,7.0558343,0.829719,1.0692079,8,608
da02,1706843045375452,7.0532765,0.82868975,1.0728116,8,609
da02,1706843045475452,7.0509677,0.82827133,1.0782698,8,610
da02,1706843045575406,7.0433311,0.81703842,1.0755135,7,611
da02,1706843045675508,7.0516267,0.81409109,1.0689325,10,612
da02,1706843045775479,7.0561295,0.82344663,1.0668088,10,613
da02,1706843045875560,7.0577054,0.8233707,1.0608737,10,614
da02,1706843045975449,7.0685205,0.81964892,1.0617595,10,615
da02,1706843046075661,7.0642877,0.82304251,1.0649049,9,616
da02,1706843046175440,7.0593834,0.83821154,1.0706455,9,617
da02,1706843046275591,7.0445771,0.83267677,1.0724329,8,618
da02,1706843046375473,7.0548911,0.823581,1.069149,10,619
da02,1706843046477046,7.0492349,0.81842816,1.071885,8,620
da02,1706843046575506,7.0380483,0.82121819,1.0741261,8,621
da02,1706843046675442,7.0402508,0.82647204,1.0714053,9,622
da02,1706843046775457,7.048173,0.81998229,1.0733353,9,623
da02,1706843046875477,7.0504332,0.83078194,1.0731318,9,624
da02,1706843046975547,7.0513039,0.84191442,1.067843,10,625
da02,1706843047075483,7.0660067,0.833574,1.0702271,11,626
da02,1706843047175475,7.0746961,0.83080667,1.05478,12,627
da02,1706843047276015,7.0797076,0.82670653,1.0567584,10,628
da02,1706843047375434,7.0865545,0.82293773,1.0560408,11,629
da02,1706843047475456,7.0734096,0.83847749,1.0635506,8,630
da02,1706843047575593,7.0686822,0.83862585,1.0728809,8,631
da02,1706843047675482,7.0762944,0.83595061,1.0711324,11,632
da02,1706843047775484,7.0716457,0.83497405,1.0651139,9,633
da02,1706843047875537,7.0765758,0.8351016,1.0600617,11,634
da02,1706843047975512,7.0682578,0.84434044,1.0610025,9,635
da02,1706843048075472,7.0862608,0.84595686,1.0654986,12,636
da02,1706843048175450,7.0817695,0.84437203,1.0620887,10,637
da02,1706843048275448,7.0791583,0.84351271,1.0657803,9,638
da02,1706843048375450,7.0800905,0.830237,1.0576168,10,639
da02,1706843048475484,7.077889,0.83062387,1.0731009,8,640
da02,1706843048575466,7.0609822,0.83451068,1.0734222,8,641
da02,1706843048675501,7.0656319,0.82641965,1.0732363,9,642
da02,1706843048775496,7.0515375,0.82386571,1.0737469,7,643
da02,1706843048875506,7.0561533,0.8251847,1.0686009,10,644
da02,1706843048975469,7.0565629,0.82574403,1.0666407,9,645
da02,1706843049075479,7.0837111,0.82724339,1.0718718,12,646
da02,1706843049175426,7.074275,0.82122523,1.0730315,8,647
da02,1706843049275534,7.0632205,0.82714933,1.073187,8,648
da02,1706843049375451,7.0587945,0.82794195,1.068568,9,649
da02,1706843049475508,7.0657482,0.83201247,1.0674293,10,650
da02,1706843049575466,7.08018,0.83640152,1.0572882,12,651
da02,1706843049675611,7.0795422,0.83380026,1.0656483,9,652
da02,1706843049775472,7.0713892,0.83479005,1.0646822,9,653
da02,1706843049875516,7.0585742,0.82643014,1.0667003,7,654
da02,1706843049975578,7.0648026,0.8316012,1.0677198,10,655
da02,1706843050075453,7.0587349,0.8369,1.0627891,9,656
da02,1706843050175515,7.0707803,0.83298308,1.0462416,12,657
da02,1706843050276037,7.0606027,0.83593631,1.0569044,8,658
da02,1706843050375457,7.0677938,0.84169054,1.0660627,10,659
da02,1706843050475492,7.0595326,0.83923614,1.0589827,9,660
da02,1706843050575558,7.0540991,0.83880097,1.0640737,8,661
da02,1706843050675461,7.0684471,0.83539063,1.0623248,11,662
da02,1706843050775515,7.0653977,0.83258462,1.0719116,8,663
da02,1706843050875566,7.0662818,0.82419205,1.0712675,9,664
da02,1706843050975533,7.0568433,0.82867444,1.0666523,8,665
da02,1706843051075568,7.0615668,0.83282882,1.0768943,9,666
da02,1706843051175550,7.0586267,0.83669436,1.072511,9,667
da02,1706843051275578,7.049684,0.83271784,1.0764369,7,668
da02,1706843051375536,7.0472631,0.82344168,1.0750078,8,669
da02,1706843051475553,7.0506706,0.82371175,1.0697553,9,670
da02,1706843051575563,7.0462918,0.82823211,1.0766332,8,671
da02,1706843051675493,7.0421076,0.84014165,1.086184,8,672
da02,1706843051775533,7.0537009,0.83516496,1.0836663,10,673
da02,1706843051875562,7.0535064,0.83665043,1.0717394,10,674
da02,1706843051975516,7.0489335,0.82974577,1.072831,8,675
da02,1706843052075541,7.056107,0.82880849,1.0773054,9,676
da02,1706843052175502,7.0675559,0.83345413,1.0745876,11,677
da02,1706843052275512,7.0660124,0.82331079,1.0745488,9,678
da02,1706843052375520,7.0608029,0.8306191,1.0752157,9,679
da02,1706843052475627,7.070785,0.82962942,1.0663894,11,680
da02,1706843052575496,7.0790348,0.82928485,1.0584575,11,681
da02,1706843052675559,7.0778103,0.8347733,1.0700724,9,682
da02,1706843052775630,7.0644932,0.82868111,1.0711391,8,683
da02,1706843052875518,7.0667195,0.82358134,1.0635557,10,684
da02,1706843052975542,7.0612268,0.83648008,1.0612417,9,685
da02,1706843053075605,7.0667739,0.84025496,1.0639956,10,686
da02,1706843053175528,7.0645566,0.83475631,1.0700527,8,687
da02,1706843053276114,7.055953,0.83614916,1.0743929,8,688
da02,1706843053375489,7.0600605,0.84484774,1.0710713,10,689
da02,1706843053475494,7.0522313,0.84080595,1.0654218,8,690
da02,1706843053575602,7.0709286,0.83547753,1.0594988,12,691
da02,1706843053675527,7.0657592,0.83190548,1.0648751,8,692
da02,1706843053775496,7.0717158,0.83649743,1.0637057,10,693
da02,1706843053875586,7.0735273,0.8380174,1.0653834,10,694
da02,1706843053975532,7.0819921,0.82692426,1.0611278,11,695
da02,1706843054075567,7.0823145,0.835355,1.0608625,10,696
da02,1706843054175566,7.068481,0.83843917,1.0695938,8,697
da02,1706843054275634,7.0795979,0.837048,1.0606958,12,698
da02,1706843054375550,7.0782561,0.84068137,1.0603507,10,699
da02,1706843054475516,7.0752597,0.84738976,1.0708177,9,700
da02,1706843054575588,7.0737228,0.85626549,1.0670592,10,701
da02,1706843054675566,7.0820522,0.84508479,1.067535,11,702
da02,1706843054775527,7.0870576,0.84345931,1.062752,11,703
da02,1706843054875613,7.08326,0.83384585,1.0671953,9,704
da02,1706843054975570,7.0775714,0.83715159,1.0619165,10,705
da02,1706843055075514,7.0810633,0.83331454,1.0641419,10,706
da02,1706843055175585,7.0737658,0.82883853,1.0614721,9,707
da02,1706843055276068,7.0667086,0.82917571,1.0635734,9,708
da02,1706843055375536,7.0667882,0.82762253,1.0657271,9,709
da02,1706843055475648,7.073133,0.84046555,1.0576981,11,710
da02,1706843055575658,7.0758777,0.83088881,1.0649457,9,711
da02,1706843055675542,7.0666447,0.83781928,1.0638326,9,712
da02,1706843055775636,7.0617914,0.8332932,1.0656726,8,713
da02,1706843055875600,7.0600495,0.83034128,1.0616385,9,714
da02,1706843055975555,7.0737309,0.826076,1.0581282,11,715
da02,1706843056075616,7.0728526,0.82347775,1.0558225,10,716
da02,1706843056175553,7.1834869,0.82107222,1.0412025,67,717
da02,1706843056275600,7.1545672,0.83117694,1.0609444,8,718
da02,1706843056375523,7.1364832,0.83109921,1.0571196,10,719
da02,1706843056475512,7.116477,0.82716525,1.0596998,9,720
da02,1706843056575555,7.1028237,0.83503741,1.0660459,9,721
da02,1706843056675496,7.1005721,0.8421244,1.0768307,10,722
da02,1706843056775476,7.0856881,0.83797705,1.0788258,8,723
da02,1706843056875604,7.0742278,0.8296591,1.0737089,8,724
da02,1706843056975567,7.0632691,0.82682866,1.0639507,9,725
da02,1706843057075516,7.0607543,0.82696,1.0634416,9,726
da02,1706843057175672,7.0645041,0.82817841,1.0809972,8,727
da02,1706843057275553,7.0638981,0.83245045,1.0809002,9,728
da02,1706843057375607,7.0708013,0.83096814,1.0711867,11,729
da02,1706843057475635,7.0669627,0.84270114,1.0754277,9,730
da02,1706843057575542,7.058198,0.83837616,1.0783749,8,731
da02,1706843057675578,7.0543284,0.83255011,1.0803136,8,732
da02,1706843057775645,7.0611544,0.84111428,1.0707912,11,733
da02,1706843057875555,7.0698729,0.83402568,1.0811712,9,734
da02,1706843057975525,7.0594282,0.84168416,1.0721272,9,735
da02,1706843058075678,7.0566216,0.84359956,1.0831245,8,736
da02,1706843058175594,7.0552893,0.84550995,1.078598,9,737
da02,1706843058275702,7.0643191,0.84068304,1.0807971,10,738
da02,1706843058375582,7.059535,0.84261042,1.0719372,9,739
da02,1706843058475656,7.0564556,0.83686334,1.0755465,8,740
da02,1706843058575595,7.0548558,0.83528376,1.0662634,9,741
da02,1706843058675627,7.0686717,0.82522005,1.0755457,10,742
da02,1706843058775544,7.0598068,0.82830447,1.0729939,8,743
da02,1706843058875573,7.0656991,0.83409464,1.0766063,10,744
da02,1706843058975700,7.0742469,0.82133967,1.0666932,11,745
da02,1706843059075587,7.0761342,0.83043033,1.0636173,10,746
da02,1706843059175584,7.0799861,0.82600129,1.0722735,9,747
da02,1706843059275638,7.0760088,0.82375306,1.0694441,9,748
da02,1706843059375602,7.0790644,0.82737565,1.06877,10,749
da02,1706843059475575,7.086772,0.8271721,1.0685687,11,750
da02,1706843059575601,7.0814075,0.82880539,1.0615779,10,751
da02,1706843059675585,7.0789862,0.82509929,1.0670214,9,752
da02,1706843059775603,7.0694623,0.82747382,1.0683936,8,753
da02,1706843059875614,7.0764275,0.83015406,1.0750164,10,754
da02,1706843059975642,7.0875568,0.82329392,1.0757868,11,755
da02,1706843060075576,7.0786228,0.8212558,1.0815805,8,756
da02,1706843060175663,7.0693846,0.81226313,1.0716745,9,757
da02,1706843060275614,7.0631433,0.81039047,1.0680506,9,758
da02,1706843060375630,7.0628819,0.81458426,1.0849562,8,759
da02,1706843060475653,7.0610266,0.82811314,1.0964609,8,760
da02,1706843060575655,7.1903048,0.82701838,1.0902865,67,761
da02,1706843060675564,7.1590447,0.82977152,1.0820087,10,762
da02,1706843060775690,7.1376514,0.82324576,1.0751307,10,763
da02,1706843060875605,7.1284924,0.81964481,1.0611699,11,764
da02,1706843060975600,7.1030169,0.80906725,1.0668793,7,765
da02,1706843061075654,7.0881319,0.82254493,1.0691673,9,766
da02,1706843061175616,7.0917993,0.81535935,1.0567242,11,767
da02,1706843061275548,7.0829954,0.81309414,1.062485,9,768
da02,1706843061375654,7.0751657,0.81584537,1.0723258,8,769
da02,1706843061475603,7.0612364,0.822342,1.0718541,8,770
da02,1706843061575568,7.0550203,0.82422227,1.0795656,7,771
da02,1706843061675635,7.0493746,0.83977926,1.0839771,8,772
da02,1706843061775574,7.0554175,0.82962704,1.0762614,10,773
da02,1706843061877236,7.0513535,0.83352172,1.071211,9,774
da02,1706843061975668,7.0648723,0.82952344,1.0699507,11,775
da02,1706843062075564,7.0516081,0.83007473,1.0596163,8,776
da02,1706843062175591,7.0526676,0.83542413,1.0568844,10,777
da02,1706843062275696,7.0505543,0.829948,1.0690476,8,778
da02,1706843062375675,7.0585084,0.82790321,1.0662595,10,779
da02,1706843062475610,7.0652175,0.82788563,1.0632018,10,780
da02,1706843062575711,7.0687628,0.82484037,1.0628461,10,781
da02,1706843062675596,7.0649104,0.82319939,1.0656877,9,782
da02,1706843062775608,7.0657892,0.8250041,1.0690821,9,783
da02,1706843062875788,7.0674376,0.83648896,1.0670882,10,784
da02,1706843062975690,7.0820055,0.82581586,1.0688895,11,785
da02,1706843063075650,7.087359,0.82742786,1.0795988,10,786
da02,1706843063175743,7.0788217,0.82740945,1.0751777,9,787
da02,1706843063275607,7.0747552,0.8240183,1.0777928,9,788
da02,1706843063375664,7.0721354,0.81887406,1.0763109,9,789
da02,1706843063475734,7.070581,0.81353676,1.0721231,9,790
da02,1706843063575676,7.0615683,0.82148105,1.0646107,9,791
da02,1706843063675664,7.0629692,0.81960917,1.0657934,9,792
da02,1706843063775734,7.0603385,0.80951518,1.0675075,8,793
da02,1706843063875634,7.0702047,0.80286837,1.067384,10,794
da02,1706843063975644,7.0771456,0.80396247,1.0566715,11,795
da02,1706843064075643,7.0765648,0.80234593,1.0719694,8,796
da02,1706843064175624,7.0744262,0.81609583,1.0722061,9,797
da02,1706843064276168,7.0743413,0.82719922,1.0697261,10,798
da02,1706843064375635,7.0705714,0.82803023,1.0651051,9,799
da02,1706843064475668,7.0706449,0.83678353,1.0775324,9,800
da02,1706843064575628,7.0601325,0.83804607,1.0789566,8,801
da02,1706843064675648,7.0640626,0.839972,1.070941,10,802
da02,1706843064775791,7.063971,0.83980292,1.0740378,9,803
da02,1706843064875696,7.0670376,0.83448529,1.0764406,9,804
da02,1706843064975702,7.0651145,0.83234143,1.0735675,9,805
da02,1706843065075798,7.0632625,0.83104438,1.0817577,8,806
da02,1706843065175710,7.0550518,0.82891697,1.0779159,8,807
da02,1706843065275746,7.07608,0.82467031,1.0814164,11,808
da02,1706843065376286,7.07808,0.82135195,1.0721085,10,809
da02,1706843065475726,7.0841627,0.82002658,1.0681689,11,810
da02,1706843065575666,7.0686169,0.83364308,1.0738325,8,811
da02,1706843065675728,7.0631042,0.84019178,1.0802897,8,812
da02,1706843065775698,7.0645123,0.83329076,1.0748204,9,813
da02,1706843065875650,7.0723319,0.83488935,1.0787851,10,814
da02,1706843065975798,7.0752378,0.83008778,1.0780365,10,815
da02,1706843066075722,7.081306,0.8227973,1.0766536,10,816
da02,1706843066175690,7.0824089,0.81276983,1.0863955,9,817
da02,1706843066275734,7.0797191,0.81419337,1.0859913,9,818
da02,1706843066375706,7.0854464,0.83555108,1.0791172,11,819
da02,1706843066475662,7.0942211,0.83181494,1.0840584,11,820
da02,1706843066575770,7.081346,0.82762921,1.0845761,8,821
da02,1706843066675682,7.0903292,0.82996821,1.0871364,11,822
da02,1706843066775758,7.072268,0.83101469,1.0888054,8,823
da02,1706843066875636,7.054574,0.83026445,1.0881774,8,824
da02,1706843066975651,7.0469208,0.83425719,1.0876157,8,825
da02,1706843067075751,7.0543103,0.82245439,1.0955299,8,826
da02,1706843067175693,7.0535378,0.83076733,1.0882732,9,827
da02,1706843067275670,7.0491805,0.83387595,1.0968131,8,828
da02,1706843067375772,7.0533462,0.82591271,1.0878457,9,829
da02,1706843067475786,7.0547791,0.82921916,1.0908097,8,830
da02,1706843067575697,7.0697289,0.82293278,1.0943923,10,831
da02,1706843067675777,7.0593133,0.83550024,1.090416,8,832
da02,1706843067775691,7.0581217,0.83644366,1.0854236,9,833
da02,1706843067875698,7.0557609,0.83306748,1.0756949,9,834
da02,1706843067975788,7.0609264,0.82721096,1.073191,10,835
da02,1706843068075698,7.0719047,0.83492059,1.0671442,11,836
da02,1706843068175688,7.0682449,0.84091073,1.064315,9,837
da02,1706843068275772,7.0645771,0.83191,1.0619488,9,838
da02,1706843068375824,7.0628219,0.83418304,1.058948,9,839
da02,1706843068475800,7.0509295,0.83047819,1.0603207,7,840
da02,1706843068575749,7.0487318,0.83563513,1.0620817,9,841
da02,1706843068675747,7.0473561,0.82262766,1.0656514,8,842
da02,1706843068775820,7.0493174,0.81669521,1.0636522,9,843
da02,1706843068875770,7.0528941,0.82346243,1.0689394,9,844
da02,1706843068975716,7.0646963,0.83199626,1.0755929,10,845
da02,1706843069075748,7.053113,0.82808125,1.0748944,7,846
da02,1706843069175724,7.0599618,0.83132887,1.0748236,10,847
da02,1706843069275819,7.0620828,0.83112824,1.0721444,9,848
da02,1706843069375721,7.0741448,0.82325512,1.0689877,11,849
da02,1706843069475836,7.0757794,0.82433093,1.0730925,9,850
da02,1706843069575730,7.0644579,0.82271272,1.0786614,7,851
da02,1706843069675727,7.0625119,0.81753272,1.0710274,9,852
da02,1706843069775808,7.0605779,0.677975,1.0472461,70,853
da02,1706843069875702,7.059113,0.71489549,1.0595531,8,854
da02,1706843069975731,7.064147,0.742407,1.0532706,10,855
da02,1706843070075815,7.070807,0.77461004,1.0541267,11,856
da02,1706843070175728,7.0773273,0.79833037,1.0631404,10,857
da02,1706843070275905,7.0784974,0.80978656,1.0636338,10,858
da02,1706843070376271,7.0684114,0.81109113,1.0695566,8,859
da02,1706843070475835,7.0650425,0.8113724,1.0752071,8,860
da02,1706843070575792,7.0697441,0.81471509,1.0722843,10,861
da02,1706843070675867,7.0625849,0.81630003,1.0750558,8,862
da02,1706843070775777,7.0721617,0.81546819,1.0727472,10,863
da02,1706843070875793,7.0675316,0.80939907,1.0823824,8,864
da02,1706843070975820,7.0636406,0.80859226,1.0858145,8,865
da02,1706843071075726,7.0790119,0.8138625,1.0857619,11,866
da02,1706843071175743,7.0812263,0.82553941,1.0828564,10,867
da02,1706843071275807,7.0803924,0.81891364,1.09027,9,868
da02,1706843071375718,7.0723567,0.82654154,1.0929118,8,869
da02,1706843071475824,7.0804796,0.83323377,1.0891328,11,870
da02,1706843071575759,7.0689793,0.83840579,1.0857035,8,871
da02,1706843071675751,7.0700293,0.834244,1.0755299,10,872
da02,1706843071775751,7.056675,0.83345586,1.0825051,8,873
da02,1706843071875732,7.0588336,0.833423,1.0833935,9,874
da02,1706843071975813,7.0477853,0.83991039,1.0895998,8,875
da02,1706843072075740,7.0621595,0.83655572,1.0844554,11,876
da02,1706843072175902,7.0569859,0.82479578,1.0931122,7,877
da02,1706843072275767,7.0630012,0.81988239,1.0894041,9,878
da02,1706843072375783,7.0635123,0.82777303,1.0824453,10,879
da02,1706843072475768,7.0469074,0.82557595,1.0830034,8,880
da02,1706843072575850,7.0504532,0.82189572,1.0822579,9,881
da02,1706843072675801,7.0634665,0.81816787,1.078849,10,882
da02,1706843072775764,7.0602269,0.81441921,1.0817617,8,883
da02,1706843072875824,7.0623565,0.81279767,1.0831392,9,884
da02,1706843072975817,7.0712428,0.81018955,1.0832034,10,885
da02,1706843073075888,7.0770345,0.81687433,1.0760862,11,886
da02,1706843073175904,7.0871949,0.81181741,1.0851082,10,887
da02,1706843073275769,7.0791235,0.81308115,1.0796437,9,888
da02,1706843073375901,7.0718164,0.82073039,1.0780025,9,889
da02,1706843073475815,7.076642,0.82656813,1.0818146,10,890
da02,1706843073575784,7.0730395,0.82903796,1.0769861,9,891
da02,1706843073675881,7.0737848,0.82976949,1.0797349,9,892
da02,1706843073775786,7.0745616,0.81684625,1.0775859,9,893
da02,1706843073875950,7.070755,0.81914473,1.0706425,9,894
da02,1706843073975906,7.0795617,0.81089425,1.0633432,11,895
da02,1706843074075764,7.0736723,0.81870288,1.0703354,9,896
da02,1706843074175792,7.0804009,0.822933,1.0634432,11,897
da02,1706843074275863,7.0812626,0.82338548,1.0634615,10,898
da02,1706843074375753,7.0705972,0.83669895,1.0604218,9,899
da02,1706843074475760,7.0632248,0.83281338,1.0623627,8,900
da02,1706843074575914,7.0521975,0.84061337,1.0700663,8,901
da02,1706843074675770,7.0635142,0.83891118,1.0721145,10,902
da02,1706843074775832,7.0636711,0.83234346,1.0651958,10,903
da02,1706843074875807,7.0701857,0.83341795,1.0704224,10,904
da02,1706843074975822,7.0594912,0.83030242,1.0707624,8,905
da02,1706843075075766,7.0625048,0.8296684,1.063632,10,906
da02,1706843075175798,7.0582047,0.83196938,1.0773525,8,907
da02,1706843075276280,7.0577054,0.83124846,1.0683757,10,908
da02,1706843075375770,7.056108,0.83504659,1.0785884,8,909
da02,1706843075475788,7.0600662,0.82641321,1.0787226,9,910
da02,1706843075575780,7.0762811,0.83171695,1.0781249,11,911
da02,1706843075675756,7.0598669,0.82973373,1.0753698,7,912
da02,1706843075775777,7.0451722,0.83492726,1.0761229,8,913
da02,1706843075875898,7.0463514,0.83708572,1.0791653,8,914
da02,1706843075975843,7.0584311,0.83253741,1.0754011,10,915
da02,1706843076075818,7.0629516,0.8257153,1.0688481,10,916
da02,1706843076175959,7.0647678,0.82320726,1.0638624,10,917
da02,1706843076275856,7.0566015,0.82037574,1.0724287,7,918
da02,1706843076375856,7.0599246,0.82362992,1.0755504,9,919
da02,1706843076475850,7.0574355,0.827524,1.0745658,9,920
da02,1706843076575786,7.0749464,0.81647992,1.071111,11,921
da02,1706843076675763,7.083992,0.82424259,1.0694127,11,922
da02,1706843076775907,7.0717587,0.82271069,1.068001,8,923
da02,1706843076875798,7.0575442,0.82531768,1.0605949,8,924
da02,1706843076975856,7.0580273,0.82319862,1.0647577,9,925
da02,1706843077075781,7.06512,0.83184183,1.0618917,11,926
da02,1706843077175825,7.067174,0.82138258,1.0779269,8,927
da02,1706843077277412,7.0672097,0.81728995,1.0750777,9,928
da02,1706843077375791,7.071671,0.8244015,1.0712633,10,929
da02,1706843077475832,7.0687251,0.81462437,1.0778863,8,930
da02,1706843077575857,7.0702772,0.81147367,1.0806472,9,931
da02,1706843077675813,7.0564747,0.81677741,1.081481,8,932
da02,1706843077775845,7.0621819,0.81647021,1.0841241,9,933
da02,1706843077875855,7.0648355,0.82332766,1.0837233,9,934
da02,1706843077975850,7.065846,0.81842464,1.0729268,10,935
da02,1706843078075816,7.0517163,0.81674725,1.0731597,7,936
da02,1706843078175868,7.0533,0.81488311,1.0762135,8,937
da02,1706843078275828,7.0693197,0.81704551,1.083559,10,938
da02,1706843078375838,7.0713005,0.8260082,1.0837603,10,939
da02,1706843078475896,7.0543361,0.819425,1.0795007,7,940
da02,1706843078575842,7.0658159,0.81890082,1.0953952,9,941
da02,1706843078675821,7.0635848,0.81129575,1.0825517,9,942
da02,1706843078775867,7.0583324,0.8144806,1.0841644,8,943
da02,1706843078875878,7.0624118,0.81707865,1.0720044,10,944
da02,1706843078975877,7.063796,0.82708842,1.0798459,9,945
da02,1706843079075905,7.0661788,0.82348031,1.0742067,10,946
da02,1706843079175860,7.0705814,0.82494718,1.068114,10,947
da02,1706843079275857,7.064393,0.82177246,1.0671275,9,948
da02,1706843079375890,7.0516453,0.82603174,1.0668533,8,949
da02,1706843079475954,7.0530725,0.8330555,1.0713252,9,950
da02,1706843079575827,7.056807,0.839128,1.071723,9,951
da02,1706843079675839,7.06157,0.84074563,1.0693004,10,952
da02,1706843079775840,7.0623016,0.82804596,1.068904,9,953
da02,1706843079875798,7.0639286,0.82305825,1.0659307,9,954
da02,1706843079975923,7.0543318,0.8273164,1.0792485,8,955
da02,1706843080075860,7.0513015,0.83214676,1.0759082,9,956
da02,1706843080175819,7.055479,0.83844644,1.0751603,9,957
da02,1706843080275904,7.0598626,0.83645642,1.0759033,9,958
da02,1706843080375840,7.0672092,0.82117558,1.0687373,10,959
da02,1706843080475838,7.0693679,0.82724953,1.0708529,10,960
da02,1706843080575954,7.0756755,0.826281,1.0695226,10,961
da02,1706843080675855,7.0712228,0.82544547,1.0669745,9,962
da02,1706843080775864,7.0579348,0.82765007,1.0698718,7,963
da02,1706843080875962,7.056056,0.8227585,1.0602504,9,964
da02,1706843080975904,7.0661683,0.81692564,1.0608644,10,965
da02,1706843081075895,7.0594807,0.82057309,1.0661666,8,966
da02,1706843081175964,7.0544372,0.82449329,1.0629121,9,967
da02,1706843081275835,7.0690756,0.82087785,1.0727693,10,968
da02,1706843081375994,7.0653348,0.83217281,1.0744215,9,969
da02,1706843081475998,7.0657411,0.82646495,1.0879818,8,970
da02,1706843081575844,7.065361,0.82185543,1.0805221,9,971
da02,1706843081676036,7.0618782,0.82690692,1.0835125,8,972
da02,1706843081775956,7.0792274,0.82724428,1.084833,11,973
da02,1706843081875914,7.073658,0.81638509,1.0818362,9,974
da02,1706843081975892,7.0609188,0.819752,1.0803472,8,975
da02,1706843082076025,7.0638342,0.82913578,1.082008,9,976
da02,1706843082175869,7.0660386,0.83505881,1.0828789,9,977
da02,1706843082276036,7.0682945,0.82568991,1.080261,9,978
da02,1706843082375904,7.0584784,0.82298529,1.0826317,7,979
da02,1706843082475972,7.0559816,0.82511157,1.0895131,8,980
da02,1706843082576020,7.0510621,0.82404137,1.1035441,8,981
da02,1706843082675954,7.0534291,0.82975817,1.0929669,9,982
da02,1706843082775888,7.0488987,0.82230049,1.0956452,7,983
da02,1706843082876079,7.0449481,0.82727253,1.0846363,9,984
da02,1706843082975923,7.04631,0.82350934,1.0830152,8,985
da02,1706843083075956,7.0603886,0.81486332,1.0855747,10,986
da02,1706843083176024,7.0565624,0.82543671,1.080054,9,987
da02,1706843083275929,7.0546527,0.82138586,1.0781772,8,988
da02,1706843083375883,7.0668736,0.82525164,1.0793442,10,989
da02,1706843083475938,7.0665622,0.82284242,1.0720158,10,990
da02,1706843083575969,7.0633144,0.81833392,1.0715058,9,991
da02,1706843083675860,7.0647054,0.81467932,1.0637636,10,992
da02,1706843083775886,7.0664234,0.81674552,1.0693763,9,993
da02,1706843083875933,7.055387,0.8266961,1.0770384,8,994
da02,1706843083975912,7.0767913,0.8226769,1.0705196,12,995
da02,1706843084076034,7.0679793,0.81553525,1.0716178,8,996
da02,1706843084175917,7.062016,0.813903,1.0873648,7,997
da02,1706843084275942,7.0617366,0.81536633,1.0900382,8,998
da02,1706843084376036,7.0512624,0.8163532,1.0871309,7,999
da02,1706843084476064,7.0613494,0.816595,1.0826968,10,1000
da02,1706843084575934,7.0619669,0.82013363,1.070771,10,1001
da02,1706843084676096,7.0630975,0.8263762,1.0843741,8,1002
da02,1706843084775935,7.055934,0.83330172,1.0783294,9,1003
da02,1706843084875968,7.0517325,0.837325,1.0807387,8,1004
da02,1706843084976082,7.0577421,0.84047788,1.0802239,10,1005
da02,1706843085075994,7.0716124,0.83405638,1.0710166,11,1006
da02,1706843085175956,7.0661812,0.83643258,1.0753356,8,1007
da02,1706843085276129,7.0689287,0.8416633,1.0779673,10,1008
da02,1706843085375915,7.0831637,0.82858443,1.0729473,11,1009
da02,1706843085476136,7.0722232,0.82929415,1.0790356,8,1010
da02,1706843085576055,7.05454,0.828974,1.0808501,8,1011
da02,1706843085675978,7.0416303,0.83057207,1.0878118,8,1012
da02,1706843085775933,7.038281,0.83896559,1.0885384,8,1013
da02,1706843085876072,7.0563235,0.82803011,1.0771813,11,1014
da02,1706843085975936,7.0508986,0.83226967,1.0759984,8,1015
da02,1706843086075938,7.0632319,0.83523995,1.0835648,10,1016
da02,1706843086176034,7.0614071,0.83807844,1.0858724,9,1017
da02,1706843086276506,7.0663824,0.82648963,1.0791608,10,1018
da02,1706843086375930,7.0737495,0.82981122,1.0782496,10,1019
da02,1706843086476091,7.0743456,0.82925338,1.0765291,10,1020
da02,1706843086575918,7.070683,0.82278335,1.07565,9,1021
da02,1706843086675957,7.0675149,0.82057834,1.0708617,9,1022
da02,1706843086776036,7.0708408,0.82125396,1.0665716,10,1023
da02,1706843086875977,7.0706816,0.81867272,1.0731516,9,1024
da02,1706843086975980,7.0687327,0.81301564,1.0673132,9,1025
da02,1706843087076118,7.0592275,0.81086153,1.0732585,7,1026
da02,1706843087175968,7.0672441,0.81813657,1.0665308,11,1027
da02,1706843087276088,7.0460863,0.831701,1.0765144,9,1028
da02,1706843087376034,7.04298,0.8263886,1.0791621,8,1029
da02,1706843087476003,7.0332732,0.83169734,1.0772374,8,1030
da02,1706843087575931,7.0368147,0.82536185,1.0708839,9,1031
da02,1706843087675982,7.2052937,0.68121707,1.4165022,72,1032
da02,1706843087775999,7.1546721,0.71984309,1.3280997,8,1033
da02,1706843087876000,7.1118565,0.74570048,1.268573,8,1034
da02,1706843087976077,7.0978971,0.7698676,1.2166593,9,1035
da02,1706843088075974,7.1078682,0.77402073,1.1898608,11,1036
da02,1706843088176012,7.1033149,0.79079294,1.1642884,10,1037
da02,1706843088275944,7.1015134,0.79978132,1.1296957,11,1038
da02,1706843088375975,7.0875182,0.80735588,1.1185399,8,1039
da02,1706843088476026,7.0713797,0.80635232,1.094398,9,1040
da02,1706843088575964,7.0842853,0.7994715,1.0821531,11,1041
da02,1706843088675981,7.0785284,0.80011886,1.0733607,9,1042
da02,1706843088776067,7.0702443,0.80987388,1.073217,9,1043
da02,1706843088875963,7.0643644,0.82016414,1.075263,8,1044
da02,1706843088975954,7.0700159,0.82058257,1.0706469,10,1045
da02,1706843089076065,7.0616097,0.82082242,1.058977,9,1046
da02,1706843089175962,7.0477438,0.82042468,1.0609632,7,1047
da02,1706843089275964,7.0488143,0.81689709,1.0621684,9,1048
da02,1706843089376016,7.056139,0.8124606,1.0633984,10,1049
da02,1706843089475978,7.0526681,0.81885159,1.0557126,9,1050
da02,1706843089575961,7.0511642,0.82801312,1.0625083,8,1051
da02,1706843089675952,7.0585413,0.82907081,1.0610219,10,1052
da02,1706843089775966,7.0575972,0.82826364,1.062292,9,1053
da02,1706843089875990,7.0506511,0.83474588,1.058268,9,1054
da02,1706843089976538,7.05384,0.84034717,1.06602,9,1055
da02,1706843090076008,7.0428925,0.84300733,1.0608677,8,1056
da02,1706843090176191,7.0481319,0.8399033,1.0581768,10,1057
da02,1706843090276005,7.039484,0.83522922,1.0511191,8,1058
da02,1706843090376008,7.0446491,0.84377086,1.0517133,10,1059
da02,1706843090476666,7.0476403,0.83326566,1.0621666,8,1060
da02,1706843090575974,7.0508022,0.69805294,1.0456593,70,1061
da02,1706843090675984,7.0663791,0.72833246,1.0492096,11,1062
da02,1706843090775986,7.0747333,0.74084622,1.0570879,10,1063
da02,1706843090876020,7.0750008,0.76697695,1.0659148,9,1064
da02,1706843090975949,7.0772033,0.78139424,1.0690986,10,1065
da02,1706843091076164,7.0794477,0.80383313,1.0662699,11,1066
da02,1706843091176012,7.0717626,0.80854791,1.0689056,8,1067
da02,1706843091275976,7.0701737,0.81364816,1.0690374,9,1068
da02,1706843091376002,7.0755057,0.81683362,1.0660619,10,1069
da02,1706843091476090,7.0767274,0.82398456,1.072364,9,1070
da02,1706843091575971,7.0806212,0.81221616,1.0647622,10,1071
da02,1706843091676089,7.0776634,0.81116259,1.0666035,9,1072
da02,1706843091776016,7.0670691,0.80950677,1.0686275,8,1073
da02,1706843091875984,7.0655627,0.8098284,1.0752687,8,1074
da02,1706843091976100,7.0711837,0.81913912,1.0776637,10,1075
da02,1706843092076025,7.0717564,0.81410927,1.0790795,9,1076
da02,1706843092175986,7.0678039,0.82229209,1.0749058,9,1077
da02,1706843092276021,7.0534558,0.82386547,1.065722,8,1078
da02,1706843092375966,7.04476,0.83954871,1.0668579,8,1079
da02,1706843092476006,7.0446572,0.83197844,1.0647874,9,1080
da02,1706843092576081,7.0598111,0.83178711,1.0586605,11,1081
da02,1706843092677584,7.0589137,0.83101904,1.0657241,9,1082
da02,1706843092776048,7.0597696,0.83008569,1.0717807,9,1083
da02,1706843092876082,7.0549335,0.83448,1.0921893,8,1084
da02,1706843092976118,7.0586786,0.83307093,1.0938053,9,1085
da02,1706843093076037,7.0515962,0.83150715,1.0949199,7,1086
da02,1706843093176125,7.05548,0.8272267,1.0772048,10,1087
da02,1706843093276048,7.0695596,0.82107782,1.0741816,11,1088
da02,1706843093376111,7.0689392,0.81927252,1.0805529,9,1089
da02,1706843093476072,7.0734215,0.821008,1.0787512,10,1090
da02,1706843093576112,7.0829206,0.82316595,1.0736904,11,1091
da02,1706843093676200,7.0625091,0.82773381,1.0779412,8,1092
da02,1706843093776092,7.0633793,0.81905621,1.0730022,9,1093
da02,1706843093876069,7.0647025,0.81739706,1.0769241,9,1094
da02,1706843093976150,7.0542154,0.81833917,1.0683572,8,1095
da02,1706843094076114,7.0489717,0.82206208,1.0634464,9,1096
da02,1706843094175994,7.0454383,0.8243857,1.0722119,8,1097
da02,1706843094276193,7.0338707,0.8358025,1.0703963,8,1098
da02,1706843094376094,7.0432997,0.83145308,1.0777864,9,1099
da02,1706843094476119,7.0533285,0.83648467,1.0764041,10,1100
da02,1706843094576082,7.0636659,0.82643867,1.0866981,9,1101
da02,1706843094676183,7.0605364,0.83487123,1.0820228,9,1102
da02,1706843094776026,7.0562549,0.84297693,1.0847187,8,1103
da02,1706843094876080,7.0524993,0.83530796,1.0760907,9,1104
da02,1706843094976182,7.0500364,0.83136976,1.0789584,8,1105
da02,1706843095076058,7.0446944,0.8328678,1.0796585,8,1106
da02,1706843095176079,7.0489683,0.84042847,1.0813924,9,1107
da02,1706843095276143,7.0526185,0.84240878,1.078815,9,1108
da02,1706843095376050,7.0512614,0.83463985,1.0611044,10,1109
da02,1706843095476730,7.0624909,0.83147395,1.0594864,11,1110
da02,1706843095576103,7.0704093,0.83615845,1.0631803,10,1111
da02,1706843095676106,7.0725036,0.83770043,1.0763928,9,1112
da02,1706843095776179,7.0745993,0.8330074,1.0665952,10,1113
da02,1706843095876049,7.0617509,0.82432562,1.0740287,7,1114
da02,1706843095976291,7.0720959,0.83077109,1.0849428,10,1115
da02,1706843096076235,7.0613055,0.82796907,1.078903,8,1116
da02,1706843096176071,7.07115,0.8264426,1.0801219,10,1117
da02,1706843096276100,7.0827508,0.82803208,1.0720985,12,1118
da02,1706843096376180,7.080359,0.82526672,1.0763186,9,1119
da02,1706843096476120,7.0698237,0.82162893,1.0711316,8,1120
da02,1706843096576051,7.062911,0.82792103,1.0660247,9,1121
da02,1706843096676202,7.0647016,0.8271054,1.0624522,10,1122
da02,1706843096776067,7.064064,0.83052868,1.0666231,9,1123
da02,1706843096876094,7.0449429,0.83108222,1.0614324,8,1124
da02,1706843096976172,7.056067,0.83693582,1.0690823,10,1125
da02,1706843097076121,7.056941,0.83081466,1.0669833,9,1126
da02,1706843097176062,7.0587049,0.82851642,1.0620511,10,1127
da02,1706843097276754,7.0719194,0.8265565,1.0604525,11,1128
da02,1706843097376067,7.0752339,0.82908458,1.06335,10,1129
da02,1706843097476114,7.0720181,0.82865727,1.0662045,9,1130
da02,1706843097576109,7.0783424,0.83335763,1.0627476,11,1131
da02,1706843097676211,7.0739079,0.83562744,1.0620031,9,1132
da02,1706843097776068,7.0745449,0.82798904,1.0663518,9,1133
da02,1706843097876114,7.0653906,0.8281585,1.0650765,8,1134
da02,1706843097976154,7.0664849,0.8305648,1.0742046,9,1135
da02,1706843098076095,7.0627933,0.82896596,1.0773125,8,1136
da02,1706843098176199,7.057385,0.82592291,1.0708877,9,1137
da02,1706843098276226,7.0580206,0.81693226,1.0666064,9,1138
da02,1706843098376110,7.0674968,0.82152528,1.068469,10,1139
da02,1706843098476144,7.0754595,0.81976283,1.0667564,11,1140
da02,1706843098576166,7.0678654,0.82911134,1.0659401,9,1141
da02,1706843098676082,7.0649219,0.83130717,1.0643204,9,1142
da02,1706843098776090,7.0683727,0.83630711,1.0741861,9,1143
da02,1706843098876168,7.0694785,0.83820534,1.0762699,9,1144
da02,1706843098976113,7.0645628,0.84066057,1.0796467,8,1145
da02,1706843099076276,7.0685725,0.83967578,1.0742368,10,1146
da02,1706843099176128,7.0776391,0.84426922,1.0679284,11,1147
da02,1706843099276152,7.0582929,0.83500367,1.0658867,7,1148
da02,1706843099376106,7.062088,0.8271699,1.0630393,10,1149
da02,1706843099476136,7.0614438,0.82344836,1.0700277,8,1150
da02,1706843099576048,7.0650458,0.82902372,1.0642443,10,1151
da02,1706843099676131,7.0621037,0.82630134,1.0743331,8,1152
da02,1706843099776136,7.0686617,0.8270241,1.075497,10,1153
da02,1706843099876140,7.0720873,0.82454491,1.0783055,9,1154
da02,1706843099976074,7.0773282,0.82462895,1.0740622,10,1155
da02,1706843100076146,7.0819688,0.82852072,1.0630949,11,1156
da02,1706843100176153,7.0828514,0.82043147,1.0772735,9,1157
da02,1706843100276087,7.0769181,0.82519382,1.0714873,9,1158
da02,1706843100376093,7.0794473,0.82330185,1.0599281,11,1159
da02,1706843100476191,7.0832396,0.82217818,1.064752,10,1160
da02,1706843100576067,7.0831127,0.83968538,1.0586499,11,1161
da02,1706843100676113,7.096127,0.82487273,1.0610306,11,1162
da02,1706843100776238,7.0831456,0.82321686,1.0611218,9,1163
da02,1706843100876098,7.069973,0.82195777,1.0582931,8,1164
da02,1706843100976135,7.0623341,0.8243472,1.0642381,8,1165
da02,1706843101076228,7.0703506,0.82632011,1.0690655,10,1166
da02,1706843101176256,7.067914,0.83034933,1.0667416,9,1167
da02,1706843101276195,7.0542321,0.835818,1.067669,8,1168
da02,1706843101376129,7.0601544,0.83007497,1.0610244,10,1169
da02,1706843101477115,7.0411272,0.84142631,1.0699704,9,1170
da02,1706843101576165,7.0544009,0.8391012,1.0809566,9,1171
da02,1706843101676134,7.0621681,0.83401448,1.0772895,10,1172
da02,1706843101776094,7.0604248,0.8484059,1.0735381,10,1173
da02,1706843101876113,7.0621066,0.83864778,1.0797136,9,1174
da02,1706843101976210,7.0729151,0.83570737,1.0657386,12,1175
da02,1706843102076131,7.0683374,0.83551437,1.0627611,9,1176
da02,1706843102176127,7.0811176,0.82543069,1.0686154,11,1177
da02,1706843102276235,7.0715847,0.70052856,1.053485,70,1178
da02,1706843102376179,7.0776358,0.73531771,1.0627835,10,1179
da02,1706843102476151,7.0745063,0.76319844,1.0659057,9,1180
da02,1706843102576272,7.0730262,0.77436632,1.0788406,8,1181
da02,1706843102676182,7.0673137,0.78719211,1.0797414,8,1182
da02,1706843102776148,7.0675015,0.80358404,1.0814632,9,1183
da02,1706843102876257,7.0709386,0.80179745,1.0686698,10,1184
da02,1706843102976152,7.0733171,0.81280279,1.0629498,10,1185
da02,1706843103076122,7.0739121,0.82320184,1.0672547,10,1186
da02,1706843103176177,7.0546532,0.82550788,1.0726975,8,1187
da02,1706843103276178,7.0512238,0.82661337,1.0798966,8,1188
da02,1706843103376096,7.0529351,0.82114792,1.084707,8,1189
da02,1706843103476286,7.0571833,0.82426637,1.0771803,10,1190
da02,1706843103576179,7.052722,0.82722718,1.0749668,8,1191
da02,1706843103676166,7.0461044,0.81932592,1.067238,8,1192
da02,1706843103776192,7.0473132,0.83284062,1.0723743,9,1193
da02,1706843103876190,7.0610204,0.83084303,1.0766374,10,1194
da02,1706843103976264,7.0656424,0.824792,1.0759975,9,1195
da02,1706843104076172,7.0533071,0.83089161,1.0766988,8,1196
da02,1706843104176134,7.0566282,0.83561867,1.0777603,9,1197
da02,1706843104276290,7.0690885,0.83973062,1.0712509,11,1198
da02,1706843104376142,7.0621848,0.82947177,1.0687274,8,1199
da02,1706843104476168,7.0729966,0.82534623,1.071509,10,1200
da02,1706843104576252,7.0875373,0.829444,1.0731441,12,1201
da02,1706843104676156,7.0793042,0.83081681,1.0683151,9,1202
da02,1706843104776146,7.0788312,0.83413422,1.0677923,10,1203
da02,1706843104876272,7.0766335,0.83171088,1.0713483,9,1204
da02,1706843104976218,7.0785546,0.81982112,1.0775775,9,1205
da02,1706843105076193,7.0986762,0.81754839,1.0850044,12,1206
da02,1706843105176274,7.0874186,0.81326377,1.0771195,9,1207
da02,1706843105276162,7.0776148,0.82228428,1.0868686,8,1208
da02,1706843105376158,7.0702777,0.82809234,1.0747917,9,1209
da02,1706843105476276,7.0680232,0.82155794,1.0716144,9,1210
da02,1706843105576168,7.0662355,0.82224464,1.0747876,9,1211
da02,1706843105676182,7.0691023,0.82322925,1.0711977,10,1212
da02,1706843105776240,7.0730906,0.82885593,1.0683534,10,1213
da02,1706843105876316,7.0678244,0.82322055,1.067711,9,1214
da02,1706843105976213,7.06658,0.81638592,1.0707871,9,1215
da02,1706843106076187,7.0697393,0.81843382,1.0730309,9,1216
da02,1706843106176266,7.0587683,0.81944233,1.0716732,8,1217
da02,1706843106276425,7.06197,0.8203178,1.0753086,9,1218
da02,1706843106376307,7.0568209,0.81599808,1.0797002,8,1219
da02,1706843106476250,7.07076,0.82585591,1.0663171,12,1220
da02,1706843106576167,7.0683131,0.82208085,1.077336,8,1221
da02,1706843106676280,7.0752435,0.82429546,1.0723742,11,1222
da02,1706843106776164,7.0624957,0.82530749,1.0742964,8,1223
da02,1706843106876193,7.0797629,0.82156616,1.07649,11,1224
da02,1706843106976276,7.0716457,0.8200103,1.0710237,9,1225
da02,1706843107076196,7.0722828,0.82783979,1.0756897,9,1226
da02,1706843107176186,7.0708675,0.83232713,1.0652685,10,1227
da02,1706843107276727,7.070859,0.84231913,1.0669816,10,1228
da02,1706843107376099,7.0642815,0.83064234,1.0714082,8,1229
da02,1706843107476180,7.0677576,0.82164508,1.0699829,10,1230
da02,1706843107576295,7.0735307,0.832885,1.0700763,10,1231
da02,1706843107676194,7.0714445,0.83296245,1.0816834,8,1232
da02,1706843107776208,7.0732613,0.83868581,1.0837772,9,1233
da02,1706843107876288,7.07448,0.82766265,1.0830358,9,1234
da02,1706843107976252,7.078681,0.83070236,1.0776423,10,1235
da02,1706843108077774,7.0755625,0.81790239,1.0717605,9,1236
da02,1706843108176328,7.0804157,0.81375104,1.0571738,11,1237
da02,1706843108276716,7.077847,0.81532681,1.0592389,9,1238
da02,1706843108376197,7.0642061,0.8099767,1.0605726,8,1239
da02,1706843108476286,7.0552869,0.8169381,1.054478,9,1240
da02,1706843108576162,7.0578108,0.81991613,1.0620093,9,1241
da02,1706843108676232,7.0453248,0.81602758,1.0594305,7,1242
da02,1706843108776303,7.0496607,0.81440538,1.0580608,9,1243
da02,1706843108876189,7.05136,0.81464493,1.0604056,9,1244
da02,1706843108976208,7.0781426,0.80166811,1.0635345,12,1245
da02,1706843109076298,7.07383,0.80738157,1.0611503,9,1246
da02,1706843109176192,7.0737181,0.804156,1.0739237,8,1247
da02,1706843109276221,7.06769,0.81850034,1.0752017,9,1248
da02,1706843109376292,7.0662894,0.82522362,1.0727566,9,1249
da02,1706843109476252,7.0775394,0.82742107,1.0733318,11,1250
da02,1706843109576300,7.0689716,0.81533015,1.0775344,8,1251
da02,1706843109676217,7.0684052,0.81942677,1.0883282,8,1252
da02,1706843109776180,7.0756884,0.82190275,1.0854484,10,1253
da02,1706843109876395,7.0703268,0.83075011,1.0793765,9,1254
da02,1706843109976280,7.0721526,0.83072835,1.0749981,10,1255
da02,1706843110076328,7.0570388,0.83536553,1.0724477,8,1256
da02,1706843110176365,7.0632467,0.72133118,1.046822,70,1257
da02,1706843110276252,7.0621991,0.75195169,1.0528055,9,1258
da02,1706843110376226,7.0580153,0.77263,1.0574359,9,1259
da02,1706843110476378,7.075974,0.78353983,1.0669206,11,1260
da02,1706843110576226,7.0759854,0.79564589,1.0721858,9,1261
da02,1706843110676288,7.0829239,0.803733,1.0703441,11,1262
da02,1706843110776337,7.0904503,0.80643588,1.0749171,10,1263
da02,1706843110876356,7.0823135,0.80939204,1.0782439,8,1264
da02,1706843110976265,7.0719523,0.81572717,1.0730147,9,1265
da02,1706843111076403,7.0739508,0.80670571,1.0712162,9,1266
da02,1706843111176280,7.06607,0.81333286,1.0687894,9,1267
da02,1706843111276321,7.0701432,0.81427652,1.0732747,9,1268
da02,1706843111376388,7.0681291,0.82205576,1.0713114,9,1269
da02,1706843111476284,7.0679293,0.81781983,1.0663401,10,1270
da02,1706843111576265,7.0702095,0.8299644,1.0681725,10,1271
da02,1706843111676273,7.0777917,0.830177,1.0727963,10,1272
da02,1706843111776288,7.0692673,0.83503044,1.0724839,9,1273
da02,1706843111876325,7.0710239,0.83095425,1.0677105,10,1274
da02,1706843111976253,7.090188,0.83964384,1.0738906,12,1275
da02,1706843112076390,7.0884948,0.84262776,1.0734822,10,1276
da02,1706843112176298,7.0764976,0.8462432,1.0712794,9,1277
da02,1706843112276269,7.0763,0.84835482,1.0659168,10,1278
da02,1706843112376385,7.0591688,0.83957285,1.0668572,7,1279
da02,1706843112476297,7.0552111,0.84761572,1.0737273,8,1280
da02,1706843112576364,7.0553055,0.85296226,1.0765665,9,1281
da02,1706843112676434,7.0523314,0.85654521,1.0806265,8,1282
da02,1706843112776248,7.0575447,0.84665155,1.0827146,9,1283
da02,1706843112876406,7.0596986,0.85412115,1.0845424,9,1284
da02,1706843112976262,7.0580893,0.84634256,1.0747449,9,1285
da02,1706843113076391,7.0584397,0.838992,1.0715833,9,1286
da02,1706843113176390,7.0664978,0.82267964,1.0740745,9,1287
da02,1706843113276299,7.0714369,0.83368307,1.0696254,11,1288
da02,1706843113376254,7.0594959,0.84128219,1.0752048,8,1289
da02,1706843113476409,7.067162,0.82889742,1.0857249,9,1290
da02,1706843113576260,7.0786047,0.82985568,1.0765593,11,1291
da02,1706843113676276,7.0761147,0.82663608,1.0761584,9,1292
da02,1706843113776379,7.0692921,0.82346642,1.0680411,9,1293
da02,1706843113876284,7.05805,0.82354194,1.0744925,7,1294
da02,1706843113976328,7.0606308,0.82640737,1.0722575,9,1295
da02,1706843114076334,7.0722103,0.82495725,1.0683695,11,1296
da02,1706843114176327,7.0701137,0.82178932,1.0851496,8,1297
da02,1706843114276306,7.0788989,0.82411164,1.0777017,11,1298
da02,1706843114376277,7.0785441,0.82568663,1.0851222,9,1299
da02,1706843114476327,7.0622206,0.82905465,1.0727538,8,1300
da02,1706843114576258,7.0782571,0.83330429,1.0784879,11,1301
da02,1706843114676294,7.0784073,0.83579308,1.0613639,11,1302
da02,1706843114776286,7.073915,0.83962584,1.069304,9,1303
da02,1706843114876298,7.0848246,0.83791953,1.0639851,12,1304
da02,1706843114976257,7.0892639,0.83023453,1.0576144,11,1305
da02,1706843115076286,7.07255,0.8345589,1.0712901,8,1306
da02,1706843115176307,7.064671,0.83230293,1.0746704,8,1307
da02,1706843115276317,7.062675,0.82354158,1.0790339,8,1308
da02,1706843115376285,7.0591822,0.82335705,1.0746871,9,1309
da02,1706843115476328,7.0626411,0.82174164,1.0858587,8,1310
da02,1706843115576260,7.05718,0.82610875,1.0790886,9,1311
da02,1706843115676324,7.0589404,0.82158828,1.0738522,9,1312
da02,1706843115776316,7.0577874,0.82936096,1.0741072,9,1313
da02,1706843115876290,7.0585589,0.82809693,1.0766572,9,1314
da02,1706843115976313,7.0741558,0.82403314,1.0701861,11,1315
da02,1706843116076370,7.0816097,0.820519,1.0711979,10,1316
da02,1706843116176357,7.0818558,0.81749421,1.0630488,10,1317
da02,1706843116276280,7.0824275,0.81487978,1.0542237,11,1318
da02,1706843116376428,7.0878134,0.81365395,1.0592259,10,1319
da02,1706843116476328,7.0925441,0.81086034,1.0760857,9,1320
da02,1706843116576325,7.0940404,0.82065487,1.0867585,10,1321
da02,1706843116676382,7.0914416,0.82506746,1.0782475,10,1322
da02,1706843116776287,7.079524,0.83004975,1.0800073,8,1323
da02,1706843116876359,7.0631166,0.82545882,1.0819625,7,1324
da02,1706843116976560,7.0579171,0.82855552,1.0734202,9,1325
da02,1706843117076322,7.06554,0.82759535,1.0744518,10,1326
da02,1706843117176317,7.0662069,0.83165455,1.076753,9,1327
da02,1706843117277195,7.0704908,0.83775145,1.076001,10,1328
da02,1706843117376338,7.08854,0.82949293,1.0666966,12,1329
da02,1706843117476347,7.0670843,0.83325076,1.0702904,8,1330
da02,1706843117576401,7.0740242,0.82744318,1.0642718,11,1331
da02,1706843117676348,7.0807195,0.82612586,1.0578278,11,1332
da02,1706843117776315,7.0763831,0.83272439,1.0729424,8,1333
da02,1706843117876402,7.0698333,0.83098692,1.0715228,9,1334
da02,1706843117976309,7.0740194,0.83426666,1.0734348,10,1335
da02,1706843118076289,7.0692129,0.82873696,1.0857248,8,1336
da02,1706843118176315,7.0552707,0.83122075,1.0846102,8,1337
da02,1706843118276435,7.0511632,0.8402223,1.0869584,8,1338
da02,1706843118376291,7.0605612,0.83190948,1.0756458,10,1339
da02,1706843118476368,7.0600829,0.84054804,1.0686885,10,1340
da02,1706843118576382,7.0666618,0.84485394,1.0648398,11,1341
da02,1706843118676326,7.0744352,0.837613,1.0667583,10,1342
da02,1706843118776428,7.0701971,0.83957881,1.0629194,9,1343
da02,1706843118876392,7.0671968,0.82976139,1.0678301,8,1344
da02,1706843118976305,7.0688567,0.81760806,1.0627909,10,1345
da02,1706843119076422,7.0717411,0.82456541,1.0699108,9,1346
da02,1706843119176414,7.0709171,0.82605559,1.0684596,9,1347
da02,1706843119276863,7.0645709,0.82706165,1.0726129,8,1348
da02,1706843119376464,7.0628219,0.83050966,1.0707356,9,1349
da02,1706843119476321,7.0566163,0.82892817,1.0680059,8,1350
da02,1706843119576396,7.0599079,0.83233947,1.0653797,10,1351
da02,1706843119676474,7.0491204,0.82981086,1.0703509,7,1352
da02,1706843119776324,7.049819,0.82512176,1.0620021,9,1353
da02,1706843119876300,7.0589776,0.83221132,1.0556756,11,1354
da02,1706843119976496,7.0491576,0.83120346,1.0658906,8,1355
da02,1706843120076325,7.065906,0.82517672,1.0733296,10,1356
da02,1706843120176344,7.0658908,0.81941479,1.06646,10,1357
da02,1706843120276419,7.06235,0.82065761,1.0639194,9,1358
da02,1706843120376318,7.0770168,0.81504852,1.0671161,11,1359
da02,1706843120476322,7.0598521,0.80558765,1.0649966,7,1360
da02,1706843120576450,7.0442944,0.80105257,1.0712612,7,1361
da02,1706843120676372,7.0324578,0.80777645,1.0753378,8,1362
da02,1706843120776348,7.0448647,0.81578821,1.0686345,10,1363
da02,1706843120876377,7.0488839,0.81688571,1.0608439,10,1364
da02,1706843120976490,7.0487666,0.82284385,1.0624895,9,1365
da02,1706843121076456,7.0394573,0.83276087,1.0680039,8,1366
da02,1706843121176384,7.0584788,0.838673,1.0713476,11,1367
da02,1706843121276509,7.0621552,0.83324742,1.0757555,9,1368
da02,1706843121376426,7.062336,0.82392335,1.0730398,9,1369
da02,1706843121476475,7.0600729,0.82366025,1.0699009,9,1370
da02,1706843121576488,7.0676079,0.82020712,1.0680186,10,1371
da02,1706843121676398,7.0633774,0.81371665,1.0691527,8,1372
da02,1706843121776435,7.0727563,0.81353062,1.0683199,10,1373
da02,1706843121876445,7.0721169,0.8141036,1.0596955,10,1374
da02,1706843121976347,7.0779958,0.82159817,1.0716108,10,1375
da02,1706843122076450,7.078166,0.68953091,1.0407691,70,1376
da02,1706843122176417,7.0676684,0.72801727,1.0497347,8,1377
da02,1706843122276354,7.0738182,0.74022233,1.0515467,10,1378
da02,1706843122376506,7.0778265,0.76323271,1.0560334,10,1379
da02,1706843122476429,7.0908656,0.77764022,1.0586783,12,1380
da02,1706843122576376,7.0891557,0.78376168,1.0694673,9,1381
da02,1706843122676480,7.0898166,0.78538632,1.0786871,9,1382
da02,1706843122776436,7.0868249,0.79337436,1.0696381,10,1383
da02,1706843122876428,7.0783076,0.78533792,1.065289,9,1384
da02,1706843122976532,7.0746365,0.7999444,1.0701671,9,1385
da02,1706843123076415,7.0695572,0.81309742,1.0751495,9,1386
da02,1706843123176396,7.0793128,0.8123346,1.0746547,11,1387
da02,1706843123276464,7.0823441,0.817002,1.0668589,11,1388
da02,1706843123376427,7.0781465,0.817748,1.0667859,9,1389
da02,1706843123477908,7.0691657,0.82493663,1.0703646,8,1390
da02,1706843123576488,7.0752645,0.81706148,1.0656613,10,1391
da02,1706843123676416,7.0809169,0.81566912,1.0632489,11,1392
da02,1706843123776497,7.0701332,0.82115805,1.0634727,8,1393
da02,1706843123876435,7.0617352,0.82111549,1.0687464,8,1394
da02,1706843123976426,7.0711927,0.81608641,1.0659173,11,1395
da02,1706843124076531,7.0638103,0.80832779,1.0712658,8,1396
da02,1706843124176441,7.0680661,0.80976111,1.0775139,9,1397
da02,1706843124276370,7.0543022,0.82368493,1.0806961,8,1398
da02,1706843124376548,7.0620575,0.824693,1.0778089,10,1399
da02,1706843124476481,7.0556607,0.82260936,1.0905726,7,1400
da02,1706843124576452,7.0468211,0.83814329,1.0941995,8,1401
da02,1706843124676474,7.0443678,0.8470934,1.0782583,9,1402
da02,1706843124776402,7.0566368,0.83478463,1.0756917,10,1403
da02,1706843124876380,7.0628285,0.84600753,1.0798599,10,1404
da02,1706843124976513,7.0566254,0.84052151,1.0786433,8,1405
da02,1706843125076370,7.0680594,0.83438104,1.0768424,10,1406
da02,1706843125176396,7.0709395,0.82632238,1.0758015,9,1407
da02,1706843125276424,7.0737906,0.82515824,1.0751052,10,1408
da02,1706843125376530,7.0736327,0.82425082,1.0751418,9,1409
da02,1706843125476443,7.07062,0.83734035,1.0753378,9,1410
da02,1706843125576399,7.059742,0.83767277,1.0835264,8,1411
da02,1706843125676999,7.0591412,0.84185863,1.0762306,9,1412
da02,1706843125776473,7.055758,0.83782071,1.0742822,9,1413
da02,1706843125876462,7.0671835,0.82378167,1.0622519,11,1414
da02,1706843125976497,7.0710726,0.81769139,1.0556505,10,1415
da02,1706843126076456,7.0788946,0.81725842,1.0595977,10,1416
da02,1706843126176504,7.0793395,0.82100481,1.058839,10,1417
da02,1706843126276404,7.0787845,0.82893449,1.0728369,9,1418
da02,1706843126376439,7.083323,0.83569324,1.0836475,10,1419
da02,1706843126476459,7.0757585,0.83584791,1.0789363,9,1420
da02,1706843126576390,7.0819697,0.83461082,1.0770847,10,1421
da02,1706843126676424,7.0798907,0.84776336,1.0756662,10,1422
da02,1706843126776465,7.0704165,0.85083103,1.0743362,9,1423
da02,1706843126876414,7.0804133,0.83690774,1.0702876,11,1424
da02,1706843126976443,7.0780149,0.84571838,1.0745528,9,1425
da02,1706843127076466,7.073164,0.85197347,1.0720427,9,1426
da02,1706843127176410,7.0733852,0.85404116,1.0772055,9,1427
da02,1706843127276438,7.0640945,0.85031658,1.0728952,8,1428
da02,1706843127376421,7.0667539,0.84276807,1.070749,10,1429
da02,1706843127476475,7.0588012,0.8376621,1.0807728,7,1430
da02,1706843127576464,7.0663323,0.82543206,1.0809342,10,1431
da02,1706843127676443,7.0671406,0.83306861,1.0761803,10,1432
da02,1706843127776430,7.0648217,0.83053619,1.0719678,9,1433
da02,1706843127876727,7.053246,0.82471788,1.0752678,7,1434
da02,1706843127976458,7.0397754,0.83485323,1.0799588,8,1435
da02,1706843128076441,7.048018,0.83826143,1.0771729,10,1436
da02,1706843128176716,7.0553432,0.84091365,1.0672345,10,1437
da02,1706843128276488,7.0771213,0.8329466,1.0679795,12,1438
da02,1706843128376704,7.0707026,0.83525223,1.0703009,9,1439
da02,1706843128476510,7.0647588,0.83582062,1.075773,8,0
da02,1706843128576494,7.0682449,0.84098411,1.0641849,11,1
da02,1706843128676481,7.0759559,0.83886826,1.0611939,11,2
da02,1706843128776514,7.0738721,0.82592666,1.0573815,10,3
da02,1706843128876536,7.0599947,0.82352906,1.0612359,7,4
da02,1706843128976570,7.061234,0.831666,1.0578983,10,5
da02,1706843129076514,7.0560036,0.84132671,1.0645331,8,6
da02,1706843129176518,7.0457511,0.84028578,1.0697615,8,7
da02,1706843129276476,7.0567813,0.8360033,1.076548,9,8
da02,1706843129376470,7.06048,0.83273852,1.0789647,9,9
da02,1706843129476473,7.0669556,0.83904094,1.068765,11,10
da02,1706843129576474,7.055089,0.838529,1.0840962,8,11
da02,1706843129676602,7.0536819,0.84650761,1.0835893,9,12
da02,1706843129776505,7.06597,0.8564108,1.07995,11,13
da02,1706843129876496,7.0719218,0.85149258,1.0776987,10,14
da02,1706843129976582,7.0691042,0.84814864,1.0690678,10,15
da02,1706843130076518,7.0808043,0.84463233,1.0703031,11,16
da02,1706843130176450,7.0790815,0.8484937,1.0835326,9,17
da02,1706843130277137,7.0690932,0.84871894,1.084641,8,18
da02,1706843130376510,7.0718784,0.85134512,1.0760314,10,19
da02,1706843130476563,7.0765166,0.83759946,1.0715752,10,20
da02,1706843130576587,7.0657487,0.834175,1.0765327,8,21
da02,1706843130676609,7.0546255,0.83018208,1.0666678,8,22
da02,1706843130776476,7.0532188,0.82266855,1.075021,8,23
da02,1706843130876652,7.0631261,0.82316756,1.0829598,9,24
da02,1706843130976539,7.0625505,0.82459593,1.079864,9,25
da02,1706843131076506,7.0536661,0.82931775,1.0758543,8,26
da02,1706843131176579,7.0420713,0.83205456,1.0726655,8,27
da02,1706843131276535,7.0414219,0.83077818,1.0784595,8,28
da02,1706843131376562,7.051641,0.82964659,1.0736749,10,29
da02,1706843131476553,7.0570621,0.82542926,1.0658057,10,30
da02,1706843131576638,7.0697603,0.83276528,1.0712785,11,31
da02,1706843131676526,7.0663757,0.83175266,1.0751876,9,32
da02,1706843131776559,7.0754271,0.82560939,1.0660162,11,33
da02,1706843131876613,7.0695906,0.81964165,1.0693946,8,34
da02,1706843131976519,7.0637178,0.81332374,1.0629215,9,35
da02,1706843132076611,7.0745459,0.80836469,1.0743624,10,36
da02,1706843132176538,7.0741329,0.814992,1.0794656,9,37
da02,1706843132276542,7.0693703,0.81205416,1.0819309,8,38
da02,1706843132376599,7.0633392,0.8210603,1.0803808,9,39
da02,1706843132476557,7.0536046,0.8194707,1.0906553,8,40
da02,1706843132576504,7.0587378,0.82741266,1.0942208,9,41
da02,1706843132676690,7.0550685,0.82733577,1.0905238,8,42
da02,1706843132776551,7.0471244,0.81896269,1.0878274,7,43
da02,1706843132876478,7.0586872,0.81367296,1.0866426,10,44
da02,1706843132976511,7.0640345,0.82721388,1.0858743,10,45
da02,1706843133076547,7.0624743,0.82726592,1.0795958,9,46
da02,1706843133176520,7.0670915,0.82399917,1.0761907,10,47
da02,1706843133276456,7.0522704,0.82126051,1.0821785,8,48
da02,1706843133376510,7.052803,0.82799882,1.0799809,9,49
da02,1706843133476634,7.06909,0.82130033,1.0770553,11,50
da02,1706843133576510,7.073009,0.831873,1.0742301,10,51
da02,1706843133676501,7.0715137,0.82964557,1.0737196,9,52
da02,1706843133776530,7.0775795,0.83102268,1.0813881,10,53
da02,1706843133876950,7.0652428,0.8392731,1.0875461,8,54
da02,1706843133976520,7.0776687,0.83055729,1.07311,12,55
da02,1706843134076504,7.0811729,0.82612652,1.0718272,10,56
da02,1706843134176524,7.0814672,0.81937391,1.0855129,8,57
da02,1706843134276532,7.0851169,0.81884617,1.0887787,10,58
da02,1706843134376518,7.0664845,0.82117087,1.0875274,8,59
da02,1706843134476629,7.0588894,0.82786429,1.085173,8,60
da02,1706843134576480,7.05791,0.82397,1.0831257,9,61
da02,1706843134676520,7.0648232,0.82157105,1.074789,10,62
da02,1706843134776540,7.0603142,0.82785457,1.0722694,9,63
da02,1706843134876484,7.0585856,0.82431841,1.0761925,8,64
da02,1706843134976601,7.0621929,0.82586038,1.0766774,9,65
da02,1706843135076522,7.0691671,0.82182407,1.0806605,9,66
da02,1706843135176509,7.0691352,0.81272519,1.084357,8,67
da02,1706843135276586,7.0693517,0.81682926,1.0765585,10,68
da02,1706843135376584,7.0648928,0.82204628,1.0763686,9,69
da02,1706843135476522,7.0628028,0.81925333,1.0737835,9,70
da02,1706843135576543,7.052,0.82265997,1.0722178,8,71
da02,1706843135676634,7.0584989,0.81908274,1.0640881,10,72
da02,1706843135776555,7.0667624,0.8186233,1.0691961,10,73
da02,1706843135876602,7.0569577,0.81692117,1.0767344,7,74
da02,1706843135976570,7.0503321,0.817236,1.0700024,8,75
da02,1706843136076487,7.0443258,0.83387983,1.0680307,8,76
da02,1706843136176557,7.0547881,0.84315711,1.0692645,10,77
da02,1706843136276570,7.0597558,0.83851922,1.0683827,10,78
da02,1706843136376517,7.0607409,0.83871335,1.0721191,9,79
da02,1706843136476606,7.0465937,0.84094095,1.0719552,8,80
da02,1706843136576599,7.0562449,0.83993971,1.0644159,11,81
da02,1706843136676536,7.0639811,0.83204728,1.061456,10,82
da02,1706843136776648,7.0720057,0.829484,1.0673072,10,83
da02,1706843136876544,7.0795403,0.82946295,1.0694138,10,84
da02,1706843136976555,7.0680852,0.82363558,1.0659006,8,85
da02,1706843137076590,7.0666847,0.82230872,1.071192,9,86
da02,1706843137176583,7.0629611,0.8216539,1.0746932,8,87
da02,1706843137276608,7.0452394,0.82663846,1.0716976,8,88
da02,1706843137376503,7.0572104,0.82507837,1.0687504,10,89
da02,1706843137476566,7.0653944,0.82461339,1.072,10,90
da02,1706843137576565,7.06039,0.82706183,1.0832571,8,91
da02,1706843137676600,7.056108,0.839381,1.0825919,9,92
da02,1706843137776596,7.0565619,0.83296609,1.0874406,8,93
da02,1706843137876697,7.053566,0.84680742,1.0841159,9,94
da02,1706843137976668,7.056952,0.83975273,1.0769947,10,95
da02,1706843138076572,7.070188,0.83531511,1.0781566,11,96
da02,1706843138176656,7.060617,0.83283663,1.0804216,8,97
da02,1706843138276590,7.0687847,0.82751131,1.070821,11,98
da02,1706843138376588,7.0678978,0.83008248,1.0749964,9,99
da02,1706843138476608,7.0834041,0.82550925,1.0797343,11,100
da02,1706843138576585,7.0780344,0.83275294,1.073101,10,101
da02,1706843138676596,7.0750532,0.82055056,1.072463,9,102
da02,1706843138776581,7.0735598,0.8129167,1.0709921,9,103
da02,1706843138878149,7.0770545,0.80499429,1.071864,10,104
da02,1706843138976643,7.0792737,0.80055183,1.0718067,10,105
da02,1706843139076672,7.0718727,0.81465095,1.0770485,8,106
da02,1706843139176591,7.0583968,0.81836355,1.0961916,8,107
da02,1706843139276651,7.0488958,0.80963063,1.0851719,8,108
da02,1706843139376641,7.0553145,0.81333244,1.0878941,9,109
da02,1706843139476680,7.0592813,0.82246631,1.0858725,9,110
da02,1706843139576614,7.0688567,0.82420737,1.0798262,11,111
da02,1706843139676688,7.0669756,0.81751972,1.0750443,9,112
da02,1706843139776611,7.075695,0.82495952,1.0766791,10,113
da02,1706843139876657,7.0807104,0.83096385,1.0695554,11,114
da02,1706843139976754,7.0926251,0.82993346,1.0681237,12,115
da02,1706843140076660,7.086597,0.82553762,1.0808631,8,116
da02,1706843140176654,7.0861521,0.83390212,1.0805066,10,117
da02,1706843140276715,7.0852,0.83084303,1.0786339,10,118
da02,1706843140376576,7.072998,0.83064544,1.077038,8,119
da02,1706843140476700,7.0657449,0.83090889,1.0742016,9,120
da02,1706843140576595,7.0656242,0.83265686,1.0737349,9,121
da02,1706843140676596,7.0566554,0.838975,1.0901445,8,122
da02,1706843140776670,7.0661268,0.83391804,1.0912,10,123
da02,1706843140876602,7.0680609,0.84386963,1.0889062,10,124
da02,1706843140976589,7.0631623,0.84190947,1.0907751,8,125
da02,1706843141076738,7.0689669,0.84591919,1.0776229,11,126
da02,1706843141176632,7.0668931,0.84182066,1.0607533,10,127
da02,1706843141277168,7.0591779,0.84446794,1.0654644,8,128
da02,1706843141376710,7.0551028,0.83489579,1.0661306,8,129
da02,1706843141476656,7.0553145,0.83784807,1.0689918,9,130
da02,1706843141576605,7.0513749,0.83405316,1.0677439,8,131
da02,1706843141676745,7.0732317,0.83187437,1.0786467,11,132
da02,1706843141776599,7.0762973,0.82745242,1.0789832,10,133
da02,1706843141876632,7.0928736,0.8206054,1.0760942,12,134
da02,1706843141976719,7.0851226,0.83015138,1.0745381,9,135
da02,1706843142076650,7.0921154,0.8285898,1.0636951,12,136
da02,1706843142176657,7.090024,0.827586,1.0712242,9,137
da02,1706843142276809,7.0812521,0.82374352,1.0764577,8,138
da02,1706843142376690,7.0794511,0.8328687,1.0805168,9,139
da02,1706843142476739,7.070549,0.83478361,1.0813401,8,140
da02,1706843142576738,7.07087,0.82848096,1.0777053,9,141
da02,1706843142676663,7.0711923,0.81811541,1.077024,9,142
da02,1706843142776645,7.0579481,0.81991309,1.0766838,7,143
da02,1706843142876775,7.0639563,0.82594407,1.0775824,10,144
da02,1706843142976617,7.078167,0.82238024,1.0784141,11,145
da02,1706843143076730,7.0663424,0.81565505,1.0770898,8,146
da02,1706843143176752,7.0561018,0.82411039,1.0730976,8,147
da02,1706843143276624,7.0651431,0.81229216,1.0690688,10,148
da02,1706843143376622,7.05931,0.82650024,1.0663356,9,149
da02,1706843143476779,7.0527859,0.82926464,1.0660862,8,150
da02,1706843143576655,7.0501962,0.83025205,1.0649419,9,151
da02,1706843143676680,7.0651393,0.82706958,1.0687596,11,152
da02,1706843143776772,7.059042,0.83014542,1.0624738,9,153
da02,1706843143876672,7.0575838,0.829419,1.0661259,9,154
da02,1706843143976727,7.0756822,0.82842451,1.0628375,12,155
da02,1706843144076832,7.0620017,0.83143431,1.0619783,8,156
da02,1706843144176667,7.0606709,0.82404745,1.0622916,9,157
da02,1706843144276670,7.0641694,0.82421738,1.0593731,10,158
da02,1706843144376753,7.0687308,0.82245868,1.0624275,10,159
da02,1706843144476678,7.059855,0.82617527,1.0707675,8,160
da02,1706843144576652,7.0540562,0.82268989,1.0659226,8,161
da02,1706843144676818,7.05423,0.82345164,1.0697604,9,162
da02,1706843144776686,7.0493832,0.82547992,1.0693371,8,163
da02,1706843144876803,7.0549049,0.82710725,1.0704871,9,164
da02,1706843144976796,7.0629597,0.82357645,1.0625913,11,165
da02,1706843145076659,7.0700502,0.82649112,1.0657294,10,166
da02,1706843145176648,7.0601273,0.82659435,1.0700544,8,167
da02,1706843145276788,7.0663414,0.83249682,1.0678635,10,168
da02,1706843145376657,7.0703416,0.82978904,1.0691516,10,169
da02,1706843145476730,7.0711551,0.820988,1.06857,9,170
da02,1706843145576787,7.0785046,0.82006752,1.0795914,9,171
da02,1706843145676744,7.0832086,0.8257367,1.0799899,10,172
da02,1706843145776689,7.0680304,0.83009261,1.0838745,8,173
da02,1706843145876824,7.0586,0.82935852,1.0760684,8,174
da02,1706843145976662,7.0497165,0.82387412,1.0742378,8,175
da02,1706843146076702,7.0506988,0.81798393,1.0728238,9,176
da02,1706843146176791,7.0361495,0.8193152,1.0802888,8,177
da02,1706843146276689,7.0427189,0.81905365,1.0857815,8,178
da02,1706843146376704,7.0571375,0.82422882,1.0867345,10,179
da02,1706843146476846,7.0562396,0.81935519,1.0863332,8,180
da02,1706843146576666,7.0650725,0.82006329,1.0711437,11,181
da02,1706843146676716,7.0629373,0.81776607,1.069865,9,182
da02,1706843146777272,7.0655289,0.81646436,1.0705004,9,183
da02,1706843146876659,7.0712123,0.8207649,1.0729853,10,184
da02,1706843146976943,7.0629478,0.81932491,1.0765703,8,185
da02,1706843147076822,7.0551672,0.82199013,1.0757905,8,186
da02,1706843147177186,7.0394592,0.82458276,1.0794204,8,187
da02,1706843147276688,7.057457,0.82587838,1.0704235,11,188
da02,1706843147376710,7.0498018,0.83356231,1.0775158,8,189
da02,1706843147476682,7.05575,0.82381791,1.0748432,9,190
da02,1706843147576654,7.0647154,0.82219356,1.073481,10,191
da02,1706843147676778,7.0717812,0.82398546,1.0708021,10,192
da02,1706843147776726,7.0745015,0.81894058,1.0661718,10,193
da02,1706843147876684,7.0668359,0.82436818,1.0667791,9,194
da02,1706843147976690,7.0694437,0.83153105,1.0673782,10,195
da02,1706843148076730,7.0649061,0.83645856,1.0667883,9,196
da02,1706843148176640,7.048964,0.83988708,1.0811782,8,197
da02,1706843148276756,7.076355,0.84714288,1.0811505,13,198
da02,1706843148376697,7.0643158,0.82818979,1.0825756,7,199
da02,1706843148476862,7.0554891,0.82491088,1.0767733,8,200
da02,1706843148576725,7.0457892,0.82430053,1.0712942,8,201
da02,1706843148676804,7.0439591,0.81643564,1.0622063,9,202
da02,1706843148776788,7.0447478,0.81844252,1.0572367,9,203
da02,1706843148876766,7.0513773,0.82521439,1.0587157,10,204
da02,1706843148976798,7.0582581,0.8307063,1.0582197,10,205
da02,1706843149076803,7.0519605,0.83465564,1.0607321,8,206
da02,1706843149176730,7.058773,0.83226991,1.05039,11,207
da02,1706843149276799,7.0562563,0.8299033,1.0532042,9,208
da02,1706843149376780,7.05932,0.825515,1.0696734,8,209
da02,1706843149476734,7.0742145,0.8246507,1.0797086,10,210
da02,1706843149576790,7.0613713,0.823666,1.0856464,8,211
da02,1706843149676805,7.0592952,0.82682747,1.0804355,9,212
da02,1706843149776720,7.0484562,0.81481135,1.077106,7,213
da02,1706843149876730,7.0579944,0.82216454,1.0738329,10,214
da02,1706843149976832,7.0624404,0.82917875,1.0674639,10,215
da02,1706843150076803,7.050272,0.82598221,1.0653083,8,216
da02,1706843150176825,7.0563064,0.82896972,1.0702926,9,217
da02,1706843150276851,7.0577497,0.833044,1.0728718,9,218
da02,1706843150376811,7.0689397,0.82770163,1.0646263,11,219
da02,1706843150477032,7.0690165,0.81604612,1.0606676,9,220
da02,1706843150576841,7.0788417,0.82027787,1.0505,12,221
da02,1706843150676800,7.0730925,0.82807642,1.0500472,10,222
da02,1706843150776873,7.0811872,0.82546461,1.050308,11,223
da02,1706843150876816,7.0802979,0.82676423,1.0531969,10,224
da02,1706843150976720,7.066514,0.83579135,1.0562949,8,225
da02,1706843151076820,7.0745692,0.8406024,1.0533196,11,226
da02,1706843151176800,7.0729938,0.84039712,1.0491744,10,227
da02,1706843151276815,7.0664263,0.84305656,1.0572311,8,228
da02,1706843151376782,7.0635524,0.83545488,1.0508304,10,229
da02,1706843151476788,7.06555,0.83346903,1.0562457,9,230
da02,1706843151576754,7.0583825,0.82472169,1.0653521,7,231
da02,1706843151676766,7.0473294,0.81698966,1.0657709,7,232
da02,1706843151776829,7.0530515,0.81666297,1.0615546,10,233
da02,1706843151876882,7.0734062,0.8165822,1.0697544,11,234
da02,1706843151976760,7.0779576,0.8167668,1.0696642,10,235
da02,1706843152076755,7.0785279,0.82734084,1.0685885,10,236
da02,1706843152176842,7.0763631,0.688087,1.0386269,70,237
da02,1706843152277313,7.0670905,0.72618055,1.0502206,8,238
da02,1706843152376750,7.0755048,0.75012094,1.0548298,10,239
da02,1706843152476865,7.0783582,0.76462632,1.0693965,9,240
da02,1706843152576784,7.0774693,0.77737874,1.0677705,10,241
da02,1706843152676828,7.0701518,0.79653203,1.0725985,8,242
da02,1706843152777006,7.0662661,0.80607116,1.0754936,9,243
da02,1706843152876998,7.0595722,0.81131285,1.0767758,8,244
da02,1706843152976845,7.0677862,0.8236143,1.0796412,10,245
da02,1706843153076804,7.0604253,0.8381021,1.0653414,10,246
da02,1706843153176769,7.0633249,0.85187167,1.0662005,10,247
da02,1706843153276792,7.0517559,0.83997208,1.0695434,7,248
da02,1706843153376743,7.0480609,0.8285107,1.0673983,8,249
da02,1706843153476823,7.0524287,0.82644469,1.0596347,10,250
da02,1706843153576772,7.0644217,0.83106744,1.0486059,12,251
da02,1706843153676792,7.065557,0.82191473,1.0572222,9,252
da02,1706843153776788,7.0607562,0.8348037,1.0613426,9,253
da02,1706843153876796,7.0553474,0.83848369,1.0641901,8,254
da02,1706843153976758,7.0613728,0.83050752,1.0704455,9,255
da02,1706843154076826,7.0623817,0.83014894,1.0664067,10,256
da02,1706843154176873,7.0747051,0.82672364,1.0558473,12,257
da02,1706843154278452,7.0788884,0.82779378,1.0527532,11,258
da02,1706843154376848,7.0824146,0.82825434,1.0477124,11,259
da02,1706843154476883,7.0769811,0.82948571,1.0613908,8,260
da02,1706843154576807,7.0662618,0.81799918,1.0619464,8,261
da02,1706843154676846,7.0730171,0.812943,1.0710126,9,262
da02,1706843154776833,7.087316,0.808167,1.0753429,11,263
da02,1706843154876846,7.08062,0.81785238,1.071816,9,264
da02,1706843154976797,7.0692868,0.81452411,1.0725368,8,265
da02,1706843155076944,7.075213,0.8148213,1.0803739,9,266
da02,1706843155176824,7.082335,0.81926358,1.07307,11,267
da02,1706843155276861,7.0758395,0.81947517,1.0644552,10,268
da02,1706843155376782,7.0629792,0.81942844,1.071442,7,269
da02,1706843155476892,7.0753303,0.80621821,1.0671524,11,270
da02,1706843155577013,7.0819173,0.80974936,1.087557,9,271
da02,1706843155676875,7.0841064,0.80188268,1.0826241,10,272
da02,1706843155776843,7.0873308,0.81770331,1.0803349,11,273
da02,1706843155876875,7.0864873,0.81719828,1.079199,10,274
da02,1706843155976946,7.0827694,0.81865656,1.0771631,9,275
da02,1706843156076849,7.0695186,0.8296867,1.0777786,8,276
da02,1706843156176804,7.0642791,0.83020669,1.0744636,9,277
da02,1706843156276823,7.0692806,0.82210481,1.069622,10,278
da02,1706843156376762,7.0705652,0.82379419,1.0803986,9,279
da02,1706843156476819,7.0700374,0.82431066,1.0835485,9,280
da02,1706843156576919,7.0630445,0.83212584,1.0798742,9,281
da02,1706843156676872,7.060801,0.83962852,1.0679843,10,282
da02,1706843156776771,7.0562658,0.83463329,1.0690812,8,283
da02,1706843156876905,7.0598779,0.82084066,1.0726004,9,284
da02,1706843156976843,7.0660424,0.80829048,1.0774962,9,285
da02,1706843157076854,7.0679007,0.80597275,1.078954,9,286
da02,1706843157176849,7.070766,0.80838317,1.078441,9,287
da02,1706843157276854,7.0614371,0.81228656,1.077879,8,288
da02,1706843157376786,7.053937,0.82233745,1.0748017,8,289
da02,1706843157476892,7.0506754,0.82540244,1.0742288,8,290
da02,1706843157576794,7.0350103,0.8237654,1.0774841,8,291
da02,1706843157676850,7.0429783,0.82580429,1.0768809,9,292
da02,1706843157776838,7.0616112,0.82752359,1.073438,11,293
da02,1706843157876808,7.0549464,0.82632685,1.0675864,9,294
da02,1706843157976941,7.0671167,0.8290121,1.0638397,11,295
da02,1706843158076846,7.0591741,0.82175237,1.069999,8,296
da02,1706843158176826,7.046576,0.82604063,1.0655137,8,297
da02,1706843158276879,7.0528207,0.82643706,1.0634735,10,298
da02,1706843158376858,7.0565305,0.83855617,1.0749792,9,299
da02,1706843158476867,7.0504565,0.82971054,1.0686817,8,300
da02,1706843158576850,7.0489659,0.82235157,1.0654593,9,301
da02,1706843158676854,7.0470743,0.817562,1.0647305,8,302
da02,1706843158776850,7.0417371,0.82100034,1.069973,7,303
da02,1706843158876872,7.0518241,0.82570612,1.0646108,10,304
da02,1706843158976868,7.0574622,0.82994,1.0625533,10,305
da02,1706843159076916,7.0555019,0.83680505,1.0586998,9,306
da02,1706843159176847,7.046217,0.83168781,1.0622246,7,307
da02,1706843159276855,7.0609808,0.83156919,1.0567384,11,308
da02,1706843159376863,7.0666103,0.83548963,1.0564611,10,309
da02,1706843159476867,7.0518188,0.83547515,1.0692016,8,310
da02,1706843159576826,7.0448661,0.83708096,1.0692053,8,311
da02,1706843159676883,7.059588,0.83366722,1.0715286,10,312
da02,1706843159776838,7.0786753,0.83460987,1.0687678,12,313
da02,1706843159876859,7.0711408,0.83384675,1.0753046,8,314
da02,1706843159976864,7.0591936,0.82270682,1.0798638,7,315
da02,1706843160076885,7.0558667,0.81779653,1.0866189,8,316
da02,1706843160176919,7.0654306,0.82708895,1.0763297,11,317
da02,1706843160276932,7.0625577,0.8159135,1.0692497,9,318
da02,1706843160376840,7.0630097,0.81169355,1.0657787,9,319
da02,1706843160476916,7.0574746,0.81745332,1.063666,9,320
da02,1706843160576908,7.0658927,0.82073551,1.0775584,9,321
da02,1706843160676941,7.067215,0.82808983,1.0705365,10,322
da02,1706843160776943,7.0721684,0.82424062,1.0739516,10,323
da02,1706843160876926,7.0657945,0.83088881,1.0834436,8,324
da02,1706843160976886,7.0591059,0.83660424,1.0887665,8,325
da02,1706843161076940,7.0813079,0.83829576,1.0915952,12,326
da02,1706843161176979,7.0757241,0.84082848,1.0829591,9,327
da02,1706843161276896,7.0687075,0.82883435,1.0741415,9,328
da02,1706843161376846,7.0591178,0.82832968,1.0801721,7,329
da02,1706843161476956,7.0676737,0.82297987,1.0740515,10,330
da02,1706843161576957,7.0796485,0.83256114,1.0649118,12,331
da02,1706843161676847,7.0758443,0.82308131,1.0584135,10,332
da02,1706843161776896,7.0716629,0.82718122,1.0573423,9,333
da02,1706843161876927,7.0723495,0.829869,1.0643181,9,334
da02,1706843161976904,7.0748529,0.82667857,1.0699213,9,335
da02,1706843162076918,7.0676131,0.82192475,1.0719198,8,336
da02,1706843162176865,7.0569,0.81567323,1.0714751,8,337
da02,1706843162276962,7.0631933,0.82050759,1.0767367,9,338
da02,1706843162376841,7.0697918,0.827949,1.0726019,10,339
da02,1706843162476869,7.0747108,0.81140578,1.0652732,10,340
da02,1706843162576930,7.0781717,0.81249231,1.0676272,10,341
da02,1706843162676907,7.0735559,0.8102352,1.0651929,9,342
da02,1706843162776835,7.0593386,0.81435263,1.0705721,8,343
da02,1706843162876981,7.0627208,0.8206225,1.0731914,9,344
da02,1706843162976886,7.0529709,0.83040845,1.0736827,8,345
da02,1706843163076900,7.0614543,0.82941931,1.066044,11,346
da02,1706843163176942,7.0689211,0.83087331,1.068319,10,347
da02,1706843163277424,7.0749974,0.82598859,1.0692847,10,348
da02,1706843163376855,7.059257,0.82729948,1.0705054,8,349
da02,1706843163476998,7.0681882,0.81956506,1.0709285,10,350
da02,1706843163576859,7.0640163,0.82407206,1.0759485,8,351
da02,1706843163676854,7.04944,0.82958037,1.0758705,8,352
da02,1706843163776903,7.04244,0.82554168,1.0733961,8,353
da02,1706843163876933,7.2017527,0.83654153,1.048314,67,354
da02,1706843163976878,7.1745667,0.83360213,1.0553486,10,355
da02,1706843164076948,7.1487775,0.83434767,1.0565702,10,356
da02,1706843164176881,7.1349006,0.82861644,1.0566995,10,357
da02,1706843164276835,7.1045804,0.82780445,1.0579472,8,358
da02,1706843164376929,7.0921364,0.82501572,1.0706605,8,359
da02,1706843164476928,7.0944743,0.82941806,1.0882351,9,360
da02,1706843164576859,7.0863757,0.83338022,1.0863286,9,361
da02,1706843164676884,7.0750222,0.83253831,1.0863119,8,362
da02,1706843164776852,7.0730081,0.83129328,1.0793538,10,363
da02,1706843164876870,7.0768037,0.83300447,1.0799905,10,364
da02,1706843164976914,7.0851245,0.82917809,1.0725031,11,365
da02,1706843165076893,7.0748763,0.8275398,1.0738754,8,366
da02,1706843165176856,7.0751681,0.82414347,1.0873557,8,367
da02,1706843165276891,7.0835752,0.81725007,1.0827638,11,368
da02,1706843165377029,7.2279091,0.67631239,1.5341488,71,369
da02,1706843165477046,7.1784854,0.71619833,1.4220974,8,370
da02,1706843165576862,7.155787,0.75334972,1.3430949,10,371
da02,1706843165677534,7.1315322,0.78042948,1.276498,9,372
da02,1706843165777093,7.12454,0.79115319,1.2345741,10,373
da02,1706843165876877,7.1119447,0.80737656,1.1911296,10,374
da02,1706843165977034,7.1008244,0.80453724,1.159286,9,375
da02,1706843166077046,7.0939441,0.80654269,1.1375662,9,376
da02,1706843166176875,7.0842104,0.80683947,1.1258591,8,377
da02,1706843166290690,7.0771446,0.81683975,1.1099905,9,378
da02,1706843166377012,7.0619221,0.8249656,1.0983833,8,379
da02,1706843166476946,7.0524864,0.82692951,1.0941665,8,380
da02,1706843166576990,7.0466404,0.82279336,1.0927045,7,381
da02,1706843166677006,7.047791,0.8298201,1.0972106,8,382
da02,1706843166776876,7.0357437,0.83425456,1.0910891,8,383
da02,1706843166877001,7.0409217,0.82956052,1.0813942,9,384
da02,1706843166976999,7.0517292,0.82389587,1.0717443,10,385
da02,1706843167076917,7.0632372,0.8173815,1.0818735,9,386
da02,1706843167177046,7.0591245,0.8247124,1.0775828,9,387
da02,1706843167277493,7.0577121,0.82084012,1.0798223,8,388
da02,1706843167376875,7.0524731,0.8175354,1.0761489,8,389
da02,1706843167476968,7.0580845,0.81479418,1.0759108,9,390
da02,1706843167577042,7.07173,0.82032454,1.080901,10,391
da02,1706843167676884,7.063035,0.81380218,1.0721381,8,392
da02,1706843167776994,7.0564837,0.81113315,1.0700363,8,393
da02,1706843167877002,7.0586967,0.81670654,1.0702471,9,394
da02,1706843167976952,7.0581107,0.81755739,1.0623379,10,395
da02,1706843168077088,7.0757484,0.81539404,1.0612966,12,396
da02,1706843168177010,7.0739226,0.81917709,1.0619991,9,397
da02,1706843168276895,7.060308,0.82268417,1.0557897,8,398
da02,1706843168377008,7.061923,0.826221,1.0496222,10,399
da02,1706843168476896,7.0632353,0.82316417,1.054552,9,400
da02,1706843168576938,7.0599003,0.82829261,1.0591836,9,401
da02,1706843168676885,7.0612335,0.8272779,1.0765918,8,402
da02,1706843168776850,7.0542283,0.82984781,1.0737784,8,403
da02,1706843168876951,7.0701,0.82491875,1.0768751,11,404
da02,1706843168976865,7.0766096,0.82188481,1.0819426,10,405
da02,1706843169076887,7.0733032,0.83081466,1.0723832,10,406
da02,1706843169176952,7.0605907,0.83181322,1.0622339,9,407
da02,1706843169277026,7.0578628,0.83812845,1.0660588,9,408
da02,1706843169377022,7.0613823,0.82872462,1.0693254,9,409
da02,1706843169477001,7.0555081,0.82874715,1.0635176,9,410
da02,1706843169577052,7.0652447,0.82964361,1.0647397,10,411
da02,1706843169678703,7.0710635,0.827315,1.0638036,10,412
da02,1706843169776970,7.0742507,0.82664776,1.0675151,10,413
da02,1706843169877060,7.07337,0.81602955,1.060457,10,414
da02,1706843169977076,7.0670395,0.82568926,1.0519294,10,415
da02,1706843170076921,7.0715613,0.82958305,1.0535368,10,416
da02,1706843170177014,7.08228,0.82882464,1.0606592,11,417
da02,1706843170277040,7.0584664,0.84088361,1.068328,9,418
da02,1706843170376925,7.0709319,0.83886379,1.0600058,12,419
da02,1706843170477040,7.0620613,0.84907526,1.0557455,9,420
da02,1706843170577036,7.0627713,0.85186332,1.0617455,9,421
da02,1706843170677015,7.0656724,0.849558,1.0604043,10,422
da02,1706843170776998,7.0668368,0.83879405,1.0643846,9,423
da02,1706843170876908,7.08431,0.82496774,1.0629716,12,424
da02,1706843170977076,7.07227,0.82963014,1.0625849,8,425
da02,1706843171076925,7.0525551,0.8366701,1.0689647,8,426
da02,1706843171176895,7.0537119,0.84323484,1.0774771,8,427
da02,1706843171277054,7.0750394,0.84217972,1.0719281,12,428
da02,1706843171376938,7.0665565,0.8369239,1.0709925,8,429
da02,1706843171476901,7.0707531,0.84170347,1.0716807,10,430
da02,1706843171577032,7.0848074,0.83498085,1.0713665,11,431
da02,1706843171676954,7.0902162,0.83921713,1.0702366,11,432
da02,1706843171776938,7.0695944,0.83381528,1.0742584,8,433
da02,1706843171877092,7.0801539,0.82262748,1.0784727,10,434
da02,1706843171976954,7.0714478,0.82683074,1.0694664,9,435
da02,1706843172076942,7.079133,0.82408577,1.0775248,10,436
da02,1706843172177029,7.0875206,0.82842845,1.0786902,11,437
da02,1706843172276940,7.07857,0.82736373,1.0806767,8,438
da02,1706843172376927,7.072597,0.82813662,1.0736047,9,439
da02,1706843172477018,7.0660992,0.83505368,1.0683233,9,440
da02,1706843172577050,7.0520859,0.84118217,1.0709579,8,441
da02,1706843172677048,7.0612774,0.82919657,1.0739177,10,442
da02,1706843172777058,7.0531921,0.82678825,1.0706341,8,443
da02,1706843172876968,7.0607953,0.82847124,1.0771567,9,444
da02,1706843172976956,7.0695047,0.83237386,1.0847068,10,445
da02,1706843173077080,7.0842462,0.82647729,1.0856079,11,446
da02,1706843173176948,7.0802779,0.82860893,1.0805941,9,447
da02,1706843173276942,7.0793729,0.82051915,1.0720539,10,448
da02,1706843173377019,7.0743351,0.82293904,1.078231,8,449
da02,1706843173476942,7.07514,0.82482189,1.0817187,9,450
da02,1706843173576912,7.0819097,0.8260603,1.0689061,11,451
da02,1706843173677058,7.0828776,0.81976748,1.0630819,10,452
da02,1706843173776955,7.0878153,0.81546915,1.060352,11,453
da02,1706843173876944,7.0833788,0.81773615,1.0619794,9,454
da02,1706843173977123,7.0719113,0.827143,1.0678037,8,455
da02,1706843174076993,7.0720425,0.83690655,1.0733566,9,456
da02,1706843174176935,7.0597253,0.834023,1.0736264,8,457
da02,1706843174277597,7.0519066,0.83818096,1.0805879,8,458
da02,1706843174376972,7.0475054,0.84225208,1.0679017,9,459
da02,1706843174477038,7.0502229,0.82955712,1.063319,9,460
da02,1706843174576952,7.0541086,0.82150906,1.0737331,8,461
da02,1706843174677076,7.0582075,0.81553006,1.0699074,9,462
da02,1706843174777054,7.0711284,0.81946838,1.0622392,11,463
da02,1706843174877016,7.0635452,0.82440382,1.0613741,9,464
da02,1706843174977108,7.0575457,0.82392073,1.0696284,8,465
da02,1706843175077087,7.0626874,0.81772834,1.0689933,10,466
da02,1706843175176946,7.0663815,0.82327592,1.060375,10,467
da02,1706843175277075,7.066896,0.82512188,1.057525,10,468
da02,1706843175376978,7.0630293,0.82935673,1.0662647,8,469
da02,1706843175477034,7.0620542,0.831853,1.0670213,9,470
da02,1706843175576991,7.0779147,0.82799,1.0630547,12,471
da02,1706843175677085,7.0786977,0.82227808,1.0668609,9,472
da02,1706843175777030,7.0892324,0.82194269,1.0597807,12,473
da02,1706843175877107,7.087482,0.82417351,1.0562468,10,474
da02,1706843175977042,7.0847435,0.81827545,1.0616847,9,475
da02,1706843176077021,7.071126,0.82158107,1.0635808,8,476
da02,1706843176177020,7.071239,0.82192189,1.0692393,9,477
da02,1706843176277043,7.0694118,0.82293588,1.0678805,9,478
da02,1706843176377014,7.0737252,0.82597172,1.0737625,10,479
da02,1706843176476976,7.0766625,0.8207624,1.0821869,9,480
da02,1706843176577003,7.0807538,0.81501931,1.0937756,9,481
da02,1706843176676995,7.0745087,0.82524961,1.0828726,10,482
da02,1706843176777039,7.0631747,0.82041115,1.0838802,7,483
da02,1706843176877082,7.0675807,0.82110047,1.0801147,10,484
da02,1706843176977214,7.0701838,0.81788337,1.0737797,10,485
da02,1706843177077037,7.0633721,0.81386,1.0682362,9,486
da02,1706843177177057,7.0688653,0.81735319,1.0646844,10,487
da02,1706843177277167,7.0660381,0.82091033,1.079276,8,488
da02,1706843177377089,7.0624261,0.82398856,1.0780423,9,489
da02,1706843177477050,7.0483932,0.82048118,1.0898025,8,490
da02,1706843177577129,7.0502825,0.8270371,1.0867457,9,491
da02,1706843177677010,7.0410008,0.83441287,1.0868629,8,492
da02,1706843177777043,7.0332,0.840846,1.073439,8,493
da02,1706843177877065,7.0363712,0.83140093,1.0818002,8,494
da02,1706843177977173,7.0475793,0.84452641,1.0924751,9,495
da02,1706843178077063,7.0581651,0.84034139,1.0863692,10,496
da02,1706843178177040,7.0617557,0.84576297,1.0793017,10,497
da02,1706843178277099,7.0524526,0.83690184,1.0818617,7,498
da02,1706843178377052,7.0595441,0.83349657,1.0748216,10,499
da02,1706843178477203,7.0576863,0.82442,1.0794402,8,500
da02,1706843178577040,7.0554528,0.82292747,1.0708538,9,501
da02,1706843178677052,7.069952,0.81759,1.0554535,12,502
da02,1706843178777122,7.0737286,0.82345271,1.0637592,10,503
da02,1706843178877020,7.0762076,0.82716584,1.0609981,10,504
da02,1706843178977081,7.077229,0.83399129,1.0655111,10,505
da02,1706843179077171,7.083159,0.82879162,1.0580565,11,506
da02,1706843179177089,7.0701046,0.8193382,1.0614766,8,507
da02,1706843179277054,7.0785675,0.81813991,1.0612454,11,508
da02,1706843179377138,7.08878,0.81579572,1.0609882,11,509
da02,1706843179477086,7.083334,0.81530309,1.0744593,8,510
da02,1706843179577043,7.0804777,0.81280369,1.0646527,10,511
da02,1706843179677119,7.0657268,0.81077993,1.0567132,8,512
da02,1706843179777036,7.06311,0.80671132,1.0528328,9,513
da02,1706843179877071,7.0533166,0.816626,1.0572966,8,514
da02,1706843179977210,7.06214,0.81645912,1.0540966,10,515
da02,1706843180077041,7.0546384,0.81305712,1.0720139,7,516
da02,1706843180177039,7.0703073,0.81455469,1.0838387,10,517
da02,1706843180277118,7.0705729,0.818873,1.0889587,9,518
da02,1706843180377062,7.0551167,0.82604128,1.0880872,8,519
da02,1706843180477026,7.0451508,0.82437187,1.082175,7,520
da02,1706843180577078,7.061223,0.82935125,1.0876579,10,521
da02,1706843180677055,7.0606685,0.83291435,1.0910397,8,522
da02,1706843180777061,7.0555544,0.82023191,1.0811564,8,523
da02,1706843180877100,7.0579748,0.82462293,1.0827478,9,524
da02,1706843180977095,7.0602226,0.82535672,1.0766807,10,525
da02,1706843181077085,7.0534568,0.82949263,1.0780151,8,526
da02,1706843181177057,7.1742454,0.83426017,1.0615238,67,527
da02,1706843181277057,7.1550078,0.83752555,1.0630193,11,528
da02,1706843181377079,7.130681,0.83615524,1.059029,9,529
da02,1706843181477240,7.1195726,0.84375042,1.0621347,10,530
da02,1706843181577080,7.0979509,0.84440494,1.0674752,8,531
da02,1706843181677069,7.0998034,0.83766687,1.0709252,10,532
da02,1706843181777166,7.0904393,0.832809,1.0825644,8,533
da02,1706843181877055,7.0860171,0.83555853,1.0863553,9,534
da02,1706843181977211,7.0735941,0.83412027,1.094259,8,535
da02,1706843182077172,7.060101,0.83377892,1.0913805,7,536
da02,1706843182177101,7.054471,0.83805937,1.0894805,8,537
da02,1706843182277138,7.0574646,0.843299,1.0804979,10,538
da02,1706843182377168,7.0636148,0.84247112,1.0687295,11,539
da02,1706843182477178,7.0639906,0.8435635,1.0703652,9,540
da02,1706843182577180,7.0491586,0.83565062,1.0639592,8,541
da02,1706843182677122,7.0567727,0.82729506,1.0623647,10,542
da02,1706843182777250,7.0665812,0.82703912,1.068349,10,543
da02,1706843182877258,7.0610595,0.820348,1.0652097,9,544
da02,1706843182977174,7.0766749,0.82416975,1.0696187,11,545
da02,1706843183077115,7.0829821,0.82997513,1.0688225,11,546
da02,1706843183177198,7.0775332,0.82409382,1.0674858,9,547
da02,1706843183277100,7.0798974,0.81898522,1.0785326,9,548
da02,1706843183377119,7.0816298,0.82193911,1.0738138,10,549
da02,1706843183477270,7.0829029,0.82524592,1.0744205,10,550
da02,1706843183577185,7.0776973,0.8302511,1.0759677,9,551
da02,1706843183677066,7.0700083,0.8320958,1.0762187,8,552
da02,1706843183777094,7.0574045,0.83229184,1.0740442,8,553
da02,1706843183877172,7.07116,0.84022093,1.070364,11,554
da02,1706843183977094,7.0803585,0.84391981,1.0671216,11,555
da02,1706843184077065,7.0746937,0.84095097,1.0621058,9,556
da02,1706843184177134,7.0826278,0.84028226,1.0735563,10,557
da02,1706843184277023,7.0799236,0.71477562,1.0496228,70,558
da02,1706843184377080,7.0912604,0.74126214,1.0578977,11,559
da02,1706843184477239,7.0905676,0.759868,1.0658797,10,560
da02,1706843184577109,7.078959,0.77555722,1.0689079,8,561
da02,1706843184677104,7.0935893,0.79065168,1.067855,12,562
da02,1706843184777176,7.0881224,0.79648405,1.0717293,9,563
da02,1706843184877086,7.0779328,0.80002618,1.0746772,8,564
da02,1706843184977090,7.0800939,0.81104606,1.0758007,10,565
da02,1706843185078910,7.0744066,0.82065463,1.0852869,8,566
da02,1706843185177134,7.0763445,0.82432747,1.0757352,10,567
da02,1706843185277692,7.0866189,0.82639229,1.0763558,11,568
da02,1706843185377193,7.0829043,0.82330966,1.0743194,9,569
da02,1706843185477037,7.0772395,0.83363634,1.0763408,9,570
da02,1706843185577112,7.0954885,0.83022338,1.0627092,13,571
da02,1706843185677167,7.0794935,0.834673,1.0630546,8,572
da02,1706843185777128,7.0666332,0.82109177,1.069682,7,573
da02,1706843185877151,7.0529294,0.8269828,1.071902,8,574
da02,1706843185977318,7.0564895,0.82379454,1.0637082,10,575
da02,1706843186077141,7.058259,0.82993329,1.0655519,9,576
da02,1706843186177138,7.0599384,0.83539915,1.0569847,10,577
da02,1706843186277202,7.0670438,0.829337,1.0724243,9,578
da02,1706843186377122,7.0732436,0.82182628,1.0740383,10,579
da02,1706843186477099,7.08144,0.83488911,1.0779176,11,580
da02,1706843186577195,7.0827603,0.83495837,1.0774982,10,581
da02,1706843186677094,7.0730987,0.83185339,1.0814223,8,582
da02,1706843186777119,7.0694094,0.82171911,1.0810131,8,583
da02,1706843186877256,7.0597377,0.81740749,1.0797358,8,584
da02,1706843186977140,7.0561643,0.82175559,1.0738398,9,585
da02,1706843187077149,7.0553713,0.82648247,1.0757434,9,586
da02,1706843187177234,7.0666208,0.83212346,1.0685869,11,587
da02,1706843187277103,7.0680909,0.83964425,1.062176,10,588
da02,1706843187377113,7.0636668,0.83278805,1.0661699,8,589
da02,1706843187477382,7.0698318,0.82962149,1.0762358,9,590
da02,1706843187577167,7.0756764,0.82278192,1.0820808,9,591
da02,1706843187677139,7.0639186,0.82645917,1.0781959,8,592
da02,1706843187777213,7.0528059,0.82922196,1.0720901,8,593
da02,1706843187877333,7.0445642,0.82674491,1.0736699,7,594
da02,1706843187977166,7.0605111,0.82707471,1.0711925,11,595
da02,1706843188077268,7.0613275,0.82907391,1.0662799,10,596
da02,1706843188177166,7.0690846,0.8380484,1.0721476,10,597
da02,1706843188277163,7.0527792,0.84490621,1.0734743,8,598
da02,1706843188377388,7.0540314,0.84050649,1.0740858,9,599
da02,1706843188477175,7.0587821,0.83806193,1.0675284,10,600
da02,1706843188577158,7.0565786,0.83834803,1.0685492,9,601
da02,1706843188677287,7.05834,0.839702,1.0726123,9,602
da02,1706843188777135,7.0482845,0.83617347,1.0657812,8,603
da02,1706843188877128,7.0495882,0.82945532,1.0671806,9,604
da02,1706843188977392,7.0589986,0.82303745,1.0669523,10,605
da02,1706843189077191,7.0624714,0.82719952,1.0628989,10,606
da02,1706843189177167,7.0430651,0.82590193,1.0630878,8,607
da02,1706843189277272,7.0482993,0.82480013,1.0629098,9,608
da02,1706843189377150,7.0556426,0.82172161,1.0763789,9,609
da02,1706843189477154,7.0658245,0.81725508,1.0770811,10,610
da02,1706843189577239,7.0803232,0.81851429,1.073666,11,611
da02,1706843189677139,7.0709128,0.81773919,1.0654174,9,612
da02,1706843189777178,7.0691004,0.82197344,1.0771383,8,613
da02,1706843189877284,7.065001,0.8311097,1.079706,9,614
da02,1706843189977188,7.0638785,0.83499765,1.0826875,9,615
da02,1706843190077142,7.0689368,0.82678789,1.0836877,9,616
da02,1706843190177297,7.0661278,0.828102,1.0745304,9,617
da02,1706843190277229,7.0545154,0.8281033,1.0838504,8,618
da02,1706843190377180,7.0676289,0.82508475,1.0804815,11,619
da02,1706843190477517,7.0719981,0.8290987,1.078737,10,620
da02,1706843190577176,7.06143,0.83542353,1.0668097,9,621
da02,1706843190677212,7.0646305,0.83946306,1.064936,10,622
da02,1706843190777270,7.0677528,0.84391081,1.0739744,9,623
da02,1706843190877187,7.0763993,0.83806735,1.0699219,11,624
da02,1706843190977185,7.07759,0.82873118,1.067886,10,625
da02,1706843191077241,7.0631814,0.8241604,1.0660102,8,626
da02,1706843191177178,7.0781736,0.83489364,1.0652467,12,627
da02,1706843191277167,7.0680037,0.84004629,1.0664448,8,628
da02,1706843191377246,7.05439,0.83749765,1.0656155,8,629
da02,1706843191477178,7.04953,0.83380741,1.0617195,9,630
da02,1706843191577194,7.0559034,0.82589543,1.0609627,10,631
da02,1706843191677290,7.0600891,0.83273983,1.0557194,10,632
da02,1706843191777178,7.061213,0.82093531,1.0546064,9,633
da02,1706843191877174,7.0600462,0.81613111,1.068134,8,634
da02,1706843191977497,7.0409231,0.81567407,1.0728796,8,635
da02,1706843192077210,7.0439582,0.8208034,1.0746566,9,636
da02,1706843192177185,7.0479374,0.81305826,1.0769887,8,637
da02,1706843192277235,7.0519519,0.81519914,1.069555,10,638
da02,1706843192377216,7.0391374,0.80751359,1.0767746,7,639
da02,1706843192477229,7.0550523,0.80288458,1.0733547,10,640
da02,1706843192577196,7.0569563,0.80454814,1.068504,9,641
da02,1706843192677241,7.0709081,0.80480337,1.0841875,9,642
da02,1706843192777218,7.0765166,0.8053351,1.0770631,10,643
da02,1706843192877232,7.0753493,0.80642021,1.0707211,10,644
da02,1706843192977209,7.064414,0.81566751,1.0724995,8,645
da02,1706843193077291,7.0543919,0.81771642,1.0740292,8,646
da02,1706843193177299,7.0445242,0.823696,1.0772519,8,647
da02,1706843193277234,7.0435977,0.82753992,1.0764313,8,648
da02,1706843193377260,7.0593448,0.83140314,1.0732996,11,649
da02,1706843193477558,7.070045,0.8320787,1.0667151,11,650
da02,1706843193577273,7.0629783,0.84240985,1.0687578,9,651
da02,1706843193677266,7.0656013,0.83272451,1.0651925,10,652
da02,1706843193777300,7.0636492,0.8313989,1.0640844,9,653
da02,1706843193877675,7.0562449,0.82056081,1.064307,8,654
da02,1706843193977251,7.0560765,0.83263969,1.0733178,9,655
da02,1706843194077246,7.0553966,0.82907587,1.0697538,9,656
da02,1706843194177313,7.056078,0.82300735,1.0733063,8,657
da02,1706843194277287,7.0698662,0.82805467,1.0669177,11,658
da02,1706843194377228,7.0624161,0.81884146,1.0637432,8,659
da02,1706843194477318,7.0669937,0.82104325,1.0653707,10,660
da02,1706843194577286,7.0573163,0.83074069,1.067513,8,661
da02,1706843194677257,7.0649362,0.83931226,1.0695461,10,662
da02,1706843194777334,7.0611434,0.84159923,1.0632085,9,663
da02,1706843194877297,7.055378,0.83607143,1.0695958,8,664
da02,1706843194977507,7.0600553,0.84218091,1.0677683,10,665
da02,1706843195077254,7.0772471,0.84684485,1.0859795,10,666
da02,1706843195177201,7.07721,0.85058665,1.086327,10,667
da02,1706843195277316,7.0715775,0.84549361,1.0854256,9,668
da02,1706843195377198,7.0693808,0.8330797,1.0878603,8,669
da02,1706843195477212,7.056499,0.83672935,1.0866406,8,670
da02,1706843195577292,7.0599108,0.83259,1.0775594,10,671
da02,1706843195677192,7.055047,0.83979219,1.0785199,8,672
da02,1706843195777212,7.0587988,0.83368695,1.0862682,8,673
da02,1706843195877903,7.0650253,0.83369035,1.0812997,10,674
da02,1706843195977264,7.0753684,0.83940059,1.0742742,11,675
da02,1706843196077251,7.0723281,0.84721214,1.0753518,9,676
da02,1706843196177275,7.0697842,0.84560871,1.0762978,9,677
da02,1706843196277818,7.0742373,0.85384035,1.0734758,10,678
da02,1706843196377296,7.0710554,0.86064446,1.0744724,9,679
da02,1706843196479151,7.064302,0.8522374,1.0795155,8,680
da02,1706843196577252,7.0646262,0.84303045,1.0797096,9,681
da02,1706843196677288,7.0723968,0.84445012,1.0793976,10,682
da02,1706843196777230,7.0891066,0.83519948,1.0821736,11,683
da02,1706843196877248,7.0779676,0.8253026,1.0828021,8,684
da02,1706843196977260,7.0782342,0.82850343,1.0793402,10,685
da02,1706843197077296,7.0685749,0.82595628,1.0713632,9,686
da02,1706843197177253,7.0713015,0.82229918,1.0648429,10,687
da02,1706843197277252,7.0724549,0.82697517,1.0675642,10,688
da02,1706843197377203,7.0710282,0.83047885,1.0663778,10,689
da02,1706843197477312,7.0626082,0.83896565,1.0680432,8,690
da02,1706843197577266,7.0665808,0.82110983,1.0729692,9,691
da02,1706843197677345,7.0703664,0.83137363,1.0686965,10,692
da02,1706843197777304,7.05712,0.84004593,1.0623336,8,693
da02,1706843197877281,7.0696025,0.83409369,1.0568091,11,694
da02,1706843197977471,7.0755239,0.82845408,1.0531116,11,695
da02,1706843198077339,7.098022,0.82367963,1.0599368,12,696
da02,1706843198177230,7.086885,0.8200655,1.0665877,8,697
da02,1706843198277402,7.0774255,0.81509274,1.0711658,8,698
da02,1706843198377300,7.0729055,0.817797,1.0696114,9,699
da02,1706843198477266,7.0816946,0.82483655,1.0696015,11,700
da02,1706843198577324,7.0933633,0.82533795,1.0681584,12,701
da02,1706843198677300,7.0794139,0.83176321,1.0682567,8,702
da02,1706843198777268,7.0627322,0.84361273,1.0672549,8,703
da02,1706843198877374,7.0683126,0.84418148,1.0616149,11,704
da02,1706843198977320,7.0730081,0.83405507,1.0703387,9,705
da02,1706843199077318,7.07455,0.83289832,1.0617144,10,706
da02,1706843199177335,7.0754104,0.82556885,1.0671859,9,707
da02,1706843199277320,7.0878758,0.82435709,1.07107,11,708
da02,1706843199377349,7.0897069,0.83596611,1.0824187,10,709
da02,1706843199477448,7.0716825,0.84120709,1.0756828,8,710
da02,1706843199577402,7.0685768,0.83847582,1.0771521,9,711
da02,1706843199677399,7.0785508,0.83481556,1.0659146,12,712
da02,1706843199777325,7.0736823,0.83589631,1.0743613,8,713
da02,1706843199877406,7.0739732,0.82968712,1.0749223,9,714
da02,1706843199977320,7.0728922,0.83304566,1.0592378,11,715
da02,1706843200077270,7.062573,0.83560753,1.067698,8,716
da02,1706843200177393,7.0595465,0.82863826,1.0699583,8,717
da02,1706843200277309,7.0552316,0.83196044,1.0761828,8,718
da02,1706843200377283,7.0555563,0.82668895,1.0736442,9,719
da02,1706843200479009,7.0557456,0.8261,1.072806,9,720
da02,1706843200577340,7.0473676,0.83378047,1.071975,8,721
da02,1706843200677612,7.0610437,0.83498108,1.066082,11,722
da02,1706843200777445,7.0578866,0.83641541,1.0664181,9,723
da02,1706843200877401,7.0491109,0.83362865,1.0722283,7,724
da02,1706843200979314,7.0558662,0.83211648,1.0720131,10,725
da02,1706843201077631,7.0621033,0.82994169,1.0636628,10,726
da02,1706843201177324,7.062439,0.83447206,1.076941,8,727
da02,1706843201277288,7.0670919,0.82600474,1.0807084,9,728
da02,1706843201377399,7.0637784,0.81619036,1.0804244,8,729
da02,1706843201477257,7.0638304,0.81749088,1.0796994,9,730
da02,1706843201577298,7.0668879,0.82113254,1.0779777,10,731
da02,1706843201677312,7.0597758,0.83829576,1.0762709,9,732
da02,1706843201777429,7.0538516,0.840744,1.0729269,8,733
da02,1706843201877332,7.0579166,0.83554822,1.0748402,9,734
da02,1706843201977352,7.057498,0.83386445,1.0740626,9,735
da02,1706843202077402,7.0670943,0.83082616,1.0843472,9,736
da02,1706843202177319,7.0708933,0.82851648,1.0853016,9,737
da02,1706843202277396,7.0671711,0.83191955,1.0868042,9,738
da02,1706843202377383,7.0628662,0.83377594,1.079212,9,739
da02,1706843202477355,7.057354,0.83507156,1.0817063,8,740
da02,1706843202577376,7.071166,0.8389262,1.0787784,11,741
da02,1706843202677312,7.0829935,0.84591687,1.0788687,11,742
da02,1706843202777305,7.0665212,0.85646915,1.0756758,8,743
da02,1706843202877451,7.0650377,0.84951049,1.0896227,8,744
da02,1706843202977342,7.0613589,0.84130943,1.0871104,8,745
da02,1706843203077331,7.0719104,0.83681315,1.0925332,10,746
da02,1706843203177416,7.0641665,0.83509231,1.0947734,8,747
da02,1706843203277338,7.0527549,0.82813495,1.0923719,7,748
da02,1706843203377304,7.0613761,0.81977487,1.092706,9,749
da02,1706843203477428,7.0554776,0.82423729,1.0855656,8,750
da02,1706843203577331,7.0622816,0.81458503,1.0909715,9,751
da02,1706843203677358,7.0526648,0.823689,1.0824654,8,752
da02,1706843203777357,7.0593939,0.81830335,1.0800188,9,753
da02,1706843203877388,7.0631213,0.82550591,1.0744749,10,754
da02,1706843203978750,7.070302,0.81895292,1.0755763,10,755
da02,1706843204077437,7.0767646,0.8185432,1.0775394,10,756
da02,1706843204177365,7.0770354,0.81821078,1.0725505,10,757
da02,1706843204277540,7.0776534,0.81531781,1.0729324,9,758
da02,1706843204377314,7.07367,0.82837933,1.0767274,9,759
da02,1706843204477363,7.0763321,0.81732249,1.0816118,9,760
da02,1706843204577331,7.0784235,0.82882631,1.0852491,10,761
da02,1706843204677369,7.0781288,0.83495522,1.0736574,10,762
da02,1706843204777330,7.0810466,0.83312386,1.0798327,9,763
da02,1706843204877354,7.0767856,0.83021659,1.0754684,9,764
da02,1706843204977406,7.072444,0.82801914,1.072481,9,765
da02,1706843205077328,7.0753036,0.82605588,1.0736648,10,766
da02,1706843205177318,7.0693293,0.83015656,1.0669774,9,767
da02,1706843205277344,7.0605755,0.83729941,1.0618541,9,768
da02,1706843205377338,7.0500765,0.8286894,1.0635331,7,769
da02,1706843205477375,7.04577,0.836492,1.0658331,8,770
da02,1706843205577509,7.0525322,0.83837348,1.0662105,10,771
da02,1706843205677418,7.0545688,0.8382383,1.0680279,9,772
da02,1706843205777464,7.0428157,0.83535022,1.0695127,8,773
da02,1706843205878023,7.0401373,0.829483,1.0766664,7,774
da02,1706843205977418,7.0471764,0.82855558,1.0883608,8,775
da02,1706843206077504,7.0560093,0.82345116,1.0872431,9,776
da02,1706843206177494,7.0563827,0.82891971,1.0820746,9,777
da02,1706843206277408,7.0555892,0.82849973,1.0808265,9,778
da02,1706843206377474,7.055316,0.83126885,1.0706539,10,779
da02,1706843206477466,7.0728793,0.82642967,1.0654287,12,780
da02,1706843206577418,7.0725451,0.82670015,1.0671946,9,781
da02,1706843206677466,7.07803,0.82817382,1.0599474,11,782
da02,1706843206777487,7.0756545,0.826476,1.0678488,9,783
da02,1706843206877424,7.0734248,0.83007365,1.0703843,9,784
da02,1706843206977464,7.0693669,0.83839124,1.0671183,9,785
da02,1706843207077529,7.0667481,0.83743352,1.086349,8,786
da02,1706843207177440,7.1881952,0.84487677,1.0580307,67,787
da02,1706843207278050,7.1490269,0.84557366,1.0709857,8,788
da02,1706843207377482,7.1155205,0.84344524,1.0784185,8,789
da02,1706843207477412,7.1018467,0.83864242,1.0836902,8,790
da02,1706843207577460,7.0904264,0.83733612,1.0772709,9,791
da02,1706843207677470,7.08956,0.83353168,1.0646157,11,792
da02,1706843207777409,7.0839448,0.82976878,1.0661519,9,793
da02,1706843207877499,7.0610309,0.83044779,1.0683738,8,794
da02,1706843207977480,7.0628076,0.83491015,1.072565,9,795
da02,1706843208077417,7.0654497,0.8282001,1.0721731,9,796
da02,1706843208177401,7.065402,0.829462,1.0794466,9,797
da02,1706843208277447,7.0540409,0.82470852,1.0746806,8,798
da02,1706843208377424,7.0634155,0.8239823,1.073715,10,799
da02,1706843208477472,7.0662079,0.82525814,1.0720795,10,800
da02,1706843208577519,7.0630312,0.82126886,1.0719043,9,801
da02,1706843208677451,7.0666981,0.82133138,1.0762495,9,802
da02,1706843208777497,7.0567489,0.82906759,1.0776911,8,803
da02,1706843208877479,7.0550156,0.83380723,1.0807127,8,804
da02,1706843208977421,7.0588331,0.82812512,1.0761859,9,805
da02,1706843209077429,7.0609488,0.82119334,1.0809926,9,806
da02,1706843209177434,7.059454,0.81902105,1.0724242,9,807
da02,1706843209277428,7.0564313,0.81692892,1.0751985,8,808
da02,1706843209377438,7.0601397,0.82407916,1.0721871,10,809
da02,1706843209477435,7.0691948,0.82016295,1.0705129,10,810
da02,1706843209577419,7.0670476,0.82569832,1.0716209,9,811
da02,1706843209677437,7.0624261,0.82718617,1.0736412,8,812
da02,1706843209777536,7.0575385,0.82193446,1.0722632,8,813
da02,1706843209877450,7.0552583,0.82659978,1.0748543,8,814
da02,1706843209977696,7.057426,0.82644433,1.0720918,9,815
da02,1706843210077500,7.0713835,0.82238215,1.0683302,11,816
da02,1706843210177474,7.0790315,0.82751739,1.0674893,11,817
da02,1706843210277430,7.066936,0.82287931,1.0699447,8,818
da02,1706843210377452,7.06694,0.82408392,1.0632987,10,819
da02,1706843210477530,7.060185,0.81811476,1.0617164,8,820
da02,1706843210577430,7.0691381,0.82129365,1.0644389,10,821
da02,1706843210677440,7.0609155,0.82572138,1.0671198,8,822
da02,1706843210777455,7.0543065,0.83277148,1.0691937,8,823
da02,1706843210877450,7.0551238,0.83479208,1.0681713,9,824
da02,1706843210977484,7.0722117,0.83848625,1.0578446,12,825
da02,1706843211077582,7.0567875,0.8370204,1.0646908,8,826
da02,1706843211177462,7.057034,0.83230722,1.0781817,8,827
da02,1706843211277474,7.0473232,0.82950509,1.0696034,8,828
da02,1706843211377570,7.0548635,0.83203256,1.0683929,10,829
da02,1706843211477451,7.0479236,0.83269721,1.0627284,8,830
da02,1706843211577480,7.0480647,0.83358395,1.0635382,9,831
da02,1706843211677538,7.0474095,0.83388793,1.0616916,9,832
da02,1706843211777411,7.0514655,0.83642179,1.05988,10,833
da02,1706843211877432,7.0556946,0.8348999,1.0685233,9,834
da02,1706843211977525,7.0526776,0.83965605,1.0734594,8,835
da02,1706843212077434,7.0561562,0.84219205,1.0753309,9,836
da02,1706843212177452,7.0554013,0.83957338,1.0761307,9,837
da02,1706843212277543,7.0567331,0.83799416,1.0789006,9,838
da02,1706843212377468,7.0645571,0.8414427,1.0731767,10,839
da02,1706843212477420,7.0697489,0.83801132,1.0721694,10,840
da02,1706843212577469,7.0766234,0.84031087,1.0747926,10,841
da02,1706843212677461,7.08178,0.8408981,1.0801848,10,842
da02,1706843212777439,7.0852647,0.84171116,1.0831777,10,843
da02,1706843212877492,7.0741711,0.83993274,1.0805107,8,844
da02,1706843212977473,7.0762215,0.83539176,1.0748569,10,845
da02,1706843213077541,7.0870204,0.82873464,1.0711968,11,846
da02,1706843213177622,7.0799723,0.835891,1.0683998,9,847
da02,1706843213277555,7.0725031,0.83451509,1.0646862,9,848
da02,1706843213377513,7.0822449,0.82876372,1.0730457,10,849
da02,1706843213477517,7.0748892,0.83394593,1.079698,8,850
da02,1706843213577496,7.0725861,0.82827419,1.0681603,10,851
da02,1706843213677454,7.0616436,0.82725412,1.0628819,8,852
da02,1706843213777488,7.0519471,0.82563764,1.0692152,7,853
da02,1706843213877518,7.0533891,0.82717448,1.0712534,9,854
da02,1706843213977498,7.0563159,0.83216512,1.0646768,10,855
da02,1706843214077512,7.0797882,0.82793653,1.0611097,13,856
da02,1706843214177593,7.0715013,0.83486205,1.0627503,9,857
da02,1706843214277577,7.0687957,0.83560473,1.0654328,9,858
da02,1706843214377498,7.0722442,0.8287788,1.0624923,10,859
da02,1706843214477580,7.0658069,0.83765692,1.072165,8,860
da02,1706843214577591,7.0599437,0.83766568,1.0698636,9,861
da02,1706843214677471,7.0732074,0.82851511,1.0810593,10,862
da02,1706843214777558,7.0595365,0.84420049,1.0749294,8,863
da02,1706843214877557,7.0770564,0.84510338,1.0712469,12,864
da02,1706843214977463,7.0840006,0.8483842,1.0619105,12,865
da02,1706843215077579,7.091537,0.84739518,1.0684001,11,866
da02,1706843215177558,7.0800686,0.83854991,1.0825462,7,867
da02,1706843215277471,7.0729127,0.83945465,1.0812261,9,868
da02,1706843215377589,7.0808597,0.8208288,1.0760696,10,869
da02,1706843215477668,7.101089,0.83101541,1.0752714,13,870
da02,1706843215577557,7.0788684,0.82880127,1.0780807,8,871
da02,1706843215677624,7.0754313,0.83334512,1.0735843,10,872
da02,1706843215777634,7.0862813,0.83501709,1.0765251,11,873
da02,1706843215879197,7.0688825,0.83293909,1.0790713,8,874
da02,1706843215977771,7.0694394,0.83835953,1.0720394,10,875
da02,1706843216077629,7.065382,0.83557957,1.0733,9,876
da02,1706843216177496,7.0573215,0.83719265,1.0716748,8,877
da02,1706843216277603,7.0621233,0.82803982,1.0732557,9,878
da02,1706843216377593,7.0510926,0.83066434,1.0825852,8,879
da02,1706843216477580,7.0545812,0.83585948,1.0773311,10,880
da02,1706843216577506,7.0488133,0.8389,1.074021,8,881
da02,1706843216677593,7.0568871,0.83050454,1.0675371,10,882
da02,1706843216777490,7.067349,0.83663732,1.0617512,11,883
da02,1706843216877597,7.061563,0.83201337,1.0654535,8,884
da02,1706843216977589,7.0594931,0.82969993,1.0680008,9,885
da02,1706843217077522,7.056355,0.83168244,1.0702436,8,886
da02,1706843217177580,7.0725212,0.82559913,1.0650276,11,887
da02,1706843217277616,7.0819488,0.82137877,1.0605812,11,888
da02,1706843217377507,7.0782824,0.81726843,1.0658514,9,889
da02,1706843217477567,7.0783391,0.82911807,1.0764714,9,890
da02,1706843217577588,7.0805745,0.81826276,1.0838711,9,891
da02,1706843217677528,7.0774336,0.82803345,1.0811324,9,892
da02,1706843217777588,7.0568604,0.83280981,1.0908351,8,893
da02,1706843217877591,7.0671024,0.82745826,1.0859011,10,894
da02,1706843217977527,7.0710988,0.83791482,1.0877973,10,895
da02,1706843218077619,7.0910378,0.84414214,1.0872767,12,896
da02,1706843218177605,7.0845222,0.84708411,1.0812203,10,897
da02,1706843218278044,7.0929761,0.85544842,1.0742615,12,898
da02,1706843218377574,7.097333,0.84037083,1.0702316,11,899
da02,1706843218477522,7.0938177,0.84548235,1.0639037,11,900
da02,1706843218577530,7.0740938,0.84452045,1.0696577,8,901
da02,1706843218677533,7.0772352,0.84102744,1.0785272,9,902
da02,1706843218777560,7.064374,0.83745795,1.0837677,7,903
da02,1706843218877531,7.0463881,0.83504015,1.0888616,8,904
da02,1706843218977536,7.0436492,0.8251667,1.0846246,8,905
da02,1706843219077786,7.0486608,0.82869893,1.0843005,9,906
da02,1706843219177705,7.0472331,0.82194531,1.0799087,8,907
da02,1706843219277564,7.0614176,0.8189531,1.0784898,10,908
da02,1706843219377533,7.0573521,0.82738775,1.0743688,9,909
da02,1706843219477626,7.0562916,0.828447,1.0792105,8,910
da02,1706843219577509,7.0685229,0.82793778,1.0804442,10,911
da02,1706843219677554,7.0720868,0.81963384,1.0764828,10,912
da02,1706843219777624,7.074676,0.81904596,1.0714816,10,913
da02,1706843219877506,7.0815611,0.8205151,1.0721844,10,914
da02,1706843219977533,7.0921474,0.82101756,1.062469,12,915
da02,1706843220077669,7.0905738,0.81488991,1.0541523,11,916
da02,1706843220177554,7.0816007,0.81872106,1.0612947,9,917
da02,1706843220277537,7.0932021,0.82634032,1.0637461,12,918
da02,1706843220377576,7.0839067,0.83034748,1.0630391,9,919
da02,1706843220477575,7.0832472,0.81953996,1.0692405,9,920
da02,1706843220577581,7.0738921,0.817717,1.0679723,9,921
da02,1706843220677528,7.0759726,0.81867135,1.0768148,9,922
da02,1706843220777550,7.0752215,0.82047153,1.084376,9,923
da02,1706843220877551,7.0822139,0.83140922,1.0710794,12,924
da02,1706843220977599,7.0823045,0.82333648,1.0773642,9,925
da02,1706843221077733,7.075716,0.82917857,1.077417,9,926
da02,1706843221177584,7.0746217,0.83214849,1.0734851,10,927
da02,1706843221277596,7.06674,0.82228255,1.0711057,8,928
da02,1706843221377694,7.0867782,0.82349342,1.0682902,12,929
da02,1706843221478984,7.0752535,0.82751036,1.0583384,9,930
da02,1706843221577609,7.083003,0.83699608,1.0577978,11,931
da02,1706843221677610,7.0662789,0.84335738,1.0679986,8,932
da02,1706843221777578,7.0693583,0.84882069,1.0628757,10,933
da02,1706843221877610,7.0599504,0.84526509,1.0620835,8,934
da02,1706843221977561,7.0532842,0.84221882,1.0625341,8,935
da02,1706843222077624,7.0639806,0.83825231,1.0646919,10,936
da02,1706843222177540,7.0719309,0.83990568,1.0526621,12,937
da02,1706843222277585,7.080193,0.83875233,1.0650516,10,938
da02,1706843222377602,7.0965247,0.83516467,1.0548326,13,939
da02,1706843222477547,7.089469,0.836243,1.0578762,9,940
da02,1706843222577594,7.081636,0.82612014,1.0712851,8,941
da02,1706843222677619,7.0945582,0.82304853,1.0568494,13,942
da02,1706843222777613,7.10147,0.82321274,1.0612112,11,943
da02,1706843222877615,7.0965333,0.83295083,1.059878,10,944
da02,1706843222977571,7.076921,0.83325166,1.0683616,8,945
da02,1706843223077594,7.0531011,0.8323257,1.0654597,8,946
da02,1706843223177577,7.0595112,0.83831495,1.0602293,10,947
da02,1706843223277586,7.0743918,0.83767778,1.0585892,12,948
da02,1706843223377574,7.0672603,0.8301571,1.0672158,8,949
da02,1706843223477588,7.0732679,0.82802844,1.0794886,9,950
da02,1706843223577645,7.0602431,0.82883358,1.0813484,7,951
da02,1706843223677589,7.0550547,0.82838464,1.081167,8,952
da02,1706843223777572,7.0615015,0.82143396,1.0914637,8,953
da02,1706843223877602,7.0529966,0.82019275,1.0861868,8,954
da02,1706843223977607,7.0504456,0.81779093,1.0858167,8,955
da02,1706843224077673,7.0580573,0.81804174,1.0774335,10,956
da02,1706843224177643,7.0654783,0.83093929,1.0735683,10,957
da02,1706843224277590,7.0728407,0.84675491,1.0596259,12,958
da02,1706843224377624,7.0794177,0.84090537,1.0646125,10,959
da02,1706843224477628,7.0667839,0.83663774,1.0716147,7,960
da02,1706843224577625,7.0630121,0.83361107,1.0640038,9,961
da02,1706843224677590,7.0688047,0.84299582,1.0624489,11,962
da02,1706843224777612,7.0675764,0.83881259,1.0552298,10,963
da02,1706843224877646,7.1890006,0.84951252,1.0457395,66,964
da02,1706843224977588,7.1402755,0.84145325,1.0644869,8,965
da02,1706843225077666,7.1170149,0.83601862,1.0661633,8,966
da02,1706843225177556,7.1124935,0.83620888,1.0706028,10,967
da02,1706843225277590,7.1011038,0.83286023,1.0785893,9,968
da02,1706843225377611,7.0841355,0.83400238,1.079079,8,969
da02,1706843225477638,7.0837126,0.82982236,1.0734288,10,970
da02,1706843225577560,7.100462,0.83358079,1.0863701,11,971
da02,1706843225677589,7.083281,0.83375263,1.0911241,8,972
da02,1706843225777662,7.0815144,0.8311516,1.078271,10,973
da02,1706843225877640,7.088387,0.82027256,1.0715051,11,974
da02,1706843225977664,7.077548,0.83057094,1.0736824,9,975
da02,1706843226077646,7.0748816,0.83090842,1.0740297,9,976
da02,1706843226177596,7.0754943,0.8296569,1.0896214,8,977
da02,1706843226277846,7.069581,0.82613003,1.076804,9,978
da02,1706843226377641,7.062902,0.8211695,1.0708514,9,979
da02,1706843226477622,7.0627651,0.82156378,1.079065,8,980
da02,1706843226577632,7.0651064,0.80730385,1.0914799,8,981
da02,1706843226677587,7.0650849,0.81827587,1.0916022,9,982
da02,1706843226777678,7.0560527,0.81854558,1.0914962,7,983
da02,1706843226877659,7.0606079,0.82335812,1.0975422,9,984
da02,1706843226977611,7.0625334,0.82622004,1.0971358,9,985
da02,1706843227077735,7.0575438,0.82567382,1.0951024,8,986
da02,1706843227177706,7.0590944,0.82806349,1.0804327,10,987
da02,1706843227278010,7.0591545,0.82755768,1.0727775,9,988
da02,1706843227377662,7.0515509,0.8288902,1.0746574,8,989
da02,1706843227477552,7.0401268,0.82879746,1.0658439,8,990
da02,1706843227577524,7.049201,0.82400841,1.0658028,10,991
da02,1706843227677681,7.0578628,0.82419205,1.0652312,10,992
da02,1706843227777658,7.055676,0.81713378,1.0584626,9,993
da02,1706843227877560,7.0543704,0.8136335,1.0702704,8,994
da02,1706843227977646,7.0571957,0.81295592,1.0724211,9,995
da02,1706843228077655,7.0489421,0.817897,1.0785064,8,996
da02,1706843228177542,7.04539,0.82246941,1.0724633,9,997
da02,1706843228277673,7.0549145,0.82870507,1.0644743,11,998
da02,1706843228378464,7.0597782,0.832156,1.0662395,10,999
da02,1706843228477596,7.0698857,0.83857393,1.065979,11,1000
da02,1706843228577656,7.0627637,0.82970637,1.0689082,8,1001
da02,1706843228677602,7.0623326,0.82616633,1.0644724,9,1002
da02,1706843228777582,7.0673785,0.82282311,1.0621219,10,1003
da02,1706843228877712,7.0550156,0.82791978,1.0669663,8,1004
da02,1706843228977640,7.0489306,0.82202739,1.0768032,7,1005
da02,1706843229077601,7.0533853,0.82676804,1.0733069,10,1006
da02,1706843229177674,7.0483284,0.83055109,1.0754848,8,1007
da02,1706843229278164,7.0411892,0.82883888,1.0803838,8,1008
da02,1706843229377633,7.0502386,0.83262134,1.0806366,10,1009
da02,1706843229477772,7.0521951,0.82686549,1.0704761,9,1010
da02,1706843229577692,7.0445061,0.82350552,1.0693502,8,1011
da02,1706843229677669,7.0527134,0.82746542,1.0795965,9,1012
da02,1706843229777764,7.0543509,0.82822984,1.0725079,9,1013
da02,1706843229877672,7.0556149,0.8265608,1.0664785,9,1014
da02,1706843229977690,7.0393214,0.83289444,1.0690492,8,1015
da02,1706843230077704,7.054493,0.84251034,1.0654233,11,1016
da02,1706843230177682,7.0636673,0.8417868,1.0720109,10,1017
da02,1706843230277652,7.0582671,0.8452329,1.0712209,9,1018
da02,1706843230377855,7.0570507,0.83735216,1.0754061,8,1019
da02,1706843230477647,7.0605321,0.84386039,1.0738285,10,1020
da02,1706843230577708,7.0726686,0.82867742,1.0678357,11,1021
da02,1706843230677663,7.0712247,0.82951766,1.065856,10,1022
da02,1706843230777698,7.082418,0.83071709,1.060349,12,1023
da02,1706843230877614,7.0803256,0.83809882,1.0684351,9,1024
da02,1706843230977626,7.0830307,0.83621967,1.0811353,9,1025
da02,1706843231078299,7.0659852,0.83869052,1.0829519,8,1026
da02,1706843231177664,7.0673566,0.83701515,1.0806981,9,1027
da02,1706843231279364,7.0557952,0.83455765,1.0704994,8,1028
da02,1706843231377750,7.243216,0.66001892,1.3973633,73,1029
da02,1706843231477656,7.2017646,0.70486677,1.3218012,9,1030
da02,1706843231577663,7.1781011,0.72927606,1.2616631,10,1031
da02,1706843231677707,7.16105,0.75245762,1.2166579,11,1032
da02,1706843231777668,7.1348286,0.77269751,1.1769966,9,1033
da02,1706843231877792,7.1253419,0.798079,1.1480772,11,1034
da02,1706843231977707,7.1099529,0.80729318,1.1277303,9,1035
da02,1706843232077690,7.1084175,0.81134844,1.1116446,11,1036
da02,1706843232177820,7.0997429,0.82916546,1.1050091,10,1037
da02,1706843232277714,7.107367,0.82489824,1.0871882,12,1038
da02,1706843232377698,7.0914679,0.82992285,1.0867128,8,1039
da02,1706843232477809,7.0880089,0.83014137,1.0767211,10,1040
da02,1706843232577729,7.0894933,0.8385036,1.0772278,10,1041
da02,1706843232677657,7.0921578,0.8201105,1.0695846,11,1042
da02,1706843232777702,7.094285,0.81941587,1.0765604,10,1043
da02,1706843232877674,7.1008778,0.82200688,1.071529,11,1044
da02,1706843232977657,7.1054759,0.82093978,1.0694041,11,1045
da02,1706843233077712,7.0971131,0.81357449,1.074923,9,1046
da02,1706843233177730,7.0956764,0.819052,1.0674185,11,1047
da02,1706843233277638,7.0823278,0.82483053,1.0666686,9,1048
da02,1706843233377638,7.0801682,0.8161909,1.0588328,10,1049
da02,1706843233477712,7.08323,0.82500505,1.0730419,9,1050
da02,1706843233577609,7.0860062,0.82910448,1.0688277,11,1051
da02,1706843233677668,7.0854306,0.83025354,1.0682193,10,1052
da02,1706843233777706,7.080389,0.83219784,1.0654583,10,1053
da02,1706843233877600,7.0754738,0.83246255,1.0708963,9,1054
da02,1706843233977648,7.072659,0.82638323,1.0639338,10,1055
da02,1706843234077782,7.0780783,0.83013809,1.0619967,11,1056
da02,1706843234177636,7.0863996,0.82998842,1.0648999,11,1057
da02,1706843234277699,7.0845866,0.82748753,1.075844,9,1058
da02,1706843234377747,7.0825138,0.825297,1.0702306,10,1059
da02,1706843234477596,7.0850105,0.83298826,1.0743562,10,1060
da02,1706843234577623,7.0930958,0.83287054,1.0791053,11,1061
da02,1706843234677712,7.0877209,0.829436,1.061654,11,1062
da02,1706843234777587,7.0889268,0.83612204,1.0641284,10,1063
da02,1706843234877668,7.0809736,0.82080489,1.0618603,9,1064
da02,1706843234977734,7.077877,0.82102621,1.057927,10,1065
da02,1706843235077656,7.0771232,0.8173973,1.0660298,9,1066
da02,1706843235177616,7.0842371,0.81404656,1.0687819,10,1067
da02,1706843235277674,7.0799346,0.81627572,1.0696335,9,1068
da02,1706843235377593,7.0835681,0.81801295,1.076177,10,1069
da02,1706843235477653,7.0693851,0.82766318,1.081831,8,1070
da02,1706843235577714,7.06719,0.8313235,1.0801095,9,1071
da02,1706843235677688,7.0709419,0.83114845,1.0790557,10,1072
da02,1706843235777734,7.082242,0.82969946,1.0695359,12,1073
da02,1706843235877761,7.068099,0.83016771,1.065974,8,1074
da02,1706843235977708,7.0713153,0.82620209,1.0621994,10,1075
da02,1706843236077789,7.0626941,0.82041073,1.0663719,8,1076
da02,1706843236177736,7.049613,0.82570022,1.071821,8,1077
da02,1706843236277703,7.0573263,0.8295182,1.0763135,9,1078
da02,1706843236377805,7.0543375,0.83195806,1.0716357,9,1079
da02,1706843236477722,7.05221,0.8270306,1.0697688,9,1080
da02,1706843236577693,7.0533037,0.82184756,1.0722684,9,1081
da02,1706843236677699,7.0643196,0.827099,1.0707108,11,1082
da02,1706843236777788,7.0637774,0.83052391,1.072817,9,1083
da02,1706843236877761,7.0619321,0.82669514,1.0790594,8,1084
da02,1706843236977765,7.0665488,0.83024579,1.0855443,9,1085
da02,1706843237077797,7.0751004,0.82703012,1.0847452,10,1086
da02,1706843237177715,7.0907316,0.82701856,1.0790132,12,1087
da02,1706843237278080,7.0832176,0.82975459,1.0738382,9,1088
da02,1706843237377914,7.0680337,0.83308321,1.0830833,8,1089
da02,1706843237477881,7.0741572,0.83898312,1.0688564,11,1090
da02,1706843237577906,7.0563464,0.83693439,1.0861163,8,1091
da02,1706843237677873,7.0551791,0.83372557,1.0900494,8,1092
da02,1706843237777922,7.0561924,0.83171135,1.0951693,8,1093
da02,1706843237877842,7.0646434,0.82961011,1.0880315,10,1094
da02,1706843237977748,7.0690932,0.82652813,1.0801432,10,1095
da02,1706843238077720,7.0618629,0.83867329,1.0739762,9,1096
da02,1706843238177782,7.078042,0.8304494,1.0874959,10,1097
da02,1706843238277701,7.0783086,0.831245,1.0824974,10,1098
da02,1706843238377730,7.0834956,0.83153433,1.078705,11,1099
da02,1706843238477766,7.0880427,0.83543295,1.087021,10,1100
da02,1706843238577763,7.0774837,0.82733738,1.0957943,7,1101
da02,1706843238677716,7.0682273,0.83585274,1.0921962,8,1102
da02,1706843238777772,7.0578556,0.84115541,1.082409,8,1103
da02,1706843238877727,7.0601487,0.83660734,1.0798539,9,1104
da02,1706843238977766,7.06376,0.83475804,1.0729016,10,1105
da02,1706843239077820,7.0505757,0.82637304,1.0734831,7,1106
da02,1706843239177772,7.052217,0.83668917,1.0736203,9,1107
da02,1706843239277725,7.0670924,0.82816029,1.0752625,10,1108
da02,1706843239377868,7.0681953,0.82797563,1.0783619,9,1109
da02,1706843239477801,7.0777974,0.82944804,1.0815862,10,1110
da02,1706843239577785,7.0685654,0.83076918,1.0755216,9,1111
da02,1706843239677753,7.0777807,0.82745904,1.0731835,11,1112
da02,1706843239777834,7.062808,0.83143181,1.0714533,8,1113
da02,1706843239877771,7.0722747,0.83017939,1.0711123,10,1114
da02,1706843239977721,7.0513878,0.83929485,1.0764421,8,1115
da02,1706843240077784,7.0505724,0.84408391,1.079478,8,1116
da02,1706843240177773,7.0589576,0.83360255,1.0812806,9,1117
da02,1706843240278401,7.0540891,0.83198988,1.0773188,8,1118
da02,1706843240377774,7.0528159,0.82517761,1.0757747,8,1119
da02,1706843240477761,7.0647221,0.83002692,1.0682456,11,1120
da02,1706843240577837,7.0603018,0.82975769,1.0621221,9,1121
da02,1706843240677754,7.0650163,0.82844478,1.0703244,9,1122
da02,1706843240777796,7.05712,0.82736272,1.0679954,8,1123
da02,1706843240877817,7.0613022,0.83778369,1.0787474,9,1124
da02,1706843240977790,7.0623651,0.83336371,1.071921,10,1125
da02,1706843241077734,7.0532036,0.8328287,1.0791785,8,1126
da02,1706843241178412,7.053113,0.83473212,1.0911872,8,1127
da02,1706843241277806,7.0560546,0.84118462,1.0807325,10,1128
da02,1706843241377748,7.06137,0.8429969,1.0812681,10,1129
da02,1706843241477832,7.0661955,0.84030861,1.0750917,10,1130
da02,1706843241577816,7.0691991,0.82775527,1.0761766,9,1131
da02,1706843241677740,7.0713611,0.82511985,1.0715283,10,1132
da02,1706843241777802,7.0588121,0.82343614,1.0591353,9,1133
da02,1706843241877827,7.0535545,0.82698327,1.0603875,8,1134
da02,1706843241977758,7.0572977,0.8255831,1.068179,9,1135
da02,1706843242077830,7.06335,0.83807087,1.0662335,10,1136
da02,1706843242177792,7.0752892,0.83702332,1.0760154,10,1137
da02,1706843242277750,7.0654144,0.8442536,1.074227,8,1138
da02,1706843242377880,7.072114,0.85165769,1.0788715,10,1139
da02,1706843242477848,7.0754342,0.84455258,1.076082,10,1140
da02,1706843242577762,7.0732422,0.84474814,1.0769273,9,1141
da02,1706843242677816,7.0704517,0.84487778,1.0778478,9,1142
da02,1706843242777810,7.07337,0.84243268,1.0777224,10,1143
da02,1706843242877831,7.0610723,0.84000462,1.0824823,8,1144
da02,1706843242977811,7.0620661,0.84286469,1.0772539,10,1145
da02,1706843243077831,7.0648937,0.83416605,1.0756899,9,1146
da02,1706843243177798,7.0611787,0.83427984,1.078105,8,1147
da02,1706843243277806,7.0568628,0.83472407,1.0791641,8,1148
da02,1706843243377801,7.0525,0.833951,1.0760919,8,1149
da02,1706843243477782,7.0530448,0.83301687,1.0777494,9,1150
da02,1706843243577819,7.0591917,0.83246189,1.0699985,10,1151
da02,1706843243677800,7.0431056,0.84061247,1.0801655,9,1152
da02,1706843243777839,7.0399165,0.83716333,1.0846901,7,1153
da02,1706843243877904,7.0481052,0.84114742,1.0772997,10,1154
da02,1706843243978154,7.0547619,0.83589119,1.0740523,10,1155
da02,1706843244077819,7.0574713,0.83077079,1.0756123,9,1156
da02,1706843244177836,7.05988,0.82317269,1.0881593,8,1157
da02,1706843244277862,7.0552235,0.82042474,1.0824562,8,1158
da02,1706843244377840,7.05572,0.83107924,1.0837803,9,1159
da02,1706843244477779,7.0512395,0.83268332,1.082672,8,1160
da02,1706843244577988,7.0497551,0.83310521,1.0950845,8,1161
da02,1706843244677775,7.0517087,0.8350116,1.091386,9,1162
da02,1706843244777803,7.0540361,0.8300941,1.0888997,9,1163
da02,1706843244877902,7.076952,0.82297778,1.0822304,12,1164
da02,1706843244977831,7.0740118,0.82785958,1.0763305,10,1165
da02,1706843245077782,7.1949129,0.8290357,1.057584,67,1166
da02,1706843245177915,7.1674509,0.82753581,1.0752969,9,1167
da02,1706843245277796,7.1357393,0.83273309,1.0681046,9,1168
da02,1706843245377808,7.1185279,0.83255935,1.0660576,10,1169
da02,1706843245477890,7.1075387,0.830529,1.0735583,9,1170
da02,1706843245577811,7.1056104,0.8198213,1.0609932,11,1171
da02,1706843245677760,7.0993567,0.82408273,1.0564679,10,1172
da02,1706843245777909,7.1048083,0.81536919,1.0608382,11,1173
da02,1706843245877788,7.090364,0.81640029,1.0786531,7,1174
da02,1706843245977780,7.0884023,0.81549853,1.0727574,10,1175
da02,1706843246077968,7.0856915,0.82044315,1.0666134,10,1176
da02,1706843246177888,7.0794744,0.82255262,1.0676043,9,1177
da02,1706843246277774,7.0659089,0.83252978,1.0785632,8,1178
da02,1706843246377839,7.0758066,0.82765794,1.0751115,11,1179
da02,1706843246477899,7.0732064,0.82681888,1.0809206,9,1180
da02,1706843246577787,7.0700517,0.82727277,1.0935563,8,1181
da02,1706843246679568,7.075007,0.82737857,1.0909649,10,1182
da02,1706843246777925,7.0980244,0.82589233,1.0829259,13,1183
da02,1706843246877803,7.08179,0.83101141,1.0830687,8,1184
da02,1706843246977844,7.0758185,0.82782364,1.0843576,8,1185
da02,1706843247077938,7.0773559,0.82847905,1.0936381,9,1186
da02,1706843247177879,7.0684195,0.81649005,1.0993043,7,1187
da02,1706843247277888,7.0596771,0.81836671,1.0935264,8,1188
da02,1706843247377909,7.0622311,0.82212311,1.0913738,9,1189
da02,1706843247477812,7.0523129,0.82629347,1.0882295,8,1190
da02,1706843247577846,7.0594563,0.82445222,1.0754727,10,1191
da02,1706843247677870,7.0745935,0.835831,1.0740285,11,1192
da02,1706843247777824,7.0674019,0.82993531,1.0715634,9,1193
da02,1706843247877859,7.0636,0.84256905,1.0889403,8,1194
da02,1706843247978003,7.0614886,0.83161384,1.0886862,8,1195
da02,1706843248077841,7.0681381,0.8355062,1.0839342,10,1196
da02,1706843248177822,7.0618982,0.84580636,1.0754822,9,1197
da02,1706843248277900,7.0619254,0.84678775,1.0771347,9,1198
da02,1706843248377885,7.0652828,0.82998407,1.0745848,9,1199
da02,1706843248477789,7.0618758,0.82970536,1.0703709,9,1200
da02,1706843248577860,7.06472,0.82656527,1.0674528,10,1201
da02,1706843248677749,7.0740943,0.82615459,1.0691628,10,1202
da02,1706843248777786,7.0741911,0.82798111,1.0728178,9,1203
da02,1706843248877866,7.0686536,0.82140654,1.0782881,8,1204
da02,1706843248977795,7.0708551,0.82593,1.078697,10,1205
da02,1706843249077836,7.0771041,0.82939148,1.0779017,10,1206
da02,1706843249177876,7.0876641,0.8253566,1.0738308,11,1207
da02,1706843249277843,7.0759835,0.82658058,1.0693445,9,1208
da02,1706843249377808,7.0847955,0.83073461,1.0639462,11,1209
da02,1706843249477837,7.0799112,0.83023262,1.0767175,8,1210
da02,1706843249577835,7.082015,0.82770485,1.0841465,9,1211
da02,1706843249677770,7.0863347,0.82437706,1.0822895,10,1212
da02,1706843249777832,7.07261,0.83140534,1.0781096,8,1213
da02,1706843249877814,7.0660911,0.8386215,1.0720733,9,1214
da02,1706843249977818,7.0574355,0.84202141,1.078071,8,1215
da02,1706843250077818,7.0573006,0.82861197,1.0733291,9,1216
da02,1706843250177834,7.067359,0.82996786,1.0670031,11,1217
da02,1706843250277786,7.0705814,0.83606571,1.0738165,9,1218
da02,1706843250377834,7.0644245,0.82789314,1.066925,9,1219
da02,1706843250477855,7.07233,0.82868826,1.0607934,11,1220
da02,1706843250577916,7.0870304,0.8308152,1.0685227,11,1221
da02,1706843250677892,7.093936,0.82638866,1.0708268,11,1222
da02,1706843250777981,7.0912333,0.83714432,1.072686,10,1223
da02,1706843250877931,7.09557,0.83036977,1.0728071,11,1224
da02,1706843250977881,7.0890317,0.83896548,1.0746338,9,1225
da02,1706843251077954,7.0917978,0.84476328,1.0764415,10,1226
da02,1706843251178523,7.0895758,0.85426086,1.0780466,10,1227
da02,1706843251278520,7.06671,0.85184753,1.0753043,8,1228
da02,1706843251377978,7.0659022,0.85205859,1.0784221,9,1229
da02,1706843251477942,7.0601459,0.84058875,1.0758489,8,1230
da02,1706843251577894,7.0530128,0.84126484,1.0801563,8,1231
da02,1706843251677975,7.0588012,0.83670175,1.0813882,9,1232
da02,1706843251777990,7.0575123,0.82760465,1.0781865,9,1233
da02,1706843251877928,7.0624876,0.8317607,1.0714101,10,1234
da02,1706843251977959,7.0648966,0.821717,1.0688709,9,1235
da02,1706843252077965,7.0661459,0.82463592,1.0728822,9,1236
da02,1706843252177938,7.065536,0.82836419,1.0679089,10,1237
da02,1706843252277934,7.0567484,0.82684255,1.0789484,7,1238
da02,1706843252377946,7.0630531,0.82774329,1.0895811,9,1239
da02,1706843252477914,7.0573082,0.84176242,1.0856303,9,1240
da02,1706843252577915,7.0536709,0.83395284,1.0891998,8,1241
da02,1706843252677906,7.0558558,0.83116668,1.0890257,9,1242
da02,1706843252777896,7.048666,0.83097231,1.0740594,9,1243
da02,1706843252877895,7.0616317,0.83207268,1.0737894,10,1244
da02,1706843252977916,7.06315,0.84281123,1.0788964,9,1245
da02,1706843253077894,7.0632863,0.84193236,1.0800043,9,1246
da02,1706843253177908,7.0565424,0.69881,1.0480249,70,1247
da02,1706843253277895,7.0453672,0.73419023,1.0514829,8,1248
da02,1706843253377928,7.0604367,0.7516579,1.0541016,11,1249
da02,1706843253477928,7.0767908,0.75994277,1.0584651,11,1250
da02,1706843253577944,7.0746856,0.77874207,1.056452,10,1251
da02,1706843253677938,7.0594659,0.788124,1.0608475,7,1252
da02,1706843253777924,7.0609684,0.79604906,1.0698611,9,1253
da02,1706843253880489,7.0589924,0.80608469,1.0723927,9,1254
da02,1706843253977964,7.0620427,0.81706303,1.0704509,10,1255
da02,1706843254077989,7.0578027,0.82708651,1.068711,9,1256
da02,1706843254178006,7.0539131,0.83089566,1.0638443,9,1257
da02,1706843254277931,7.0442214,0.83020025,1.0723282,8,1258
da02,1706843254377923,7.0483913,0.82645911,1.0822037,8,1259
da02,1706843254478010,7.0611691,0.81894076,1.0832057,10,1260
da02,1706843254577938,7.066009,0.82450444,1.0772692,10,1261
da02,1706843254677936,7.064548,0.83360016,1.0630083,10,1262
da02,1706843254778068,7.0574913,0.83380508,1.0694865,8,1263
da02,1706843254877991,7.0628543,0.8348338,1.076944,9,1264
da02,1706843254977961,7.0679765,0.8402133,1.068568,11,1265
da02,1706843255078048,7.0587511,0.82567251,1.0648968,8,1266
da02,1706843255178060,7.0685515,0.81759214,1.0726032,10,1267
da02,1706843255277943,7.0677967,0.81825572,1.0635384,10,1268
da02,1706843255377958,7.0714049,0.82140827,1.0590651,10,1269
da02,1706843255478030,7.0604386,0.81799287,1.053612,8,1270
da02,1706843255577953,7.0632954,0.81248325,1.0672172,8,1271
da02,1706843255677930,7.0634542,0.81585693,1.066364,9,1272
da02,1706843255778034,7.0620737,0.81647873,1.0680362,9,1273
da02,1706843255877953,7.0758438,0.82497251,1.0720507,11,1274
da02,1706843255977963,7.0785856,0.82526278,1.0761622,10,1275
da02,1706843256078012,7.0888319,0.82006717,1.0643163,12,1276
da02,1706843256177994,7.0829706,0.82235593,1.0580313,10,1277
da02,1706843256277909,7.0931964,0.822366,1.0556133,12,1278
da02,1706843256378034,7.0810637,0.83766824,1.0675027,8,1279
da02,1706843256477967,7.0753174,0.83059335,1.0681822,9,1280
da02,1706843256577975,7.0775061,0.81899142,1.0827795,8,1281
da02,1706843256678027,7.0833106,0.82094759,1.0682999,11,1282
da02,1706843256777999,7.0753441,0.82625294,1.0705413,9,1283
da02,1706843256877939,7.0734773,0.83508247,1.079128,9,1284
da02,1706843256977956,7.0800805,0.82208055,1.0685846,11,1285
da02,1706843257077979,7.0555887,0.81936765,1.0756341,8,1286
da02,1706843257177932,7.0779986,0.82510781,1.0641915,13,1287
da02,1706843257277966,7.0783072,0.823838,1.0715156,9,1288
da02,1706843257377966,7.0777636,0.82477349,1.0714786,10,1289
da02,1706843257477956,7.07074,0.83281714,1.0768025,8,1290
da02,1706843257578030,7.0775671,0.82295734,1.0777555,10,1291
da02,1706843257678003,7.0893488,0.831332,1.0819331,11,1292
da02,1706843257778025,7.0842633,0.82212812,1.078438,9,1293
da02,1706843257877986,7.0669408,0.82375914,1.0680653,8,1294
da02,1706843257978038,7.0694318,0.83547068,1.0774654,9,1295
da02,1706843258078074,7.0607476,0.83673215,1.075844,8,1296
da02,1706843258177974,7.0556393,0.84512633,1.0779924,8,1297
da02,1706843258278031,7.066258,0.83340466,1.0639442,11,1298
da02,1706843258378030,7.0595021,0.83523637,1.0616081,9,1299
da02,1706843258477968,7.0507255,0.83021361,1.0575615,8,1300
da02,1706843258577974,7.059453,0.82513064,1.055266,10,1301
da02,1706843258678032,7.0770626,0.82404608,1.061874,11,1302
da02,1706843258777964,7.0726151,0.82563204,1.0630022,9,1303
da02,1706843258877994,7.0802059,0.83853114,1.0637428,11,1304
da02,1706843258978074,7.0780306,0.8357538,1.0697219,9,1305
da02,1706843259077980,7.0763803,0.8325265,1.0814461,8,1306
da02,1706843259178070,7.071712,0.8311832,1.0876665,8,1307
da02,1706843259278034,7.0709267,0.82875246,1.0848457,9,1308
da02,1706843259378166,7.061851,0.83281147,1.0817467,8,1309
da02,1706843259478088,7.0525603,0.82494283,1.0829892,7,1310
da02,1706843259578073,7.0640807,0.83236575,1.0847033,10,1311
da02,1706843259677952,7.0531883,0.83895826,1.0722513,9,1312
da02,1706843259778079,7.0625772,0.84694916,1.0759571,10,1313
da02,1706843259878124,7.0726509,0.83250427,1.0652279,11,1314
da02,1706843259977974,7.0819426,0.833319,1.0590873,11,1315
da02,1706843260078130,7.0774579,0.830363,1.0599095,9,1316
da02,1706843260178068,7.0638804,0.82348138,1.0655639,7,1317
da02,1706843260277972,7.0824256,0.8176257,1.0625215,12,1318
da02,1706843260378058,7.0804033,0.8238194,1.0685704,9,1319
da02,1706843260478035,7.0894389,0.8174361,1.0633396,11,1320
da02,1706843260577953,7.086102,0.81994957,1.0691367,9,1321
da02,1706843260678057,7.0747814,0.8247301,1.0703449,8,1322
da02,1706843260778052,7.0743756,0.82392973,1.0715716,9,1323
da02,1706843260877964,7.0667562,0.8248747,1.0583971,10,1324
da02,1706843260978027,7.0706058,0.82745844,1.0593477,10,1325
da02,1706843261078047,7.06816,0.8278141,1.062155,9,1326
da02,1706843261178028,7.0758147,0.83115369,1.0717585,10,1327
da02,1706843261278032,7.0637941,0.84510088,1.0669621,9,1328
da02,1706843261378007,7.0730829,0.83712375,1.0591447,11,1329
da02,1706843261477975,7.0776973,0.83329374,1.0620631,10,1330
da02,1706843261578007,7.0815406,0.8312211,1.0581073,11,1331
da02,1706843261677975,7.08096,0.82956016,1.0635211,9,1332
da02,1706843261777975,7.0762815,0.83024013,1.0553441,10,1333
da02,1706843261878002,7.0708261,0.83365184,1.0556917,9,1334
da02,1706843261978013,7.0642824,0.82188278,1.0660405,8,1335
da02,1706843262079612,7.0538898,0.82384861,1.0723087,7,1336
da02,1706843262178044,7.0442615,0.82040894,1.0848666,8,1337
da02,1706843262278582,7.032939,0.81408376,1.080299,7,1338
da02,1706843262377988,7.0354762,0.8319149,1.0773284,9,1339
da02,1706843262478024,7.0367212,0.83925384,1.0821631,8,1340
da02,1706843262578042,7.0436759,0.8500604,1.0834676,9,1341
da02,1706843262677994,7.0625334,0.84536749,1.0756584,12,1342
da02,1706843262778090,7.0766454,0.84293884,1.0739344,11,1343
da02,1706843262877995,7.0841126,0.8440693,1.0717936,11,1344
da02,1706843262978074,7.0715365,0.8334195,1.0749161,8,1345
da02,1706843263078071,7.0719657,0.82935089,1.0708617,10,1346
da02,1706843263178032,7.067553,0.83521986,1.0680654,9,1347
da02,1706843263278030,7.0796485,0.83615214,1.0586009,12,1348
da02,1706843263378010,7.0810194,0.83625728,1.0657524,10,1349
da02,1706843263478083,7.075788,0.844592,1.0588959,10,1350
da02,1706843263578002,7.0607452,0.83266574,1.0585297,7,1351
da02,1706843263678022,7.0633183,0.83927083,1.0570035,10,1352
da02,1706843263778068,7.0501122,0.83655667,1.0560883,8,1353
da02,1706843263878026,7.0751314,0.83008778,1.0580741,12,1354
da02,1706843263978020,7.0679755,0.8386693,1.0650334,8,1355
da02,1706843264078073,7.0671816,0.84175175,1.0832237,8,1356
da02,1706843264178052,7.0711942,0.84640908,1.0850295,10,1357
da02,1706843264278029,7.0709467,0.837539,1.086995,9,1358
da02,1706843264378057,7.0627503,0.83192772,1.0832804,8,1359
da02,1706843264478442,7.0614591,0.83311945,1.0708042,10,1360
da02,1706843264578057,7.0747948,0.82819027,1.0612445,12,1361
da02,1706843264678054,7.0801315,0.82661092,1.0633667,10,1362
da02,1706843264778040,7.0797515,0.83621752,1.0631924,10,1363
da02,1706843264878067,7.080348,0.83604,1.0553914,11,1364
da02,1706843264978113,7.0855265,0.82350582,1.0672358,9,1365
da02,1706843265078016,7.0653062,0.82048589,1.0883178,8,1366
da02,1706843265178071,7.0726523,0.81894553,1.0856885,10,1367
da02,1706843265278040,7.0587344,0.81533277,1.0765744,8,1368
da02,1706843265378027,7.0516381,0.81820351,1.0819967,7,1369
da02,1706843265478048,7.0621862,0.83181244,1.0781451,11,1370
da02,1706843265578106,7.0629668,0.83219045,1.0801234,9,1371
da02,1706843265678055,7.0632443,0.82839489,1.0753316,9,1372
da02,1706843265778055,7.0605736,0.83716208,1.0673221,10,1373
da02,1706843265878036,7.0588603,0.82684869,1.0635134,9,1374
da02,1706843265978069,7.0559316,0.8261621,1.0695887,8,1375
da02,1706843266078038,7.0713954,0.82103282,1.0733802,11,1376
da02,1706843266178106,7.0527406,0.82067353,1.0610124,8,1377
da02,1706843266278047,7.0570321,0.82394856,1.0556303,10,1378
da02,1706843266378074,7.054121,0.82771784,1.0637224,8,1379
da02,1706843266478078,7.06886,0.82673019,1.0593445,11,1380
da02,1706843266578078,7.0554662,0.82485956,1.0644194,7,1381
da02,1706843266678106,7.0632696,0.82858276,1.0639527,10,1382
da02,1706843266778512,7.0731149,0.81979889,1.0678489,10,1383
da02,1706843266878050,7.0815735,0.82000083,1.065063,11,1384
da02,1706843266978598,7.0734591,0.8371495,1.0632275,9,1385
da02,1706843267078132,7.0756326,0.8366645,1.0629706,10,1386
da02,1706843267178092,7.0642061,0.84092939,1.0701976,8,1387
da02,1706843267278087,7.0472722,0.84442395,1.072935,8,1388
da02,1706843267378090,7.0537853,0.83651227,1.0652506,10,1389
da02,1706843267478074,7.0690751,0.82731068,1.0635566,11,1390
da02,1706843267578084,7.0659523,0.8220576,1.0676092,9,1391
da02,1706843267678081,7.0646996,0.82158774,1.060075,10,1392
da02,1706843267778056,7.0683508,0.8200779,1.0680696,9,1393
da02,1706843267878078,7.0771289,0.82538772,1.0721302,10,1394
da02,1706843267978088,7.0650315,0.82723749,1.0779815,7,1395
da02,1706843268078080,7.0721092,0.82216066,1.0724086,10,1396
da02,1706843268178062,7.06724,0.83137012,1.0647588,10,1397
da02,1706843268278096,7.0553174,0.83283484,1.0696211,8,1398
da02,1706843268378037,7.0612106,0.83638757,1.0701877,10,1399
da02,1706843268478052,7.056107,0.83709323,1.0673354,9,1400
da02,1706843268578166,7.0543475,0.82790542,1.0641575,9,1401
da02,1706843268678090,7.0484958,0.81867361,1.0660522,8,1402
da02,1706843268778072,7.0422759,0.80687231,1.0602152,8,1403
da02,1706843268878113,7.035306,0.80019164,1.0684787,7,1404
da02,1706843268978079,7.0511942,0.81045568,1.0727062,10,1405
da02,1706843269078088,7.0646005,0.82231605,1.0705628,11,1406
da02,1706843269178108,7.056704,0.82944554,1.0741682,8,1407
da02,1706843269278074,7.0714498,0.83395612,1.0752271,11,1408
da02,1706843269378030,7.0764647,0.82751983,1.0844163,9,1409
da02,1706843269478099,7.0730238,0.82185721,1.0840143,9,1410
da02,1706843269578037,7.0632029,0.81790423,1.0806386,8,1411
da02,1706843269678068,7.0572386,0.8224256,1.0813621,8,1412
da02,1706843269778089,7.0630922,0.82485074,1.0789459,10,1413
da02,1706843269878064,7.0663342,0.82665241,1.0774125,10,1414
da02,1706843269978102,7.0641217,0.83135837,1.0709101,9,1415
da02,1706843270078240,7.0685582,0.83682811,1.0664101,10,1416
da02,1706843270178100,7.0668683,0.84343326,1.0676502,9,1417
da02,1706843270278098,7.0756507,0.84102392,1.0738211,10,1418
da02,1706843270378406,7.0564523,0.83177048,1.0765139,7,1419
da02,1706843270478143,7.0660138,0.82857829,1.0696404,11,1420
da02,1706843270578070,7.0766163,0.82732975,1.0678128,11,1421
da02,1706843270678085,7.0783916,0.82895428,1.0636773,10,1422
da02,1706843270778049,7.0844021,0.82458395,1.0652646,10,1423
da02,1706843270878091,7.0883718,0.83177924,1.0648764,11,1424
da02,1706843270978094,7.0923223,0.82410163,1.0627488,11,1425
da02,1706843271078124,7.0909405,0.82574922,1.0657588,10,1426
da02,1706843271178132,7.087388,0.8172484,1.0605863,10,1427
da02,1706843271278148,7.0753913,0.82079214,1.0697651,8,1428
da02,1706843271378102,7.0782375,0.82341331,1.0559303,11,1429
da02,1706843271478125,7.0791802,0.8285988,1.0582261,10,1430
da02,1706843271578272,7.0845637,0.82808131,1.0574163,11,1431
da02,1706843271678154,7.0738568,0.816198,1.064548,8,1432
da02,1706843271778096,7.0806866,0.80862564,1.0703267,10,1433
da02,1706843271878085,7.0865235,0.806706,1.0743773,10,1434
da02,1706843271978061,7.0737481,0.82390195,1.0623505,9,1435
da02,1706843272078098,7.0684514,0.83379233,1.0575864,10,1436
da02,1706843272178090,7.0721025,0.84389311,1.0555427,11,1437
da02,1706843272278090,7.0684524,0.84425116,1.0582993,9,1438
da02,1706843272378085,7.0649648,0.84295613,1.0689425,8,1439
da02,1706843272478114,7.0808415,0.834414,1.0737847,11,0
da02,1706843272578071,7.0780044,0.84092075,1.0711908,10,1
da02,1706843272678132,7.0695181,0.83746678,1.0732514,8,2
da02,1706843272778116,7.0674167,0.83086354,1.0673792,9,3
da02,1706843272878088,7.0690284,0.84157878,1.0710406,10,4
da02,1706843272978084,7.0729985,0.84489095,1.0651871,11,5
da02,1706843273078252,7.0611987,0.84037763,1.0699521,7,6
da02,1706843273178082,7.0609903,0.84417909,1.0761204,9,7
da02,1706843273278692,7.0620713,0.8415606,1.0672417,10,8
da02,1706843273378120,7.0697079,0.84409982,1.0679474,10,9
da02,1706843273478142,7.0718865,0.8514908,1.0749956,9,10
da02,1706843273578116,7.0676785,0.84059083,1.0713553,9,11
da02,1706843273678107,7.0744152,0.83631516,1.0661253,11,12
da02,1706843273778080,7.0725865,0.83185643,1.0672841,9,13
da02,1706843273878104,7.091423,0.839263,1.0656295,13,14
da02,1706843273978147,7.0932775,0.84090126,1.0671482,11,15
da02,1706843274078134,7.1001859,0.83478785,1.0596455,12,16
da02,1706843274178132,7.1060629,0.83512521,1.0503714,12,17
da02,1706843274278169,7.1002603,0.82389903,1.0535853,10,18
da02,1706843274378138,7.0926509,0.82739031,1.0617839,9,19
da02,1706843274478262,7.0827479,0.82956684,1.0701383,8,20
da02,1706843274578169,7.059721,0.83287913,1.0748738,8,21
da02,1706843274678139,7.0583057,0.84125829,1.0683961,10,22
da02,1706843274778104,7.0451865,0.83480412,1.0525317,8,23
da02,1706843274878118,7.0530267,0.826358,1.0438291,11,24
da02,1706843274978110,7.0488505,0.82837349,1.055102,8,25
da02,1706843275078131,7.0565152,0.82293981,1.0598459,9,26
da02,1706843275178119,7.0675187,0.82604831,1.0631292,10,27
da02,1706843275278124,7.0652652,0.83838117,1.0600539,10,28
da02,1706843275378112,7.0749745,0.83017677,1.0594785,11,29
da02,1706843275478149,7.0671182,0.83726227,1.0632408,9,30
da02,1706843275578271,7.0544028,0.8392083,1.0591521,8,31
da02,1706843275678153,7.065558,0.83869231,1.0540075,11,32
da02,1706843275778147,7.0705776,0.83148968,1.0526006,10,33
da02,1706843275878132,7.0714273,0.83979166,1.0630031,9,34
da02,1706843275978364,7.0600567,0.83431232,1.0675943,7,35
da02,1706843276078321,7.0529194,0.83773971,1.0667183,8,36
da02,1706843276178168,7.0636439,0.83939534,1.0654989,11,37
da02,1706843276278166,7.0613666,0.83933657,1.0705354,9,38
da02,1706843276378114,7.0727663,0.83237225,1.0739175,10,39
da02,1706843276478136,7.0635829,0.83735114,1.079151,8,40
da02,1706843276578173,7.0737214,0.82942951,1.0700388,11,41
da02,1706843276678176,7.0765676,0.83235729,1.070905,10,42
da02,1706843276778234,7.0841417,0.827128,1.0779768,10,43
da02,1706843276878176,7.0798264,0.82839119,1.06968,10,44
da02,1706843276978124,7.0763292,0.81951147,1.0781538,8,45
da02,1706843277078150,7.0666509,0.82619369,1.0868216,8,46
da02,1706843277178155,7.063201,0.83104134,1.0744681,10,47
da02,1706843277278146,7.0567942,0.83597803,1.0806111,8,48
da02,1706843277378138,7.064734,0.83092147,1.0791306,10,49
da02,1706843277479766,7.059474,0.83558881,1.0772346,9,50
da02,1706843277578262,7.0572872,0.82411355,1.0795056,8,51
da02,1706843277678178,7.0501666,0.82289219,1.0938779,8,52
da02,1706843277778356,7.0546627,0.82930994,1.0841031,10,53
da02,1706843277878138,7.06046,0.82527339,1.0658276,11,54
da02,1706843277978157,7.0703096,0.81470233,1.0623634,11,55
da02,1706843278078168,7.073514,0.82846147,1.058749,11,56
da02,1706843278178156,7.0764174,0.83166218,1.0586514,10,57
da02,1706843278278152,7.0776272,0.82282627,1.0553212,10,58
da02,1706843278378141,7.0715704,0.82054716,1.0634813,8,59
da02,1706843278478156,7.0750632,0.8189773,1.0638291,10,60
da02,1706843278578144,7.0685644,0.81431854,1.0615276,9,61
da02,1706843278678187,7.0770259,0.81475157,1.0602332,11,62
da02,1706843278778162,7.0754113,0.80818069,1.0666482,9,63
da02,1706843278878260,7.0663533,0.81636143,1.0598466,9,64
da02,1706843278978160,7.065691,0.82215834,1.0581323,10,65
da02,1706843279078269,7.0654759,0.83282673,1.0601099,10,66
da02,1706843279178303,7.0567117,0.83025366,1.0616801,8,67
da02,1706843279278181,7.0574427,0.82468,1.0610811,9,68
da02,1706843279378151,7.047092,0.83312511,1.0586373,8,69
da02,1706843279478286,7.0444112,0.83239013,1.0582454,8,70
da02,1706843279578181,7.0526071,0.83866316,1.0613501,10,71
da02,1706843279678321,7.0615354,0.8374716,1.0585575,10,72
da02,1706843279778268,7.0570498,0.84165692,1.058375,9,73
da02,1706843279878277,7.0663905,0.84051138,1.053691,11,74
da02,1706843279978162,7.0576239,0.84566784,1.0650398,8,75
da02,1706843280078240,7.0567608,0.8496896,1.0644432,9,76
da02,1706843280178147,7.0600657,0.84458983,1.0578463,10,77
da02,1706843280278185,7.0568094,0.84067988,1.0543226,9,78
da02,1706843280378176,7.0536394,0.83619386,1.0564467,9,79
da02,1706843280478180,7.0603566,0.83741331,1.0609878,10,80
da02,1706843280578358,7.0700946,0.83282781,1.0577285,11,81
da02,1706843280678257,7.0704927,0.82925797,1.0607035,9,82
da02,1706843280778246,7.0676517,0.83177888,1.0628504,9,83
da02,1706843280878180,7.0703373,0.84343356,1.0639418,10,84
da02,1706843280978273,7.0659833,0.84388959,1.0648881,9,85
da02,1706843281078293,7.0533004,0.83775806,1.0647757,7,86
da02,1706843281178301,7.0630827,0.84344822,1.0706412,10,87
da02,1706843281278309,7.0778246,0.84312308,1.0579268,12,88
da02,1706843281378171,7.074666,0.84293538,1.0618949,9,89
da02,1706843281485818,7.0645676,0.84899157,1.0702236,8,90
da02,1706843281578299,7.0628004,0.84804344,1.0731088,9,91
da02,1706843281678275,7.0757275,0.84155059,1.0749786,11,92
da02,1706843281778182,7.0849886,0.83702868,1.0828977,10,93
da02,1706843281878241,7.0705028,0.83860719,1.081935,8,94
da02,1706843281978250,7.0808668,0.8285355,1.0698676,11,95
da02,1706843282078340,7.0728197,0.82713634,1.0640279,9,96
da02,1706843282178256,7.0791249,0.82103813,1.0538116,11,97
da02,1706843282278289,7.0837283,0.82311124,1.0595609,10,98
da02,1706843282378270,7.0770555,0.83529025,1.0711908,8,99
da02,1706843282478322,7.0933962,0.8253476,1.0774301,11,100
da02,1706843282578309,7.0868587,0.82138687,1.0750555,9,101
da02,1706843282678303,7.0663385,0.81895238,1.0750694,7,102
da02,1706843282778306,7.0699606,0.81886452,1.0769342,9,103
da02,1706843282878325,7.0734859,0.81243432,1.0862477,9,104
da02,1706843282978181,7.064425,0.82552427,1.0753402,9,105
da02,1706843283078253,7.0565133,0.835233,1.0750648,8,106
da02,1706843283178181,7.0617309,0.83401906,1.0869524,9,107
da02,1706843283278238,7.06678,0.83650029,1.0890821,9,108
da02,1706843283378172,7.0584283,0.83447,1.0900259,8,109
da02,1706843283478267,7.0717707,0.82651031,1.0837973,11,110
da02,1706843283578364,7.0666976,0.82937795,1.0742145,9,111
da02,1706843283678264,7.0670104,0.83631289,1.0815034,9,112
da02,1706843283778273,7.0732603,0.82597089,1.0729654,10,113
da02,1706843283878263,7.08135,0.82164013,1.0667965,11,114
da02,1706843283978185,7.0724859,0.81814587,1.0695763,8,115
da02,1706843284078265,7.0707154,0.81855464,1.0802102,8,116
da02,1706843284178248,7.0634661,0.83334053,1.0830809,8,117
da02,1706843284278806,7.0735526,0.830884,1.0781577,11,118
da02,1706843284378261,7.0798821,0.83464891,1.0727612,11,119
da02,1706843284478262,7.064384,0.83682424,1.0711365,8,120
da02,1706843284578260,7.0739508,0.82711738,1.0698125,10,121
da02,1706843284678257,7.0730677,0.81857306,1.0779657,8,122
da02,1706843284778246,7.0570779,0.82022327,1.0780108,8,123
da02,1706843284878278,7.0503983,0.82189351,1.0792655,8,124
da02,1706843284978284,7.0554724,0.812423,1.0768028,9,125
da02,1706843285078386,7.0555921,0.82099342,1.076996,9,126
da02,1706843285178393,7.0603766,0.82077575,1.0738246,10,127
da02,1706843285278314,7.065464,0.82249391,1.0729316,10,128
da02,1706843285378312,7.0635829,0.82148349,1.0691761,9,129
da02,1706843285478349,7.0530515,0.819443,1.0721736,7,130
da02,1706843285578296,7.0509129,0.81462687,1.071861,8,131
da02,1706843285678356,7.0560608,0.81782556,1.0758107,9,132
da02,1706843285778356,7.0515718,0.81720585,1.0673194,9,133
da02,1706843285878392,7.0626783,0.82061195,1.0686412,10,134
da02,1706843285978364,7.0562162,0.81621808,1.0712032,8,135
da02,1706843286078321,7.0550013,0.8237952,1.0768945,8,136
da02,1706843286178340,7.0598717,0.82621157,1.0786166,9,137
da02,1706843286280204,7.0687037,0.8153733,1.0759851,10,138
da02,1706843286378428,7.0804677,0.82228571,1.0762213,11,139
da02,1706843286478372,7.0877323,0.83017147,1.065014,12,140
da02,1706843286578377,7.0907297,0.81835145,1.0692809,10,141
da02,1706843286678332,7.0931578,0.82490736,1.0633752,11,142
da02,1706843286778300,7.0789118,0.82850689,1.0587301,9,143
da02,1706843286878312,7.0723414,0.837124,1.0662777,9,144
da02,1706843286978290,7.0633545,0.83535618,1.067771,8,145
da02,1706843287078305,7.06429,0.83119768,1.0609605,10,146
da02,1706843287178284,7.0680661,0.82738835,1.0536236,10,147
da02,1706843287278846,7.0593939,0.82766044,1.0596266,8,148
da02,1706843287378282,7.0557423,0.81628734,1.0610776,8,149
da02,1706843287478441,7.0535488,0.82057375,1.0571041,9,150
da02,1706843287578337,7.0614796,0.82354432,1.0529189,11,151
da02,1706843287678296,7.0614004,0.81924981,1.0593419,9,152
da02,1706843287778324,7.0729151,0.81172258,1.0562567,11,153
da02,1706843287878300,7.0763946,0.8165257,1.0533309,11,154
da02,1706843287978300,7.0771184,0.81741863,1.0595801,9,155
da02,1706843288078374,7.0679655,0.82733637,1.0608529,9,156
da02,1706843288178320,7.0675864,0.83518273,1.0666237,9,157
da02,1706843288278312,7.0677285,0.83849144,1.0674539,9,158
da02,1706843288378316,7.0683246,0.83385879,1.0707353,9,159
da02,1706843288478299,7.0728068,0.84206742,1.0671211,11,160
da02,1706843288578308,7.0820723,0.83933765,1.0639173,11,161
da02,1706843288678509,7.0885873,0.839875,1.0649644,11,162
da02,1706843288778344,7.0850525,0.83944821,1.0624549,10,163
da02,1706843288878349,7.0790677,0.8323217,1.0630608,9,164
da02,1706843288978356,7.0725427,0.83438241,1.0714649,8,165
da02,1706843289078338,7.0712647,0.82251161,1.080197,8,166
da02,1706843289178376,7.0701423,0.82595855,1.0830774,9,167
da02,1706843289278453,7.0574374,0.83108455,1.0764809,8,168
da02,1706843289378367,7.0563626,0.83127195,1.0731992,9,169
da02,1706843289478348,7.0524406,0.83545685,1.0741283,8,170
da02,1706843289578422,7.0545306,0.83378822,1.0770348,9,171
da02,1706843289678380,7.0573339,0.82694972,1.077142,9,172
da02,1706843289778338,7.0561943,0.83372706,1.0793332,9,173
da02,1706843289878386,7.0432186,0.83601952,1.0846345,8,174
da02,1706843289978324,7.0434294,0.83379084,1.0833342,8,175
da02,1706843290078407,7.0576982,0.83540958,1.0697842,11,176
da02,1706843290178301,7.0707822,0.832174,1.0576806,12,177
da02,1706843290278415,7.074894,0.82507646,1.0598273,10,178
da02,1706843290378386,7.0656424,0.82601106,1.056394,9,179
da02,1706843290478372,7.0676489,0.81702912,1.0586586,9,180
da02,1706843290578341,7.06522,0.8173579,1.0622571,9,181
da02,1706843290678428,7.0642109,0.81465816,1.058785,9,182
da02,1706843290778310,7.06042,0.81103718,1.0653137,8,183
da02,1706843290878418,7.0544071,0.81582415,1.0632527,8,184
da02,1706843290978371,7.0483561,0.82080853,1.0727383,8,185
da02,1706843291078404,7.0472822,0.82238263,1.074412,8,186
da02,1706843291178418,7.0384765,0.82242769,1.0660386,8,187
da02,1706843291278639,7.0335026,0.81749749,1.074273,7,188
da02,1706843291378377,7.0463195,0.8278442,1.0793662,10,189
da02,1706843291478406,7.0660758,0.8249436,1.0798484,11,190
da02,1706843291578456,7.0690551,0.82076573,1.07358,10,191
da02,1706843291678373,7.0731583,0.82026285,1.0717571,10,192
da02,1706843291778721,7.0745721,0.82815081,1.0645845,10,193
da02,1706843291878441,7.0739508,0.81899315,1.0675266,9,194
da02,1706843291978512,7.0768189,0.81777728,1.0744302,9,195
da02,1706843292078356,7.0793128,0.821006,1.0745199,10,196
da02,1706843292178398,7.0713072,0.81953925,1.0771258,8,197
da02,1706843292278389,7.0564041,0.82589942,1.0698723,8,198
da02,1706843292378354,7.0659032,0.82748431,1.0732912,10,199
da02,1706843292478516,7.0750003,0.82693547,1.0622317,11,200
da02,1706843292578423,7.0756025,0.82892156,1.0738875,9,201
da02,1706843292678413,7.073071,0.82664722,1.0796411,9,202
da02,1706843292778403,7.0815668,0.82407981,1.0660319,12,203
da02,1706843292880015,7.0695872,0.820722,1.0637139,8,204
da02,1706843292978452,7.0621905,0.81444478,1.0654656,8,205
da02,1706843293078404,7.0632186,0.82774156,1.0708399,9,206
da02,1706843293178361,7.0691767,0.82517529,1.0632056,11,207
da02,1706843293278435,7.0643506,0.82861632,1.0767335,8,208
da02,1706843293378407,7.0711851,0.82239836,1.0814013,9,209
da02,1706843293478415,7.0819016,0.83130807,1.0765585,11,210
da02,1706843293578357,7.0874009,0.82709682,1.0763304,10,211
da02,1706843293678363,7.0718145,0.81276762,1.0879149,7,212
da02,1706843293778366,7.0758686,0.82252282,1.0799375,10,213
da02,1706843293878380,7.0665045,0.8161394,1.08417,7,214
da02,1706843293978360,7.0639014,0.8215782,1.0779928,9,215
da02,1706843294078422,7.0419602,0.8160342,1.0732961,7,216
da02,1706843294178410,7.045475,0.82261789,1.0702016,9,217
da02,1706843294278410,7.0518866,0.83057922,1.0691779,10,218
da02,1706843294378367,7.0557175,0.82529104,1.0726513,9,219
da02,1706843294478419,7.0620317,0.82137609,1.0744101,9,220
da02,1706843294578451,7.0743728,0.8200295,1.080696,10,221
da02,1706843294678428,7.0622091,0.822828,1.0857596,8,222
da02,1706843294778445,7.0730333,0.81924182,1.0839301,10,223
da02,1706843294878481,7.0636735,0.83212978,1.0729339,9,224
da02,1706843294978443,7.0687075,0.82799125,1.0812273,9,225
da02,1706843295078466,7.057467,0.83589911,1.083527,8,226
da02,1706843295178456,7.0553136,0.82920027,1.0883737,8,227
da02,1706843295279017,7.0562377,0.83293068,1.076391,10,228
da02,1706843295378385,7.0754819,0.82806391,1.0719345,12,229
da02,1706843295478428,7.0653968,0.8244282,1.0733311,8,230
da02,1706843295578431,7.0565524,0.829589,1.0696093,8,231
da02,1706843295678452,7.0477743,0.82554817,1.0687002,8,232
da02,1706843295778432,7.0556931,0.82080585,1.073828,9,233
da02,1706843295878436,7.0646296,0.82335544,1.0662388,11,234
da02,1706843295978384,7.0616775,0.82988971,1.0745928,8,235
da02,1706843296078422,7.0706358,0.83089429,1.0717267,11,236
da02,1706843296178393,7.0792809,0.82977325,1.0748314,10,237
da02,1706843296278920,7.0644751,0.82379127,1.0746621,7,238
da02,1706843296378450,7.0770016,0.82224149,1.0757864,11,239
da02,1706843296478643,7.0839958,0.82550418,1.0823947,10,240
da02,1706843296578390,7.0848145,0.82012594,1.0708292,11,241
da02,1706843296678910,7.0849667,0.81862682,1.076907,9,242
da02,1706843296778429,7.0694356,0.81914812,1.0835452,8,243
da02,1706843296878956,7.0600529,0.82071143,1.0844631,8,244
da02,1706843296978442,7.0510778,0.82377017,1.0799223,8,245
da02,1706843297078504,7.05411,0.83548927,1.0795879,9,246
da02,1706843297178427,7.0598273,0.84432983,1.0784873,10,247
da02,1706843297278450,7.0608387,0.83969545,1.0824025,9,248
da02,1706843297378517,7.0742869,0.83533543,1.0744051,11,249
da02,1706843297478490,7.0762281,0.83639383,1.0755057,10,250
da02,1706843297578509,7.0722861,0.84013957,1.0723066,9,251
da02,1706843297678444,7.0778894,0.83485508,1.0664849,11,252
da02,1706843297778453,7.0867028,0.82416338,1.0778224,10,253
da02,1706843297878504,7.096818,0.81732357,1.0783402,11,254
da02,1706843297978419,7.0875278,0.81381971,1.0807958,8,255
da02,1706843298078424,7.0808697,0.816465,1.0778815,9,256
da02,1706843298178422,7.0880537,0.82346189,1.0768548,11,257
da02,1706843298278400,7.0766296,0.8269611,1.080986,8,258
da02,1706843298378414,7.0829897,0.82868934,1.0800351,10,259
da02,1706843298478409,7.0836515,0.82398748,1.0721213,10,260
da02,1706843298578470,7.0786572,0.82791877,1.0635564,10,261
da02,1706843298678456,7.0895615,0.82688767,1.0624704,11,262
da02,1706843298778439,7.0744052,0.82505655,1.0620487,8,263
da02,1706843298878411,7.07428,0.8360793,1.0704706,9,264
da02,1706843298978464,7.0774269,0.83361316,1.0711894,10,265
da02,1706843299078499,7.071228,0.8409881,1.0718126,9,266
da02,1706843299178462,7.0716085,0.84169292,1.0782915,9,267
da02,1706843299278504,7.0772882,0.84044731,1.0799704,10,268
da02,1706843299378457,7.0638838,0.84531903,1.0749571,8,269
da02,1706843299478430,7.077632,0.84174758,1.0806096,11,270
da02,1706843299578507,7.0853934,0.83386809,1.0712172,11,271
da02,1706843299678440,7.0954294,0.8295306,1.0624436,12,272
da02,1706843299778462,7.0848317,0.83117205,1.0706332,8,273
da02,1706843299878466,7.0782337,0.84205145,1.0847619,8,274
da02,1706843299978454,7.0723481,0.83911914,1.0804566,9,275
da02,1706843300078533,7.0712819,0.84256005,1.0781989,9,276
da02,1706843300178427,7.0513897,0.84790379,1.0761852,8,277
da02,1706843300278432,7.0511227,0.8401044,1.0770322,8,278
da02,1706843300378452,7.0588636,0.84003413,1.0699053,10,279
da02,1706843300478440,7.0627723,0.83725357,1.0768075,9,280
da02,1706843300578436,7.0581145,0.83244014,1.08435,8,281
da02,1706843300678423,7.0472803,0.83697218,1.0857357,8,282
da02,1706843300778439,7.0495238,0.83264065,1.0929145,8,283
da02,1706843300878467,7.0479183,0.84571809,1.0982648,8,284
da02,1706843300978750,7.0525508,0.84896904,1.0946826,9,285
da02,1706843301078459,7.0538964,0.84131283,1.0892751,9,286
da02,1706843301178448,7.0601726,0.8404848,1.0879866,9,287
da02,1706843301278436,7.0586987,0.84361351,1.0771174,10,288
da02,1706843301378516,7.0608354,0.83508629,1.074821,9,289
da02,1706843301478460,7.0481739,0.8389746,1.0750829,8,290
da02,1706843301578495,7.053237,0.83683544,1.0761286,9,291
da02,1706843301678487,7.0502357,0.83070183,1.0696481,9,292
da02,1706843301778517,7.0581608,0.83518219,1.0688822,10,293
da02,1706843301878480,7.0435762,0.83595562,1.0805743,8,294
da02,1706843301978574,7.0431986,0.84085953,1.0776435,9,295
da02,1706843302078534,7.0371394,0.8478421,1.0742685,8,296
da02,1706843302178512,7.0515223,0.84060466,1.0717285,10,297
da02,1706843302278553,7.0592685,0.832488,1.0747688,9,298
da02,1706843302378628,7.0530806,0.83676851,1.0707558,9,299
da02,1706843302478536,7.0606852,0.83938915,1.0669742,10,300
da02,1706843302578533,7.0531187,0.83517551,1.0668283,8,301
da02,1706843302678486,7.0587578,0.84009969,1.0587964,11,302
da02,1706843302778497,7.0544128,0.8309018,1.0559525,9,303
da02,1706843302878558,7.0652852,0.82376766,1.0628135,10,304
da02,1706843302978486,7.0706306,0.82659554,1.0699623,10,305
da02,1706843303078588,7.060523,0.82894057,1.070152,8,306
da02,1706843303178478,7.0744557,0.8257705,1.0659152,11,307
da02,1706843303278510,7.0726442,0.82168448,1.0702043,9,308
da02,1706843303378510,7.0751491,0.81721485,1.0657234,10,309
da02,1706843303478505,7.0834131,0.822165,1.0659547,11,310
da02,1706843303578484,7.0858297,0.82169974,1.068221,10,311
da02,1706843303678465,7.0749283,0.82790047,1.0714408,8,312
da02,1706843303778462,7.0713296,0.83261847,1.0726854,9,313
da02,1706843303878500,7.0653777,0.82490176,1.0709032,8,314
da02,1706843303978491,7.0607471,0.82917482,1.0765938,8,315
da02,1706843304078525,7.0669889,0.82092583,1.0798199,9,316
da02,1706843304178527,7.0742764,0.81889009,1.0841511,10,317
da02,1706843304278464,7.0596013,0.81448859,1.08161,7,318
da02,1706843304378514,7.0633655,0.81701785,1.0776418,10,319
da02,1706843304478510,7.0665574,0.8196584,1.0760733,10,320
da02,1706843304578623,7.0574174,0.82705909,1.0796503,8,321
da02,1706843304678540,7.0631723,0.83167928,1.0787581,10,322
da02,1706843304778530,7.0578275,0.67710841,1.0569141,70,323
da02,1706843304878518,7.0522628,0.70448822,1.0561965,8,324
da02,1706843304978536,7.0619817,0.74055648,1.0582452,10,325
da02,1706843305078476,7.0682111,0.76199758,1.0582397,10,326
da02,1706843305178484,7.070127,0.7817241,1.0664085,9,327
da02,1706843305278526,7.0735664,0.79133463,1.0691104,10,328
da02,1706843305378546,7.0776372,0.8015669,1.0692062,10,329
da02,1706843305478532,7.0802674,0.81185395,1.0689569,10,330
da02,1706843305578517,7.0868883,0.81625789,1.0703843,11,331
da02,1706843305678480,7.0753708,0.82196128,1.0712806,8,332
da02,1706843305778510,7.0594893,0.82760376,1.0769184,8,333
da02,1706843305878495,7.064,0.82946,1.0773042,10,334
da02,1706843305978510,7.045722,0.82941669,1.0829685,8,335
da02,1706843306078569,7.0534072,0.82219607,1.0855101,9,336
da02,1706843306178524,7.0465961,0.81774855,1.0834119,7,337
da02,1706843306279012,7.0464573,0.81298035,1.0813378,8,338
da02,1706843306378785,7.0446053,0.82323247,1.0795583,8,339
da02,1706843306478564,7.0490479,0.82429683,1.0745724,9,340
da02,1706843306578511,7.0518661,0.83209556,1.0834008,8,341
da02,1706843306678530,7.0577879,0.83990043,1.0833445,10,342
da02,1706843306778547,7.0634575,0.84016842,1.084956,9,343
da02,1706843306878558,7.0716228,0.836774,1.0739605,11,344
da02,1706843306978550,7.079247,0.83607483,1.0709851,11,345
da02,1706843307078594,7.0690827,0.8240667,1.0729687,8,346
da02,1706843307178519,7.0617738,0.81922638,1.0693159,8,347
da02,1706843307278507,7.0588546,0.8220166,1.0653733,9,348
da02,1706843307378524,7.0724912,0.8168146,1.0625966,11,349
da02,1706843307478532,7.071867,0.81986523,1.0640219,9,350
da02,1706843307578662,7.0641408,0.82240212,1.069582,8,351
da02,1706843307678533,7.0678668,0.8263607,1.0656404,10,352
da02,1706843307778625,7.0588026,0.83062285,1.068689,8,353
da02,1706843307878565,7.0634308,0.83507556,1.0722355,10,354
da02,1706843307978544,7.0700536,0.83325326,1.0711894,10,355
da02,1706843308078595,7.0558829,0.8357259,1.074077,8,356
da02,1706843308178529,7.0495172,0.83242804,1.0721555,8,357
da02,1706843308280098,7.0516586,0.82668877,1.06789,9,358
da02,1706843308378791,7.0620503,0.82285017,1.0689631,10,359
da02,1706843308478579,7.0629616,0.81873125,1.0748769,9,360
da02,1706843308578708,7.0739918,0.81354392,1.079897,10,361
da02,1706843308678528,7.0703483,0.81551462,1.0758026,9,362
da02,1706843308778594,7.0661478,0.81281954,1.0781342,8,363
da02,1706843308878556,7.0750384,0.82366478,1.0797414,10,364
da02,1706843308978627,7.0752959,0.82582808,1.0704455,10,365
da02,1706843309078618,7.0766211,0.82511628,1.0814185,9,366
da02,1706843309178585,7.0726466,0.82724643,1.0714979,10,367
da02,1706843309278562,7.0773187,0.82810396,1.0758348,10,368
da02,1706843309378544,7.086287,0.82360697,1.0749054,11,369
da02,1706843309478528,7.0844197,0.83058292,1.0745209,10,370
da02,1706843309578533,7.0766168,0.82974714,1.0751612,9,371
da02,1706843309678496,7.0681639,0.82497829,1.0737545,8,372
da02,1706843309778525,7.0572405,0.822435,1.0780578,7,373
da02,1706843309878514,7.0523658,0.82627082,1.070786,9,374
da02,1706843309978540,7.0588703,0.83926326,1.0736983,10,375
da02,1706843310078533,7.0468249,0.83419305,1.086951,8,376
da02,1706843310178542,7.0449171,0.83690864,1.083027,8,377
da02,1706843310278510,7.05159,0.82891375,1.0937872,8,378
da02,1706843310378576,7.041029,0.8213439,1.0763996,8,379
da02,1706843310478535,7.0391726,0.818704,1.0677069,9,380
da02,1706843310578648,7.0445123,0.82575512,1.066089,9,381
da02,1706843310678595,7.0489731,0.82500297,1.0754932,8,382
da02,1706843310778602,7.0557632,0.82564723,1.0744618,10,383
da02,1706843310878536,7.060801,0.82948619,1.0747784,10,384
da02,1706843310978603,7.0535507,0.8296442,1.0706495,8,385
da02,1706843311078547,7.0527496,0.8253786,1.0611807,9,386
da02,1706843311178594,7.0643311,0.82599247,1.0661389,10,387
da02,1706843311278547,7.0668945,0.82676578,1.0663974,10,388
da02,1706843311378618,7.0710697,0.82959163,1.0705496,10,389
da02,1706843311478556,7.0696173,0.83050561,1.0782288,9,390
da02,1706843311578624,7.066093,0.81468207,1.0858284,8,391
da02,1706843311678538,7.0700188,0.82543719,1.0779687,10,392
da02,1706843311778596,7.0650058,0.82887948,1.0763794,9,393
da02,1706843311878586,7.0619125,0.83743787,1.0757052,9,394
da02,1706843311978652,7.066606,0.83383304,1.0815628,9,395
da02,1706843312078672,7.0765882,0.83609557,1.0809318,11,396
da02,1706843312178683,7.0847831,0.83925885,1.0870987,10,397
da02,1706843312278615,7.0749087,0.8402946,1.0915056,8,398
da02,1706843312378638,7.0717158,0.83926105,1.095654,8,399
da02,1706843312478628,7.0666285,0.841139,1.0876262,9,400
da02,1706843312578635,7.0705652,0.83632833,1.07642,10,401
da02,1706843312678521,7.0623775,0.83557075,1.0691969,9,402
da02,1706843312778604,7.0592694,0.83529657,1.0808557,8,403
da02,1706843312878542,7.0771804,0.83911806,1.0846798,11,404
da02,1706843312978628,7.0779476,0.84292835,1.087074,9,405
da02,1706843313078572,7.0763216,0.83903533,1.0910195,9,406
da02,1706843313178629,7.07898,0.83357054,1.0896698,10,407
da02,1706843313278575,7.0680714,0.82517123,1.0893716,8,408
da02,1706843313378721,7.2172503,0.69067818,1.565563,71,409
da02,1706843313478664,7.1849051,0.7331512,1.4427072,10,410
da02,1706843313578853,7.1576056,0.7635358,1.3444875,10,411
da02,1706843313678730,7.1269679,0.777133,1.2819043,8,412
da02,1706843313778624,7.1012163,0.79440862,1.2329109,8,413
da02,1706843313880055,7.0817757,0.81413478,1.1907932,8,414
da02,1706843313978690,7.0722346,0.82308179,1.1533904,9,415
da02,1706843314078604,7.0738435,0.83249831,1.1265473,10,416
da02,1706843314178644,7.061439,0.83149028,1.1111243,8,417
da02,1706843314278562,7.0586619,0.82781893,1.0994461,9,418
da02,1706843314378634,7.0511746,0.82904196,1.1022856,8,419
da02,1706843314478580,7.0374985,0.83550841,1.097001,8,420
da02,1706843314578694,7.0417027,0.839838,1.0876698,9,421
da02,1706843314678584,7.0622587,0.83093625,1.0877354,11,422
da02,1706843314778714,7.0531135,0.83001518,1.0754762,8,423
da02,1706843314878591,7.0630689,0.82982677,1.0760807,10,424
da02,1706843314978719,7.0554543,0.81747371,1.0791475,7,425
da02,1706843315078695,7.0567183,0.82477069,1.0822686,9,426
da02,1706843315178717,7.0570149,0.82314312,1.0837575,8,427
da02,1706843315278635,7.0580392,0.82012081,1.0752587,9,428
da02,1706843315378638,7.0579777,0.82194608,1.0716341,9,429
da02,1706843315478608,7.0529671,0.823571,1.0766381,8,430
da02,1706843315578632,7.0668311,0.8235743,1.0730611,11,431
da02,1706843315678559,7.0706224,0.82641774,1.0817271,9,432
da02,1706843315778690,7.0808239,0.82494128,1.0827585,10,433
da02,1706843315878606,7.0731182,0.82733983,1.0872129,8,434
da02,1706843315978634,7.0578475,0.82831293,1.0839515,8,435
da02,1706843316078648,7.0635529,0.82933146,1.0733277,10,436
da02,1706843316178662,7.055234,0.82982111,1.079927,7,437
da02,1706843316278620,7.054637,0.83476496,1.0810486,9,438
da02,1706843316378690,7.0572758,0.83669996,1.0754441,10,439
da02,1706843316478782,7.0569978,0.83587927,1.0710863,9,440
da02,1706843316578716,7.058393,0.83044982,1.0633781,10,441
da02,1706843316678616,7.0492482,0.8426609,1.0629823,8,442
da02,1706843316778607,7.0522146,0.83473122,1.0634563,9,443
da02,1706843316878578,7.0657072,0.84357,1.0582289,12,444
da02,1706843316978612,7.0645957,0.83200884,1.0664121,8,445
da02,1706843317078600,7.0705085,0.83360022,1.0627148,10,446
da02,1706843317178630,7.0667777,0.83902889,1.0824585,8,447
da02,1706843317279170,7.068161,0.84812087,1.0774996,10,448
da02,1706843317378657,7.0615544,0.83122766,1.0796105,8,449
da02,1706843317478604,7.0613351,0.83291143,1.0742862,9,450
da02,1706843317578623,7.0622988,0.83527666,1.0741645,9,451
da02,1706843317678635,7.0646753,0.82769626,1.0795428,9,452
da02,1706843317778590,7.0778451,0.83236629,1.0689797,12,453
da02,1706843317878651,7.0753675,0.83976448,1.0665408,10,454
da02,1706843317978592,7.06374,0.83576465,1.0768737,7,455
da02,1706843318078727,7.0583043,0.84176624,1.0828692,8,456
da02,1706843318178696,7.0665326,0.83785319,1.0915936,9,457
da02,1706843318278683,7.0582533,0.83434778,1.0953573,7,458
da02,1706843318378706,7.0664592,0.83910477,1.0842003,11,459
da02,1706843318478639,7.0717797,0.84673649,1.0786434,10,460
da02,1706843318578692,7.0793648,0.84354675,1.0744972,11,461
da02,1706843318678640,7.0632176,0.84530216,1.0783461,8,462
da02,1706843318778695,7.0603471,0.84004295,1.0766228,9,463
da02,1706843318878912,7.0558853,0.83721578,1.072484,9,464
da02,1706843318978884,7.0527482,0.8458479,1.0779474,8,465
da02,1706843319078703,7.0480723,0.85448045,1.0872535,8,466
da02,1706843319178810,7.0512052,0.85146958,1.0803826,9,467
da02,1706843319278715,7.0637946,0.8537423,1.0856048,10,468
da02,1706843319379057,7.0580325,0.85116339,1.0868703,8,469
da02,1706843319478796,7.0601172,0.85424262,1.078913,10,470
da02,1706843319578806,7.0683193,0.84917355,1.0714592,11,471
da02,1706843319678649,7.0652294,0.84739155,1.0802325,8,472
da02,1706843319778757,7.0744882,0.84179866,1.0749711,11,473
da02,1706843319878656,7.0711627,0.83296144,1.0720973,9,474
da02,1706843319978725,7.0556207,0.83216751,1.0701648,7,475
da02,1706843320078674,7.0503116,0.83769053,1.0638748,9,476
da02,1706843320178751,7.0532918,0.83737981,1.0635313,9,477
da02,1706843320278656,7.0570464,0.83673632,1.0716276,9,478
da02,1706843320378733,7.068594,0.84009314,1.0793368,10,479
da02,1706843320478696,7.0723171,0.84184843,1.0771971,10,480
da02,1706843320578688,7.0786715,0.833091,1.0828813,10,481
da02,1706843320678671,7.0631514,0.83264285,1.0803932,7,482
da02,1706843320778711,7.0556741,0.83278984,1.0724734,9,483
da02,1706843320878642,7.059216,0.83292121,1.0793842,9,484
da02,1706843320978736,7.0545735,0.8366403,1.0863936,8,485
da02,1706843321078694,7.047935,0.84582525,1.0806023,8,486
da02,1706843321178720,7.0534973,0.83823836,1.08024,9,487
da02,1706843321278702,7.053443,0.83321226,1.0863298,8,488
da02,1706843321378720,7.0518589,0.83091718,1.090506,8,489
da02,1706843321478703,7.0553851,0.82142508,1.0862014,9,490
da02,1706843321578705,7.0521278,0.82549179,1.0803909,9,491
da02,1706843321678641,7.0665989,0.82466519,1.0731567,11,492
da02,1706843321778776,7.0671878,0.81827444,1.0684264,9,493
da02,1706843321878729,7.0684686,0.832555,1.0669755,10,494
da02,1706843321978798,7.0773883,0.8258639,1.057151,11,495
da02,1706843322078741,7.073545,0.83186334,1.059587,9,496
da02,1706843322178742,7.0654359,0.82918662,1.0617366,8,497
da02,1706843322278725,7.0565581,0.83532095,1.069272,8,498
da02,1706843322378730,7.0573277,0.82848042,1.0667751,9,499
da02,1706843322478654,7.0700021,0.83399814,1.064061,11,500
da02,1706843322578768,7.0720892,0.81626743,1.0772061,8,501
da02,1706843322678669,7.0712533,0.81418383,1.0797224,9,502
da02,1706843322778714,7.073235,0.81792647,1.0763062,10,503
da02,1706843322878653,7.0701623,0.81840104,1.0779471,9,504
da02,1706843322978714,7.0807004,0.83088118,1.0774558,11,505
da02,1706843323078702,7.083066,0.82560307,1.0774611,10,506
da02,1706843323178725,7.0752916,0.82074529,1.0821234,8,507
da02,1706843323278702,7.0759482,0.81757629,1.0828445,9,508
da02,1706843323378770,7.0827703,0.82572311,1.0877494,10,509
da02,1706843323478811,7.0918775,0.8248477,1.0819243,11,510
da02,1706843323578771,7.0726204,0.83016151,1.0835437,8,511
da02,1706843323680254,7.0707445,0.83433127,1.0814759,9,512
da02,1706843323778822,7.0702052,0.831171,1.0726386,10,513
da02,1706843323878806,7.0696373,0.838868,1.069285,10,514
da02,1706843323978868,7.0576096,0.8313399,1.0757046,7,515
da02,1706843324078991,7.0516057,0.82726169,1.075112,8,516
da02,1706843324178852,7.0538206,0.83096004,1.0864955,8,517
da02,1706843324278725,7.0663557,0.82457906,1.0868548,10,518
da02,1706843324378783,7.0665264,0.82420307,1.0794038,10,519
da02,1706843324478878,7.0693569,0.82248688,1.0701756,10,520
da02,1706843324578861,7.0556722,0.83069921,1.0678498,8,521
da02,1706843324678725,7.0589695,0.82390171,1.0685691,9,522
da02,1706843324778781,7.0573049,0.81502944,1.0627193,9,523
da02,1706843324878735,7.0523233,0.82630587,1.061119,9,524
da02,1706843324978860,7.0620456,0.83080268,1.0615698,10,525
da02,1706843325078706,7.0605221,0.83477819,1.0655712,9,526
da02,1706843325178788,7.0611472,0.84605896,1.0619804,10,527
da02,1706843325278722,7.0694013,0.84709722,1.0650507,10,528
da02,1706843325378810,7.0657754,0.83951634,1.0683893,9,529
da02,1706843325478714,7.0799174,0.83564872,1.0585725,12,530
da02,1706843325579010,7.0740156,0.83285004,1.0577153,9,531
da02,1706843325678693,7.0600657,0.830964,1.0622022,7,532
da02,1706843325778798,7.0620522,0.8375594,1.0648808,9,533
da02,1706843325878703,7.0548968,0.83419871,1.0639127,8,534
da02,1706843325978941,7.0571551,0.83214355,1.0638857,9,535
da02,1706843326078719,7.055336,0.8350625,1.0623876,9,536
da02,1706843326179198,7.0478106,0.84089935,1.0628134,8,537
da02,1706843326278730,7.0518951,0.83380431,1.0619962,9,538
da02,1706843326378776,7.0533695,0.83220869,1.0616872,9,539
da02,1706843326478721,7.06794,0.82705969,1.0632424,11,540
da02,1706843326578756,7.0704536,0.82235277,1.0611256,10,541
da02,1706843326678756,7.0725074,0.83195156,1.0573487,10,542
da02,1706843326778797,7.0781794,0.81854326,1.0634631,10,543
da02,1706843326878743,7.0677333,0.82142067,1.06566,8,544
da02,1706843326978873,7.0751233,0.82789588,1.0661215,11,545
da02,1706843327078824,7.0809851,0.83569473,1.0724283,10,546
da02,1706843327178814,7.0800314,0.84110993,1.0757868,10,547
da02,1706843327278752,7.080296,0.83213687,1.0726323,10,548
da02,1706843327378781,7.076128,0.83504361,1.0756745,9,549
da02,1706843327478759,7.0673547,0.83266646,1.0779588,8,550
da02,1706843327578777,7.070375,0.82728183,1.0773405,9,551
da02,1706843327678712,7.0696383,0.81944889,1.0777229,9,552
da02,1706843327778754,7.0767212,0.81636411,1.0681826,11,553
da02,1706843327878734,7.0795059,0.82648057,1.0541795,11,554
da02,1706843327978739,7.0911193,0.840329,1.0599971,12,555
da02,1706843328078728,7.0938215,0.84212881,1.0578257,11,556
da02,1706843328178753,7.0982881,0.83110946,1.0668422,10,557
da02,1706843328279316,7.0950651,0.82914144,1.06706,10,558
da02,1706843328378823,7.0961723,0.82322955,1.0649992,11,559
da02,1706843328478765,7.0981297,0.82111806,1.0563605,11,560
da02,1706843328578893,7.0857306,0.8238157,1.0546113,9,561
da02,1706843328678772,7.0882611,0.8278057,1.0598375,10,562
da02,1706843328778794,7.0823221,0.81838804,1.0542682,10,563
da02,1706843328878772,7.0962467,0.8161065,1.0472399,13,564
da02,1706843328978840,7.095437,0.81827587,1.054543,10,565
da02,1706843329078771,7.0861759,0.83465117,1.0658147,9,566
da02,1706843329178802,7.0768018,0.83172309,1.0609882,9,567
da02,1706843329278796,7.064528,0.82451808,1.0660675,7,568
da02,1706843329378786,7.0736494,0.82059908,1.0543724,11,569
da02,1706843329478781,7.0764413,0.83019817,1.0606385,10,570
da02,1706843329578755,7.0690637,0.83208847,1.0609249,9,571
da02,1706843329678733,7.0594058,0.82967234,1.0660903,8,572
da02,1706843329778763,7.0749788,0.836,1.0707039,11,573
da02,1706843329878738,7.0706234,0.83489549,1.0837905,8,574
da02,1706843329978913,7.0708532,0.83304948,1.0809659,9,575
da02,1706843330078941,7.0536952,0.84158462,1.0752282,8,576
da02,1706843330178806,7.0592542,0.84147018,1.0715637,10,577
da02,1706843330278831,7.0594044,0.82971871,1.0674552,9,578
da02,1706843330378924,7.0433173,0.83416212,1.0690901,8,579
da02,1706843330478989,7.0438309,0.835441,1.0662181,9,580
da02,1706843330578860,7.0690174,0.84261936,1.074074,12,581
da02,1706843330678936,7.0841851,0.8428005,1.0702395,12,582
da02,1706843330778794,7.0813084,0.84416783,1.0774843,9,583
da02,1706843330878768,7.0707717,0.84442729,1.0721281,9,584
da02,1706843330978842,7.0603194,0.83712351,1.0651512,8,585
da02,1706843331078773,7.0682058,0.82882869,1.0613889,10,586
da02,1706843331178826,7.0653734,0.81869942,1.0645946,9,587
da02,1706843331278800,7.0569253,0.82491207,1.0641011,8,588
da02,1706843331378833,7.0593991,0.827813,1.0634165,10,589
da02,1706843331478760,7.0524673,0.82954931,1.0586971,9,590
da02,1706843331578978,7.0569329,0.82378751,1.0631042,9,591
da02,1706843331678833,7.0457087,0.82564873,1.0658699,8,592
da02,1706843331778802,7.049118,0.825714,1.0656396,9,593
da02,1706843331878887,7.0632067,0.8236928,1.0620023,11,594
da02,1706843331978862,7.0707951,0.81612861,1.0593897,10,595
da02,1706843332078883,7.07326,0.82012796,1.0624665,10,596
da02,1706843332178949,7.0700145,0.8069281,1.06238,9,597
da02,1706843332278821,7.08429,0.80779773,1.0602756,12,598
da02,1706843332378912,7.0844398,0.81948239,1.0646917,10,599
da02,1706843332478916,7.0815649,0.82335192,1.0684153,9,600
da02,1706843332578870,7.0675693,0.82757926,1.0734699,8,601
da02,1706843332678761,7.0550861,0.83595085,1.0769724,8,602
da02,1706843332778956,7.0592103,0.83282351,1.0641655,10,603
da02,1706843332878759,7.0585227,0.82845849,1.0649842,9,604
da02,1706843332978818,7.0663066,0.83279514,1.0634202,10,605
da02,1706843333078918,7.0615015,0.83176589,1.0660812,8,606
da02,1706843333178822,7.0690403,0.82821083,1.0593666,11,607
da02,1706843333278772,7.0799308,0.83378065,1.0620235,11,608
da02,1706843333378907,7.0966897,0.83099705,1.0611223,12,609
da02,1706843333478812,7.097199,0.83696705,1.0607208,11,610
da02,1706843333578798,7.0861473,0.83789104,1.0659041,9,611
da02,1706843333678858,7.0816989,0.83714134,1.0696082,9,612
da02,1706843333778838,7.0838275,0.830318,1.0677991,10,613
da02,1706843333878858,7.0865421,0.82518452,1.0737273,10,614
da02,1706843333978839,7.0878205,0.82327485,1.0651011,11,615
da02,1706843334079124,7.0783477,0.827207,1.0743388,8,616
da02,1706843334178814,7.0688872,0.8346777,1.0719219,9,617
da02,1706843334278822,7.0710368,0.83591193,1.0701318,10,618
da02,1706843334378798,7.0692921,0.83116126,1.0716228,9,619
da02,1706843334478793,7.0654287,0.82005781,1.0736103,8,620
da02,1706843334578894,7.0550623,0.82660222,1.0766903,8,621
da02,1706843334678820,7.05331,0.835713,1.0762308,9,622
da02,1706843334778842,7.0480309,0.82865036,1.077548,8,623
da02,1706843334878810,7.0457053,0.83948517,1.0744129,9,624
da02,1706843334978839,7.0548878,0.83276993,1.0771362,9,625
da02,1706843335078820,7.0613909,0.82810694,1.0781279,9,626
da02,1706843335178803,7.0528407,0.82967937,1.0776244,8,627
da02,1706843335278818,7.0583825,0.82164186,1.0801011,9,628
da02,1706843335378792,7.0490994,0.82186538,1.073485,8,629
da02,1706843335478911,7.059875,0.83605015,1.0710939,11,630
da02,1706843335578852,7.0792561,0.83828622,1.066452,12,631
da02,1706843335678831,7.0850511,0.8327564,1.0601608,11,632
da02,1706843335778838,7.0662308,0.8428458,1.0621531,8,633
da02,1706843335878860,7.0567255,0.82499486,1.0607626,8,634
da02,1706843335979066,7.0651584,0.81786036,1.05636,10,635
da02,1706843336078901,7.0664587,0.81504178,1.0575712,9,636
da02,1706843336178898,7.0603604,0.82517415,1.0603912,9,637
da02,1706843336278832,7.0612693,0.8242861,1.0571069,10,638
da02,1706843336378872,7.0656734,0.83005029,1.0532311,10,639
da02,1706843336478843,7.0811849,0.83929509,1.0591929,12,640
da02,1706843336578831,7.1016068,0.83037257,1.0504464,13,641
da02,1706843336678850,7.0918846,0.822862,1.0619762,8,642
da02,1706843336778794,7.0778661,0.83149582,1.0553527,9,643
da02,1706843336878824,7.0823722,0.83367085,1.0490626,11,644
da02,1706843336978880,7.0876503,0.83675653,1.0506738,11,645
da02,1706843337078824,7.0909605,0.83081055,1.0544606,10,646
da02,1706843337178873,7.0861425,0.827745,1.0582526,9,647
da02,1706843337278888,7.0727644,0.81592482,1.0619884,8,648
da02,1706843337378809,7.0653815,0.83107114,1.0628279,9,649
da02,1706843337478820,7.064538,0.83573633,1.0676439,9,650
da02,1706843337578935,7.0558825,0.84020662,1.0775247,8,651
da02,1706843337678881,7.0650368,0.84417045,1.0798267,10,652
da02,1706843337778826,7.0641294,0.83021092,1.0819168,8,653
da02,1706843337878860,7.0556407,0.83060962,1.0711701,9,654
da02,1706843337978824,7.0512953,0.82345891,1.0590268,9,655
da02,1706843338078827,7.0491643,0.81909519,1.0726969,7,656
da02,1706843338178815,7.0491953,0.81102884,1.067152,9,657
da02,1706843338278846,7.047576,0.81209046,1.0643131,9,658
da02,1706843338378838,7.040009,0.82669926,1.0594209,8,659
da02,1706843338478832,7.0432911,0.827983,1.0604042,9,660
da02,1706843338578827,7.0614696,0.82500207,1.0699269,10,661
da02,1706843338678822,7.03423,0.83528328,1.0782204,9,662
da02,1706843338778840,7.0275307,0.83428919,1.0737138,7,663
da02,1706843338878889,7.0441556,0.84062123,1.0632427,11,664
da02,1706843338978826,7.0606928,0.83152163,1.0588959,11,665
da02,1706843339080794,7.0652909,0.83088624,1.0682679,9,666
da02,1706843339179056,7.0688386,0.8259967,1.0625215,10,667
da02,1706843339279541,7.0811152,0.82094085,1.0605447,11,668
da02,1706843339378883,7.071888,0.82024109,1.0645487,8,669
da02,1706843339478994,7.0602751,0.82747948,1.0713122,8,670
da02,1706843339579005,7.0600429,0.8270871,1.0697213,9,671
da02,1706843339678846,7.0554361,0.81771761,1.0706745,8,672
da02,1706843339779030,7.0584426,0.81234604,1.0614074,10,673
da02,1706843339878969,7.0641828,0.82917857,1.0691468,10,674
da02,1706843339978950,7.0732675,0.82845485,1.0769542,10,675
da02,1706843340078959,7.0765862,0.83355069,1.0703019,11,676
da02,1706843340178995,7.0610218,0.84345806,1.0694492,8,677
da02,1706843340278844,7.0738449,0.84967393,1.0710824,11,678
da02,1706843340378964,7.0674648,0.84511286,1.0884953,8,679
da02,1706843340479027,7.0680976,0.841089,1.083446,9,680
da02,1706843340578995,7.0591187,0.83164477,1.0712543,9,681
da02,1706843340678847,7.0736732,0.83528948,1.0665334,12,682
da02,1706843340778871,7.082418,0.82785642,1.0678419,11,683
da02,1706843340878871,7.081995,0.82780445,1.0684446,10,684
da02,1706843340978886,7.0686088,0.833517,1.0767015,8,685
da02,1706843341078928,7.07545,0.83402622,1.0684839,11,686
da02,1706843341179137,7.0698175,0.83680248,1.0720953,9,687
da02,1706843341279020,7.07224,0.8292616,1.0725908,9,688
da02,1706843341379013,7.0674829,0.8287847,1.0699219,9,689
da02,1706843341479355,7.0494485,0.82898563,1.0694765,8,690
da02,1706843341579111,7.0507593,0.82931978,1.0689926,9,691
da02,1706843341679550,7.0417094,0.83797663,1.0753497,8,692
da02,1706843341779077,7.0559921,0.83993649,1.0744383,11,693
da02,1706843341879075,7.0507503,0.83451426,1.0679826,9,694
da02,1706843341979173,7.0581756,0.83734035,1.0624343,10,695
da02,1706843342079121,7.0617828,0.84118754,1.072005,9,696
da02,1706843342179110,7.0685682,0.82807618,1.0743585,10,697
da02,1706843342279105,7.072721,0.83022434,1.0737795,10,698
da02,1706843342379207,7.0686736,0.82538688,1.0718416,9,699
da02,1706843342479132,7.0599947,0.81717783,1.0704676,8,700
da02,1706843342579153,7.0621133,0.8148523,1.0860696,8,701
da02,1706843342679130,7.0660052,0.81775647,1.0721114,10,702
da02,1706843342779194,7.0823307,0.82265908,1.0694559,12,703
da02,1706843342879158,7.0930271,0.82788616,1.0594954,12,704
da02,1706843342979129,7.0846462,0.84813076,1.0729573,9,705
da02,1706843343079299,7.08599,0.8419528,1.0675966,10,706
da02,1706843343179141,7.0931921,0.832498,1.0694289,11,707
da02,1706843343279112,7.0781479,0.83708197,1.0733179,8,708
da02,1706843343379140,7.061554,0.84006059,1.0788193,8,709
da02,1706843343479048,7.0583353,0.8357802,1.0707417,9,710
da02,1706843343579149,7.0582175,0.83256984,1.0678887,9,711
da02,1706843343679060,7.0777564,0.82706445,1.0639049,12,712
da02,1706843343779100,7.078042,0.83209389,1.0621115,10,713
da02,1706843343879069,7.0711303,0.82712531,1.0661216,8,714
da02,1706843343979085,7.0767417,0.815291,1.0727623,9,715
da02,1706843344079041,7.0838408,0.820329,1.0725493,11,716
da02,1706843344179125,7.082603,0.82700819,1.0723839,10,717
da02,1706843344279105,7.0828972,0.82763046,1.062975,11,718
da02,1706843344379128,7.0812664,0.82085067,1.0743062,9,719
da02,1706843344479100,7.0639105,0.82677078,1.0791876,8,720
da02,1706843344579102,7.0668797,0.83259475,1.0752668,10,721
da02,1706843344679063,7.0660658,0.83538705,1.0776504,9,722
da02,1706843344779249,7.0699,0.84645933,1.081329,10,723
da02,1706843344879071,7.0547462,0.837803,1.0756634,7,724
da02,1706843344979106,7.0531931,0.8363294,1.0690885,9,725
da02,1706843345079125,7.0644178,0.82674879,1.0647786,11,726
da02,1706843345179112,7.0625324,0.81713945,1.0671369,9,727
da02,1706843345279092,7.0544858,0.81960905,1.067309,8,728
da02,1706843345379096,7.0583644,0.82199216,1.0637726,10,729
da02,1706843345479091,7.0743189,0.82128525,1.0698221,11,730
da02,1706843345579109,7.0770769,0.8206163,1.0765102,9,731
da02,1706843345679072,7.0572634,0.83108121,1.075642,8,732
da02,1706843345779203,7.0670323,0.82659161,1.0659199,11,733
da02,1706843345879104,7.0666013,0.82827485,1.0709546,9,734
da02,1706843345979130,7.0760565,0.84007174,1.0783597,10,735
da02,1706843346079088,7.0576315,0.84676307,1.0809158,8,736
da02,1706843346179144,7.05983,0.84859031,1.0889176,9,737
da02,1706843346289310,7.0651517,0.8607989,1.0913441,10,738
da02,1706843346379157,7.0668125,0.84797281,1.0889915,9,739
da02,1706843346479090,7.0753164,0.83920467,1.086975,10,740
da02,1706843346579223,7.0774403,0.83556503,1.0848937,10,741
da02,1706843346679613,7.0691857,0.82784218,1.08175,8,742
da02,1706843346779176,7.0751266,0.82368636,1.09072,9,743
da02,1706843346879146,7.0670891,0.81702876,1.0919571,8,744
da02,1706843346979193,7.0740538,0.80959886,1.0938787,9,745
da02,1706843347079148,7.0791979,0.81310546,1.0792503,11,746
da02,1706843347179160,7.0718164,0.82406616,1.0826313,8,747
da02,1706843347279657,7.0612249,0.83717591,1.0753944,9,748
da02,1706843347379151,7.0789375,0.82260114,1.0748966,11,749
da02,1706843347479078,7.0679135,0.8248421,1.0731893,8,750
da02,1706843347579214,7.0626669,0.828013,1.0779393,8,751
da02,1706843347679157,7.0565004,0.82705569,1.0734087,8,752
da02,1706843347779179,7.059598,0.82002962,1.0761721,9,753
da02,1706843347879180,7.0721111,0.82616508,1.071792,11,754
da02,1706843347979186,7.0784321,0.8280555,1.0771983,10,755
da02,1706843348079242,7.0789561,0.83134049,1.0727637,10,756
da02,1706843348179249,7.0638471,0.82532114,1.0758647,7,757
da02,1706843348279156,7.0625339,0.81347638,1.068279,9,758
da02,1706843348379173,7.0635304,0.82367295,1.0718184,9,759
da02,1706843348478914,7.0556588,0.82188869,1.0711509,8,760
da02,1706843348578917,7.06529,0.82782745,1.0753514,10,761
da02,1706843348678932,7.0610175,0.83436853,1.0782841,8,762
da02,1706843348778882,7.0646415,0.84157658,1.0833149,9,763
da02,1706843348878896,7.0705671,0.83734322,1.0856614,10,764
da02,1706843348978902,7.0780716,0.83691329,1.0749378,11,765
da02,1706843349078968,7.0797267,0.84473854,1.069226,11,766
da02,1706843349178981,7.0799623,0.84165066,1.0622836,10,767
da02,1706843349278906,7.0781569,0.84236777,1.0522068,11,768
da02,1706843349378905,7.0711622,0.83819318,1.0597659,8,769
da02,1706843349478912,7.0647035,0.838505,1.0554363,9,770
da02,1706843349579188,7.0620427,0.8454777,1.053818,10,771
da02,1706843349678934,7.0597987,0.84318626,1.0565642,9,772
da02,1706843349778937,7.0678229,0.85644138,1.0637563,10,773
da02,1706843349878916,7.0596967,0.84118527,1.0771919,7,774
da02,1706843349978900,7.0644321,0.84596711,1.0807853,9,775
da02,1706843350078928,7.0683661,0.85035586,1.0773036,10,776
da02,1706843350178930,7.0622845,0.84452093,1.0816388,8,777
da02,1706843350279484,7.0717754,0.84556121,1.084368,10,778
da02,1706843350378970,7.0576086,0.84125423,1.0801021,7,779
da02,1706843350478928,7.0611911,0.69022173,1.047874,70,780
da02,1706843350578924,7.061789,0.72858411,1.0609113,9,781
da02,1706843350678953,7.049942,0.76361895,1.0620266,8,782
da02,1706843350778964,7.0531397,0.77395022,1.0634373,9,783
da02,1706843350878914,7.0578313,0.7817328,1.0639281,9,784
da02,1706843350979026,7.0664058,0.80706263,1.064309,11,785
da02,1706843351079090,7.0661917,0.809133,1.072098,9,786
da02,1706843351178986,7.0541525,0.8154493,1.0699095,8,787
da02,1706843351279001,7.0568762,0.82444817,1.0678242,10,788
da02,1706843351378999,7.0563369,0.82475036,1.0749868,8,789
da02,1706843351478974,7.0627728,0.8284837,1.0721531,10,790
da02,1706843351578977,7.065393,0.825649,1.0687895,10,791
da02,1706843351678958,7.0600634,0.82372844,1.0821496,7,792
da02,1706843351778969,7.0533361,0.82507563,1.0658711,9,793
da02,1706843351879028,7.0465221,0.8210122,1.0728364,7,794
da02,1706843351978932,7.1767468,0.83742583,1.0518398,67,795
da02,1706843352078939,7.1437044,0.85015225,1.0574152,9,796
da02,1706843352178984,7.1345568,0.83937764,1.0599512,11,797
da02,1706843352278942,7.1208677,0.85102153,1.0597806,10,798
da02,1706843352378929,7.0993605,0.84610534,1.0694625,8,799
da02,1706843352478943,7.0919361,0.84288764,1.0847487,8,800
da02,1706843352579127,7.082231,0.84015983,1.0756131,9,801
da02,1706843352678977,7.0738859,0.8335768,1.0714124,9,802
da02,1706843352778964,7.0610356,0.83600169,1.0736265,8,803
da02,1706843352878961,7.06824,0.83517462,1.0612732,11,804
da02,1706843352978953,7.075491,0.83936268,1.0594162,11,805
da02,1706843353078991,7.0653534,0.83285975,1.0791874,8,806
da02,1706843353179010,7.056284,0.82722586,1.0852762,7,807
da02,1706843353278992,7.0502419,0.82343113,1.0808903,8,808
da02,1706843353378970,7.0487146,0.82322955,1.0801659,8,809
da02,1706843353478956,7.0641012,0.81731504,1.0787703,11,810
da02,1706843353578972,7.0632811,0.82023752,1.0729346,9,811
da02,1706843353678980,7.0779757,0.82334238,1.0739958,11,812
da02,1706843353778943,7.0712104,0.81270862,1.0688362,9,813
da02,1706843353879068,7.0495467,0.81951576,1.0689887,8,814
da02,1706843353978974,7.0500574,0.82294261,1.0703268,9,815
da02,1706843354079178,7.0425038,0.82201248,1.0761541,7,816
da02,1706843354179022,7.0462103,0.82440203,1.0955302,8,817
da02,1706843354278993,7.0498204,0.82783073,1.0824414,10,818
da02,1706843354378951,7.0672197,0.82306385,1.0768852,11,819
da02,1706843354480560,7.0716424,0.83096522,1.0733562,10,820
da02,1706843354579044,7.0624957,0.82770509,1.0785558,8,821
da02,1706843354679394,7.0694308,0.82209879,1.0779346,10,822
da02,1706843354779004,7.0665541,0.8200044,1.0839477,8,823
da02,1706843354879490,7.0727549,0.8238402,1.0779635,10,824
da02,1706843354979026,7.0765433,0.83074111,1.0838585,10,825
da02,1706843355079282,7.07457,0.8263123,1.0661936,10,826
da02,1706843355179043,7.0799394,0.82750267,1.0602448,11,827
da02,1706843355279004,7.0917635,0.81870431,1.0648113,11,828
da02,1706843355379026,7.0900812,0.82543039,1.0673519,10,829
da02,1706843355479022,7.0862074,0.82634425,1.0673072,10,830
da02,1706843355579150,7.0741777,0.82465327,1.0688707,8,831
da02,1706843355679078,7.0757861,0.82649809,1.0733677,9,832
da02,1706843355779044,7.0912075,0.83000427,1.067794,12,833
da02,1706843355878958,7.0817561,0.82593066,1.0728359,8,834
da02,1706843355979175,7.0688524,0.82952994,1.0764803,8,835
da02,1706843356079005,7.0642767,0.82297951,1.07241,9,836
da02,1706843356179042,7.0571423,0.833766,1.0677176,9,837
da02,1706843356278976,7.0639005,0.82587826,1.0686806,10,838
da02,1706843356379085,7.0729313,0.83606118,1.0723547,10,839
da02,1706843356479012,7.0649743,0.83115804,1.0823606,7,840
da02,1706843356579014,7.0731139,0.83187747,1.0737768,11,841
da02,1706843356679015,7.066186,0.83264822,1.0655841,9,842
da02,1706843356779057,7.0599165,0.82977527,1.0662344,8,843
da02,1706843356879078,7.0681324,0.83306092,1.0626736,11,844
da02,1706843356979078,7.0606942,0.82519996,1.0639849,8,845
da02,1706843357079224,7.0622439,0.82690954,1.0629678,10,846
da02,1706843357178993,7.0652852,0.82966524,1.0685372,9,847
da02,1706843357278974,7.0527506,0.8292774,1.0758479,8,848
da02,1706843357378994,7.0693626,0.82751346,1.0729982,11,849
da02,1706843357478950,7.0647907,0.83679211,1.0721235,9,850
da02,1706843357579000,7.0589404,0.85049206,1.0667294,9,851
da02,1706843357678950,7.0638003,0.85751396,1.063054,10,852
da02,1706843357778969,7.0739832,0.8620646,1.0648305,11,853
da02,1706843357878971,7.0798287,0.85726184,1.0651324,11,854
da02,1706843357979067,7.0835805,0.84428364,1.0675945,10,855
da02,1706843358079039,7.0770712,0.84337074,1.0745724,8,856
da02,1706843358179067,7.075285,0.84093344,1.0695794,10,857
da02,1706843358278996,7.07693,0.84397221,1.0692004,10,858
da02,1706843358379058,7.0779152,0.83765048,1.0687485,10,859
da02,1706843358479029,7.0797491,0.8362866,1.069209,10,860
da02,1706843358579839,7.0796347,0.83223933,1.0714887,9,861
da02,1706843358678996,7.0696254,0.82875818,1.0654745,9,862
da02,1706843358779023,7.0659976,0.82244635,1.0600904,9,863
da02,1706843358879052,7.0696325,0.82596081,1.0671479,9,864
da02,1706843358979040,7.0582142,0.82890946,1.059709,9,865
da02,1706843359079010,7.0546565,0.82960689,1.0612047,9,866
da02,1706843359179085,7.054091,0.81474996,1.0747474,7,867
da02,1706843359279054,7.04729,0.8230933,1.0685844,8,868
da02,1706843359379110,7.0518546,0.821156,1.0753046,9,869
da02,1706843359479054,7.050529,0.80764842,1.0728788,8,870
da02,1706843359579279,7.0512176,0.81145406,1.0697801,9,871
da02,1706843359679087,7.0647521,0.81409347,1.0692329,11,872
da02,1706843359779158,7.0549631,0.8195833,1.066108,8,873
da02,1706843359879072,7.053823,0.81776637,1.0653306,9,874
da02,1706843359979172,7.0384331,0.82253355,1.0719426,8,875
da02,1706843360079296,7.034441,0.82667631,1.0660533,8,876
da02,1706843360179124,7.0479565,0.82055408,1.0785118,9,877
da02,1706843360279121,7.0672693,0.8239975,1.0730964,12,878
da02,1706843360379113,7.0702744,0.82302248,1.0744042,9,879
da02,1706843360479057,7.0595055,0.82583851,1.0786401,7,880
da02,1706843360579149,7.0489278,0.81819892,1.0781752,7,881
da02,1706843360679058,7.0512261,0.81484962,1.0796224,8,882
da02,1706843360779088,7.0571127,0.81502372,1.0792224,9,883
da02,1706843360879056,7.0466213,0.81829625,1.0838618,8,884
da02,1706843360979140,7.05054,0.82168543,1.0819502,9,885
da02,1706843361079046,7.0496044,0.82790649,1.0814416,8,886
da02,1706843361179178,7.0475893,0.81945747,1.0798093,8,887
da02,1706843361279651,7.0467353,0.81918865,1.0714216,9,888
da02,1706843361379159,7.0573325,0.83020455,1.0849569,9,889
da02,1706843361479203,7.0639977,0.8265968,1.0788863,10,890
da02,1706843361579371,7.0537467,0.82292593,1.0767034,8,891
da02,1706843361679116,7.053278,0.82104707,1.0708932,9,892
da02,1706843361779090,7.0597162,0.82538313,1.0628462,10,893
da02,1706843361879078,7.0621915,0.83195662,1.0584565,10,894
da02,1706843361979115,7.0643573,0.84086317,1.0691102,9,895
da02,1706843362079036,7.0698633,0.84513444,1.0613742,11,896
da02,1706843362179130,7.08468,0.84684128,1.0766097,11,897
da02,1706843362279100,7.0796566,0.83151132,1.0702741,9,898
da02,1706843362379188,7.08567,0.83181703,1.0617269,11,899
da02,1706843362479132,7.0751147,0.839648,1.0614973,9,900
da02,1706843362579408,7.0783958,0.8393684,1.0552542,11,901
da02,1706843362679148,7.0824513,0.83422816,1.0612466,10,902
da02,1706843362779069,7.0823517,0.83556336,1.0656369,10,903
da02,1706843362879156,7.0870757,0.82202435,1.0708015,10,904
da02,1706843362979072,7.1031108,0.8266502,1.0726715,12,905
da02,1706843363079181,7.0836163,0.83677948,1.0750932,8,906
da02,1706843363179142,7.0818076,0.82997531,1.0765213,9,907
da02,1706843363279222,7.0678315,0.82691497,1.0853524,8,908
da02,1706843363379122,7.0636768,0.83404833,1.0882555,8,909
da02,1706843363479132,7.0579967,0.830761,1.0984675,7,910
da02,1706843363579210,7.0591388,0.82426935,1.1021433,8,911
da02,1706843363679096,7.0578136,0.81488883,1.0965005,8,912
da02,1706843363779122,7.0730696,0.82231474,1.090296,11,913
da02,1706843363879171,7.0690174,0.83707696,1.0797648,10,914
da02,1706843363979844,7.0700345,0.83430994,1.0789955,9,915
da02,1706843364079326,7.0598745,0.82385337,1.0761336,8,916
da02,1706843364178728,7.1941848,0.70229447,1.4311372,71,917
da02,1706843364278446,7.151309,0.73313451,1.3343718,8,918
da02,1706843364378310,7.1311369,0.74697971,1.2684735,9,919
da02,1706843364478275,7.1055017,0.77069318,1.2221625,8,920
da02,1706843364578285,7.0962148,0.78674293,1.1868019,9,921
da02,1706843364678293,7.08977,0.79060662,1.1512834,10,922
da02,1706843364778248,7.0956516,0.79552984,1.1239624,11,923
da02,1706843364879164,7.0878863,0.81624085,1.1068184,10,924
da02,1706843364978998,7.06896,0.81774783,1.0979346,7,925
da02,1706843365078978,7.0584469,0.82634956,1.0977724,8,926
da02,1706843365179144,7.0574074,0.8319428,1.0803076,10,927
da02,1706843365279052,7.0479245,0.8343823,1.0816509,8,928
da02,1706843365379016,7.05422,0.83234805,1.0728452,10,929
da02,1706843365479094,7.0587325,0.81990486,1.0692673,9,930
da02,1706843365578998,7.0765076,0.82352823,1.0659095,12,931
da02,1706843365678994,7.0721593,0.8274532,1.0705526,9,932
da02,1706843365779139,7.0522647,0.8242262,1.0702374,8,933
da02,1706843365878992,7.0419092,0.82074857,1.0683889,7,934
da02,1706843365979011,7.0498719,0.83507138,1.0759953,9,935
da02,1706843366079106,7.0483851,0.83415937,1.0848348,8,936
da02,1706843366179154,7.0546341,0.82423937,1.0916871,8,937
da02,1706843366279032,7.0599546,0.82843029,1.0876974,10,938
da02,1706843366379003,7.0641685,0.84122467,1.0891449,10,939
da02,1706843366479017,7.0699,0.83183748,1.0909863,9,940
da02,1706843366579086,7.0705395,0.84046054,1.0869378,10,941
da02,1706843366678976,7.0715165,0.83988732,1.0789349,10,942
da02,1706843366779006,7.0603228,0.84418136,1.072463,8,943
da02,1706843366878996,7.0566211,0.84071594,1.068025,9,944
da02,1706843366979085,7.0545645,0.84066129,1.0754832,8,945
da02,1706843367079012,7.0477128,0.83912879,1.0718398,8,946
da02,1706843367179064,7.0683389,0.8255589,1.0790426,11,947
da02,1706843367279158,7.0531545,0.82352704,1.0961651,8,948
da02,1706843367379001,7.06011,0.81891817,1.0954781,9,949
da02,1706843367478999,7.04894,0.81675661,1.0908079,7,950
da02,1706843367579073,7.0548139,0.8291167,1.0906098,9,951
da02,1706843367679040,7.0470414,0.83669025,1.0982221,8,952
da02,1706843367779048,7.0590396,0.82662565,1.0879476,10,953
da02,1706843367879420,7.0637054,0.826515,1.0810677,10,954
da02,1706843367979014,7.0686541,0.831699,1.074708,10,955
da02,1706843368079011,7.066143,0.841459,1.0721592,9,956
da02,1706843368179101,7.051816,0.84181213,1.0827658,8,957
da02,1706843368279058,7.0433803,0.83987647,1.0893475,8,958
da02,1706843368379264,7.0424709,0.83223915,1.0781674,9,959
da02,1706843368479198,7.0473528,0.83668339,1.0715574,10,960
da02,1706843368579210,7.0376687,0.84157526,1.0834477,8,961
da02,1706843368679151,7.0472851,0.83807641,1.0804276,10,962
da02,1706843368779297,7.0648422,0.83558547,1.0795134,11,963
da02,1706843368879256,7.0675383,0.84140372,1.080052,10,964
da02,1706843368979224,7.0838995,0.836641,1.0791557,11,965
da02,1706843369079266,7.0833554,0.84302205,1.0733364,10,966
da02,1706843369179316,7.0757775,0.84138066,1.0674138,9,967
da02,1706843369279176,7.0749044,0.84993178,1.0624205,10,968
da02,1706843369379291,7.0713773,0.84473723,1.0568919,10,969
da02,1706843369479249,7.0634375,0.83805078,1.0659064,8,970
da02,1706843369579182,7.061655,0.71648324,1.0475867,70,971
da02,1706843369679136,7.0617814,0.74759287,1.051679,9,972
da02,1706843369779152,7.0589995,0.7592411,1.060685,8,973
da02,1706843369880786,7.0582218,0.78105789,1.0725253,8,974
da02,1706843369979158,7.0614519,0.79823428,1.078149,9,975
da02,1706843370079176,7.0570488,0.80883843,1.075762,9,976
da02,1706843370179194,7.0642943,0.82660055,1.0758269,10,977
da02,1706843370279113,7.0657125,0.82718,1.0777357,9,978
da02,1706843370379174,7.0752482,0.82632619,1.0666136,11,979
da02,1706843370479132,7.083425,0.83358443,1.0567605,12,980
da02,1706843370579168,7.0915155,0.83255887,1.068279,10,981
da02,1706843370679432,7.085043,0.82829404,1.0674963,9,982
da02,1706843370779253,7.0751252,0.83103991,1.0650227,9,983
da02,1706843370879218,7.064333,0.82849109,1.0740179,7,984
da02,1706843370979329,7.0752282,0.83281171,1.0804871,10,985
da02,1706843371079164,7.0585361,0.84095645,1.0832394,8,986
da02,1706843371179298,7.0472989,0.83814734,1.0820161,8,987
da02,1706843371279201,7.0572171,0.83406997,1.0757117,10,988
da02,1706843371379214,7.0506272,0.82440537,1.0788563,7,989
da02,1706843371479240,7.0512714,0.82282919,1.0891014,8,990
da02,1706843371579272,7.0571184,0.8232733,1.0832604,10,991
da02,1706843371679149,7.068284,0.83039027,1.0832125,10,992
da02,1706843371779309,7.0716219,0.83710396,1.0912127,9,993
da02,1706843371879223,7.0666356,0.83385277,1.0938717,8,994
da02,1706843371979373,7.0578609,0.837359,1.0902323,8,995
da02,1706843372079423,7.0634918,0.84055305,1.0832723,10,996
da02,1706843372179335,7.0562487,0.84067315,1.0688255,9,997
da02,1706843372279774,7.0573206,0.84103316,1.0779647,8,998
da02,1706843372379307,7.0665727,0.83995247,1.0797253,10,999
da02,1706843372479242,7.06941,0.83317584,1.0700666,10,1000
da02,1706843372579241,7.0668731,0.83251268,1.0653604,9,1001
da02,1706843372679305,7.0734539,0.82836241,1.0636437,10,1002
da02,1706843372779296,7.0608568,0.82312703,1.0649194,8,1003
da02,1706843372879173,7.0643635,0.82016003,1.0602866,10,1004
da02,1706843372979290,7.05825,0.81513005,1.0670338,8,1005
da02,1706843373079276,7.0743308,0.80827904,1.0735842,11,1006
da02,1706843373179225,7.0776143,0.80264205,1.0741484,10,1007
da02,1706843373279261,7.0632796,0.80006921,1.0731066,7,1008
da02,1706843373379335,7.0557461,0.80934972,1.0864197,8,1009
da02,1706843373479222,7.0409379,0.82070446,1.0889283,8,1010
da02,1706843373579326,7.0393724,0.82461733,1.0764906,9,1011
da02,1706843373679288,7.047452,0.82316071,1.0672208,10,1012
da02,1706843373779187,7.0482597,0.83913749,1.0658897,9,1013
da02,1706843373880753,7.0529723,0.83400029,1.063325,10,1014
da02,1706843373979287,7.0553379,0.83128589,1.0582609,10,1015
da02,1706843374079280,7.0546918,0.83705151,1.0575696,9,1016
da02,1706843374179395,7.0547924,0.82746637,1.0689527,8,1017
da02,1706843374279236,7.0520358,0.83188039,1.0692319,9,1018
da02,1706843374379284,7.0653815,0.82947123,1.0612847,11,1019
da02,1706843374479300,7.059701,0.82701534,1.0640565,8,1020
da02,1706843374579244,7.053874,0.8277747,1.066105,8,1021
da02,1706843374679188,7.0509949,0.83019567,1.0729235,8,1022
da02,1706843374779339,7.0557632,0.82878107,1.0714082,9,1023
da02,1706843374879171,7.0588202,0.83589053,1.0755882,9,1024
da02,1706843374979233,7.0605755,0.82626617,1.0791434,9,1025
da02,1706843375079278,7.0605464,0.83254379,1.0750349,9,1026
da02,1706843375179300,7.0714183,0.82464463,1.0779085,10,1027
da02,1706843375279174,7.0588737,0.8251763,1.0797998,7,1028
da02,1706843375379316,7.0561442,0.83579916,1.0751348,9,1029
da02,1706843375479191,7.0576768,0.83252668,1.0860853,8,1030
da02,1706843375579224,7.0679679,0.835849,1.0824901,11,1031
da02,1706843375679279,7.0689425,0.82813817,1.0819988,9,1032
da02,1706843375779245,7.0755711,0.83777213,1.078817,11,1033
da02,1706843375879170,7.0757351,0.83069932,1.0868981,9,1034
da02,1706843375979346,7.0754862,0.82808465,1.0774733,10,1035
da02,1706843376079214,7.0703211,0.82637769,1.0780636,9,1036
da02,1706843376179243,7.0663748,0.82957333,1.0799589,9,1037
da02,1706843376279314,7.0604525,0.82593179,1.085304,8,1038
da02,1706843376379240,7.0670238,0.82710075,1.086465,10,1039
da02,1706843376479168,7.0730724,0.82685411,1.0942905,9,1040
da02,1706843376579361,7.0800476,0.82112181,1.0902449,10,1041
da02,1706843376679278,7.0951962,0.8241,1.0821956,12,1042
da02,1706843376779261,7.091249,0.82203013,1.0733173,10,1043
da02,1706843376879293,7.0955157,0.82468766,1.0675145,11,1044
da02,1706843376979306,7.0723963,0.82514262,1.0732543,8,1045
da02,1706843377079280,7.0709729,0.82904887,1.0782386,9,1046
da02,1706843377179391,7.074615,0.82535362,1.0748971,10,1047
da02,1706843377279200,7.074604,0.82512462,1.0801879,9,1048
da02,1706843377379319,7.0612631,0.82553631,1.0815094,7,1049
da02,1706843377479358,7.0582876,0.81473207,1.0734236,9,1050
da02,1706843377579247,7.0584254,0.82535142,1.0738692,9,1051
da02,1706843377679195,7.0640407,0.82374567,1.0647025,10,1052
da02,1706843377779355,7.0670114,0.82812816,1.0598868,10,1053
da02,1706843377879160,7.0631056,0.83159071,1.0718482,8,1054
da02,1706843377979259,7.0693245,0.83543921,1.0788981,10,1055
da02,1706843378079300,7.0711217,0.82789171,1.0714709,10,1056
da02,1706843378179318,7.0694103,0.82177907,1.0715694,9,1057
da02,1706843378279195,7.08294,0.826383,1.0709738,11,1058
da02,1706843378379348,7.0782094,0.82399589,1.0760465,9,1059
da02,1706843378479207,7.0692105,0.82959497,1.0811205,8,1060
da02,1706843378579227,7.0627913,0.83676475,1.0871019,8,1061
da02,1706843378679260,7.0556955,0.8421697,1.0845546,8,1062
da02,1706843378779324,7.0615759,0.83777165,1.0833565,9,1063
da02,1706843378879778,7.05987,0.83482176,1.0752569,9,1064
da02,1706843378979316,7.0665646,0.83602577,1.075868,10,1065
da02,1706843379079403,7.0661674,0.8409968,1.0726638,10,1066
da02,1706843379179310,7.0618563,0.833056,1.0726345,8,1067
da02,1706843379279271,7.0611892,0.83348107,1.07523,9,1068
da02,1706843379379257,7.0582609,0.84169275,1.0689521,9,1069
da02,1706843379479339,7.0623522,0.83739686,1.0719353,9,1070
da02,1706843379579253,7.0715313,0.83387107,1.0776308,10,1071
da02,1706843379679337,7.0798969,0.836499,1.076932,11,1072
da02,1706843379779308,7.0798731,0.84886259,1.0725161,10,1073
da02,1706843379879253,7.0677457,0.85088575,1.0711516,8,1074
da02,1706843379979282,7.07451,0.83723843,1.07897,9,1075
da02,1706843380079277,7.0748854,0.83365697,1.0880957,9,1076
da02,1706843380179253,7.0767207,0.83292574,1.0812607,10,1077
da02,1706843380279292,7.0807538,0.83430523,1.0735806,11,1078
da02,1706843380379255,7.0742717,0.83104312,1.0751442,9,1079
da02,1706843380479350,7.065836,0.8375172,1.0763324,8,1080
da02,1706843380579324,7.05875,0.84201396,1.0747591,8,1081
da02,1706843380679253,7.0638757,0.837679,1.0722249,10,1082
da02,1706843380779308,7.0676293,0.84002066,1.0721406,10,1083
da02,1706843380879268,7.0635653,0.8416748,1.0737907,9,1084
da02,1706843380979264,7.0686836,0.832918,1.0773667,9,1085
da02,1706843381079282,7.0635796,0.83606756,1.0676652,9,1086
da02,1706843381179307,7.0685024,0.84225488,1.0619788,11,1087
da02,1706843381279284,7.0596948,0.83988553,1.0738789,8,1088
da02,1706843381379303,7.0597425,0.82623738,1.0798479,8,1089
da02,1706843381479252,7.0745177,0.83200973,1.0706221,12,1090
da02,1706843381579316,7.0619507,0.83003908,1.0650289,8,1091
da02,1706843381679231,7.0602083,0.82562518,1.0642312,9,1092
da02,1706843381779257,7.0611811,0.82117426,1.0740728,8,1093
da02,1706843381879288,7.0588193,0.82194704,1.0734178,9,1094
da02,1706843381979403,7.0566025,0.82629657,1.0691721,9,1095
da02,1706843382079280,7.0541511,0.83136487,1.071858,8,1096
da02,1706843382179392,7.0484805,0.83657891,1.0779096,8,1097
da02,1706843382279286,7.0577521,0.8298592,1.0780765,10,1098
da02,1706843382379333,7.0622249,0.837143,1.075176,10,1099
da02,1706843382479277,7.0610623,0.83807069,1.0726578,9,1100
da02,1706843382579344,7.06282,0.84060347,1.0795838,9,1101
da02,1706843382679314,7.0641723,0.84144,1.0768057,9,1102
da02,1706843382779348,7.0640712,0.83978605,1.0780702,9,1103
da02,1706843382879259,7.0744481,0.83083808,1.0778121,10,1104
da02,1706843382979340,7.0879464,0.82871914,1.0739595,12,1105
da02,1706843383079288,7.0811782,0.82761556,1.0765464,9,1106
da02,1706843383179325,7.0733557,0.83160192,1.079483,8,1107
da02,1706843383279799,7.0675611,0.83011878,1.0802231,8,1108
da02,1706843383379354,7.0738611,0.83328515,1.076947,10,1109
da02,1706843383479286,7.0764213,0.82664078,1.0759522,10,1110
da02,1706843383579334,7.0822959,0.83889228,1.0747713,11,1111
da02,1706843383679292,7.0758729,0.83076471,1.0722347,9,1112
da02,1706843383779347,7.0737538,0.81867743,1.0842223,8,1113
da02,1706843383879303,7.0653763,0.83060765,1.072485,9,1114
da02,1706843383979468,7.0735073,0.82468438,1.0717872,10,1115
da02,1706843384079370,7.0656652,0.83128983,1.0706817,9,1116
da02,1706843384179602,7.0658531,0.83585751,1.0846845,8,1117
da02,1706843384279394,7.0691667,0.83530104,1.0803888,10,1118
da02,1706843384379495,7.0712461,0.83637953,1.0764819,10,1119
da02,1706843384479370,7.0825171,0.82794547,1.0771462,11,1120
da02,1706843384579460,7.0829706,0.81812745,1.0784904,9,1121
da02,1706843384679436,7.0801497,0.81823266,1.0762749,9,1122
da02,1706843384779373,7.0721917,0.82500964,1.0706344,9,1123
da02,1706843384879414,7.0808082,0.82838756,1.0685875,11,1124
da02,1706843384979450,7.0804453,0.825322,1.055583,11,1125
da02,1706843385079371,7.0847173,0.8275004,1.0536935,11,1126
da02,1706843385179350,7.0791407,0.82632738,1.062396,9,1127
da02,1706843385280974,7.0702538,0.83329874,1.0612539,9,1128
da02,1706843385379424,7.0668049,0.82881492,1.0628005,9,1129
da02,1706843385479308,7.074863,0.82630646,1.0742106,10,1130
da02,1706843385579411,7.0750742,0.83340228,1.0681151,10,1131
da02,1706843385679308,7.07413,0.8341257,1.077534,9,1132
da02,1706843385779422,7.0808005,0.82768655,1.0818093,10,1133
da02,1706843385879390,7.0823536,0.82507777,1.0789789,10,1134
da02,1706843385979324,7.0890007,0.81570107,1.0757954,11,1135
da02,1706843386079403,7.0834265,0.82196766,1.0801444,9,1136
da02,1706843386179414,7.0644097,0.82542253,1.0755188,8,1137
da02,1706843386279279,7.0688796,0.82446378,1.0786803,9,1138
da02,1706843386379425,7.0675697,0.82931817,1.0764126,9,1139
da02,1706843386479420,7.0562286,0.83723974,1.0826948,8,1140
da02,1706843386579367,7.0614347,0.84456867,1.0766417,10,1141
da02,1706843386679432,7.0590277,0.83837211,1.0749868,9,1142
da02,1706843386779454,7.0682826,0.83654749,1.0668397,11,1143
da02,1706843386879385,7.0771012,0.83779609,1.063642,11,1144
da02,1706843386980010,7.0746217,0.831872,1.0612866,10,1145
da02,1706843387079402,7.0708179,0.82929236,1.0580627,9,1146
da02,1706843387179381,7.06638,0.83104724,1.0597477,9,1147
da02,1706843387279352,7.0692463,0.82642442,1.0664169,9,1148
da02,1706843387379390,7.0698938,0.82226914,1.0589668,10,1149
da02,1706843387479291,7.0688267,0.82057667,1.0605121,9,1150
da02,1706843387579398,7.0657115,0.82037181,1.0663911,9,1151
da02,1706843387679360,7.0676022,0.67743713,1.0352486,70,1152
da02,1706843387779325,7.0638604,0.72282743,1.0368887,10,1153
da02,1706843387879408,7.0571756,0.73838007,1.0460057,8,1154
da02,1706843387979372,7.0641103,0.76627719,1.057415,10,1155
da02,1706843388079330,7.0716305,0.78729349,1.0578398,11,1156
da02,1706843388179364,7.0616908,0.79687887,1.0575869,8,1157
da02,1706843388279343,7.0577021,0.8018744,1.0558003,9,1158
da02,1706843388379302,7.0690389,0.81960034,1.0579612,11,1159
da02,1706843388479338,7.077652,0.82164925,1.0710359,10,1160
da02,1706843388579328,7.09063,0.82253623,1.0816277,11,1161
da02,1706843388679393,7.0799069,0.83715922,1.0776463,9,1162
da02,1706843388779374,7.0636754,0.83611035,1.071622,8,1163
da02,1706843388879322,7.0575652,0.83726561,1.0673664,9,1164
da02,1706843388979345,7.0489788,0.82753462,1.0708069,7,1165
da02,1706843389079362,7.054975,0.829419,1.0692116,10,1166
da02,1706843389179300,7.0541468,0.82925063,1.0701318,9,1167
da02,1706843389279326,7.0593214,0.82470286,1.0717502,9,1168
da02,1706843389379318,7.0525317,0.820445,1.0666074,8,1169
da02,1706843389479306,7.0492477,0.8221972,1.0587405,9,1170
da02,1706843389579593,7.0579066,0.82168943,1.0633594,10,1171
da02,1706843389679472,7.0726643,0.83222276,1.0696685,11,1172
da02,1706843389779447,7.0632992,0.82645041,1.0674872,8,1173
da02,1706843389879407,7.0736103,0.83885533,1.0605804,12,1174
da02,1706843389979389,7.0628052,0.83246273,1.0803698,8,1175
da02,1706843390079491,7.0618286,0.83757079,1.0749087,9,1176
da02,1706843390179530,7.0608516,0.83048058,1.085124,8,1177
da02,1706843390279388,7.0703797,0.82867426,1.0913155,10,1178
da02,1706843390379335,7.0624423,0.81737936,1.0916636,7,1179
da02,1706843390479569,7.064187,0.82925957,1.0849749,10,1180
da02,1706843390579376,7.0701175,0.83480567,1.0891171,10,1181
da02,1706843390679342,7.0562282,0.84209108,1.0904431,8,1182
da02,1706843390779431,7.0574141,0.83538741,1.0919876,8,1183
da02,1706843390879347,7.0624318,0.83647919,1.0813974,10,1184
da02,1706843390979390,7.0506992,0.82880419,1.0798949,7,1185
da02,1706843391079442,7.0593081,0.82961136,1.0851535,9,1186
da02,1706843391179396,7.0702276,0.83696121,1.0940447,10,1187
da02,1706843391279340,7.0729613,0.82790154,1.0859783,10,1188
da02,1706843391379426,7.0717993,0.82849509,1.0919013,8,1189
da02,1706843391479334,7.0746932,0.83197,1.097651,9,1190
da02,1706843391579361,7.0819545,0.83097607,1.089443,11,1191
da02,1706843391679489,7.0746059,0.84012449,1.0858806,9,1192
da02,1706843391779380,7.0642104,0.84175909,1.0776783,9,1193
da02,1706843391879341,7.0660338,0.83817476,1.0801736,9,1194
da02,1706843391979386,7.0746055,0.83968592,1.0828977,10,1195
da02,1706843392079362,7.0718212,0.836194,1.1009707,7,1196
da02,1706843392179302,7.054698,0.82928759,1.0969119,7,1197
da02,1706843392279394,7.0520668,0.82656127,1.0842487,9,1198
da02,1706843392379375,7.0652914,0.83216333,1.0784794,11,1199
da02,1706843392479377,7.0676069,0.83136916,1.0794419,9,1200
da02,1706843392579414,7.0643291,0.83342093,1.0696155,10,1201
da02,1706843392679388,7.066875,0.83345652,1.0693662,10,1202
da02,1706843392779323,7.0604506,0.82808453,1.0797591,7,1203
da02,1706843392879419,7.0732832,0.82286561,1.0726808,11,1204
da02,1706843392979425,7.0626035,0.82053894,1.0703977,8,1205
da02,1706843393079412,7.0614734,0.81777191,1.0665717,9,1206
da02,1706843393179469,7.0545039,0.81708562,1.0682623,8,1207
da02,1706843393279510,7.06557,0.8253845,1.069492,11,1208
da02,1706843393379498,7.070858,0.8278299,1.0711792,10,1209
da02,1706843393479403,7.0731125,0.814642,1.0770478,9,1210
da02,1706843393579508,7.0758181,0.8160761,1.0695341,10,1211
da02,1706843393679500,7.0809531,0.81188822,1.0753767,10,1212
da02,1706843393779374,7.08207,0.81358349,1.0768869,10,1213
da02,1706843393879488,7.070663,0.81661314,1.0715742,8,1214
da02,1706843393979495,7.0621681,0.81548828,1.0703144,8,1215
da02,1706843394079382,7.0714183,0.81866157,1.0616649,11,1216
da02,1706843394179522,7.0726376,0.81867754,1.0595963,10,1217
da02,1706843394279994,7.079134,0.8288089,1.0637375,11,1218
da02,1706843394379403,7.0650082,0.83018923,1.0671366,8,1219
da02,1706843394479500,7.04413,0.83226979,1.0652653,8,1220
da02,1706843394579496,7.0570335,0.83641,1.0647762,11,1221
da02,1706843394679420,7.0660243,0.834679,1.0604982,11,1222
da02,1706843394779564,7.0561295,0.82259566,1.0670588,7,1223
da02,1706843394879528,7.0451303,0.8214643,1.0601707,8,1224
da02,1706843394979457,7.0436115,0.8295626,1.0674934,8,1225
da02,1706843395079507,7.0432072,0.83718044,1.0682067,9,1226
da02,1706843395179615,7.0483556,0.83545196,1.0750557,9,1227
da02,1706843395279400,7.0388503,0.83701384,1.0745198,8,1228
da02,1706843395379521,7.0466523,0.83273339,1.0798284,9,1229
da02,1706843395479822,7.0469942,0.81708562,1.077654,8,1230
da02,1706843395579426,7.045835,0.8221789,1.0815853,8,1231
da02,1706843395679660,7.056551,0.81832826,1.0791558,10,1232
da02,1706843395779582,7.0572729,0.81793791,1.0824722,8,1233
da02,1706843395879430,7.0626979,0.82413107,1.0756716,10,1234
da02,1706843395989748,7.0625978,0.82606155,1.0758075,9,1235
da02,1706843396079455,7.0658894,0.83107805,1.0610301,11,1236
da02,1706843396179437,7.0615392,0.83233953,1.0660626,8,1237
da02,1706843396279457,7.0627918,0.83682048,1.0584122,10,1238
da02,1706843396379416,7.0653658,0.83411753,1.062981,9,1239
da02,1706843396479444,7.0588021,0.83791095,1.0730432,8,1240
da02,1706843396579464,7.0638957,0.83579028,1.0637429,10,1241
da02,1706843396679446,7.0674205,0.82893044,1.0577319,10,1242
da02,1706843396779434,7.0699663,0.82933652,1.062551,10,1243
da02,1706843396879430,7.0737576,0.83114558,1.068715,10,1244
da02,1706843396979429,7.0654144,0.83982307,1.072265,8,1245
da02,1706843397080034,7.0693827,0.85204321,1.074254,10,1246
da02,1706843397179446,7.0742445,0.83965069,1.0657723,10,1247
da02,1706843397279444,7.0871325,0.82820028,1.0641422,11,1248
da02,1706843397379462,7.0924282,0.8293153,1.0606332,11,1249
da02,1706843397479429,7.0849781,0.8243261,1.0665295,9,1250
da02,1706843397579404,7.0871911,0.83640438,1.0665448,11,1251
da02,1706843397679530,7.0931382,0.83576608,1.0800474,10,1252
da02,1706843397779416,7.0858684,0.83105189,1.0790596,9,1253
da02,1706843397879409,7.0704637,0.82932073,1.0713571,8,1254
da02,1706843397979486,7.0589108,0.82905209,1.0773429,7,1255
da02,1706843398079434,7.0624423,0.82943773,1.0737522,10,1256
da02,1706843398179436,7.0577154,0.8366468,1.0815756,8,1257
da02,1706843398279447,7.0671978,0.83963835,1.0845923,10,1258
da02,1706843398379490,7.0756946,0.8284784,1.0785084,10,1259
da02,1706843398479439,7.0711813,0.83042359,1.0785874,9,1260
da02,1706843398579477,7.0769448,0.83425432,1.0771368,10,1261
da02,1706843398679394,7.0874376,0.83690459,1.0682245,12,1262
da02,1706843398779386,7.0871868,0.84093684,1.0717026,10,1263
da02,1706843398879496,7.0926175,0.82991648,1.0597529,12,1264
da02,1706843398979383,7.0846868,0.82856786,1.0583142,9,1265
da02,1706843399079466,7.0755758,0.83387893,1.0575308,9,1266
da02,1706843399179544,7.0670137,0.8273313,1.0591334,8,1267
da02,1706843399279433,7.0632105,0.82547337,1.058069,9,1268
da02,1706843399379420,7.0608373,0.81805885,1.0603508,9,1269
da02,1706843399479529,7.0638871,0.8211928,1.0610082,10,1270
da02,1706843399579473,7.0721354,0.80898166,1.0631579,10,1271
da02,1706843399679426,7.05555,0.81606412,1.061736,8,1272
da02,1706843399779548,7.0404916,0.81728363,1.0550251,7,1273
da02,1706843399879456,7.0507994,0.828504,1.0552384,10,1274
da02,1706843399979440,7.0582271,0.83164597,1.0600816,10,1275
da02,1706843400079508,7.0619226,0.83145612,1.053251,10,1276
da02,1706843400179468,7.0750146,0.83246583,1.0611707,11,1277
da02,1706843400279410,7.0825634,0.83209163,1.0634935,11,1278
da02,1706843400379453,7.084053,0.829151,1.062869,10,1279
da02,1706843400479428,7.0877757,0.83223128,1.0609298,11,1280
da02,1706843400579420,7.0880165,0.82588875,1.059891,10,1281
da02,1706843400681048,7.0747409,0.82618773,1.0615743,8,1282
da02,1706843400779430,7.0672154,0.81745809,1.0594418,9,1283
da02,1706843400879396,7.0603423,0.81533605,1.0709082,7,1284
da02,1706843400979491,7.0665207,0.822936,1.0681362,10,1285
da02,1706843401079473,7.0585051,0.82964903,1.0619859,9,1286
da02,1706843401179396,7.05936,0.83585781,1.0597897,10,1287
da02,1706843401279477,7.0618591,0.84321094,1.0534885,10,1288
da02,1706843401379604,7.0714927,0.84234679,1.0625148,10,1289
da02,1706843401479788,7.074491,0.8435387,1.0645806,10,1290
da02,1706843401579544,7.0831909,0.84937471,1.0649533,11,1291
da02,1706843401679481,7.0829644,0.84129524,1.0741897,9,1292
da02,1706843401779520,7.0731082,0.8445701,1.066305,9,1293
da02,1706843401879479,7.079102,0.84519249,1.0779942,10,1294
da02,1706843401979497,7.0634618,0.84280866,1.0809027,8,1295
da02,1706843402079514,7.0745206,0.84689212,1.0867776,10,1296
da02,1706843402179561,7.0654087,0.84009337,1.0796813,8,1297
da02,1706843402279495,7.0623045,0.84023583,1.0801245,9,1298
da02,1706843402379500,7.0694332,0.84452236,1.0883371,9,1299
da02,1706843402479549,7.0559654,0.83264512,1.0768268,8,1300
da02,1706843402579508,7.0548716,0.8327896,1.0762054,9,1301
da02,1706843402679498,7.0513759,0.83321393,1.0790844,8,1302
da02,1706843402779542,7.0451951,0.84136307,1.0771308,8,1303
da02,1706843402879496,7.0460544,0.83784395,1.0736177,9,1304
da02,1706843402979520,7.0555115,0.83342445,1.0745173,10,1305
da02,1706843403079497,7.0621872,0.83045197,1.0817235,9,1306
da02,1706843403179556,7.1861229,0.82647043,1.0639244,67,1307
da02,1706843403279495,7.1467714,0.82810611,1.0642154,8,1308
da02,1706843403379517,7.1268086,0.827918,1.0703616,9,1309
da02,1706843403479515,7.1115308,0.82369107,1.0687056,9,1310
da02,1706843403579524,7.102736,0.82130092,1.0683012,10,1311
da02,1706843403679540,7.0968289,0.82438362,1.0681013,10,1312
da02,1706843403779612,7.0802841,0.820529,1.0704037,8,1313
da02,1706843403879534,7.0858216,0.818265,1.0703093,10,1314
da02,1706843403979472,7.0812778,0.80931044,1.0714196,9,1315
da02,1706843404079534,7.0797119,0.80758208,1.0607051,10,1316
da02,1706843404179550,7.075027,0.80837548,1.073127,8,1317
da02,1706843404279494,7.0783319,0.81587523,1.0677509,10,1318
da02,1706843404379540,7.0807366,0.82601166,1.0614012,11,1319
da02,1706843404479536,7.06234,0.83285713,1.070572,8,1320
da02,1706843404579477,7.0616145,0.82883453,1.0760344,8,1321
da02,1706843404679505,7.0540881,0.8336314,1.0730486,8,1322
da02,1706843404779495,7.0613241,0.82057017,1.062397,10,1323
da02,1706843404879502,7.050468,0.82518715,1.0591979,8,1324
da02,1706843404979502,7.0436172,0.82074559,1.0615849,8,1325
da02,1706843405079513,7.0486369,0.82538313,1.0670208,9,1326
da02,1706843405179597,7.0554624,0.82588339,1.0794994,9,1327
da02,1706843405280028,7.0629339,0.8251999,1.0803373,10,1328
da02,1706843405379502,7.0713811,0.8131085,1.0817579,10,1329
da02,1706843405479505,7.0627251,0.8117367,1.0776005,8,1330
da02,1706843405579506,7.0687504,0.81650275,1.0731148,10,1331
da02,1706843405679526,7.0785871,0.8238979,1.0684493,11,1332
da02,1706843405779566,7.0748487,0.82892919,1.0649482,10,1333
da02,1706843405879526,7.0768719,0.81585389,1.0710419,9,1334
da02,1706843405979541,7.0559077,0.83297837,1.0814577,9,1335
da02,1706843406079542,7.0744839,0.82319349,1.0831767,11,1336
da02,1706843406179570,7.0745435,0.82249105,1.0709112,10,1337
da02,1706843406280783,7.0809679,0.83017856,1.0729,10,1338
da02,1706843406379568,7.0693913,0.8328,1.0686216,9,1339
da02,1706843406479525,7.0655422,0.84216654,1.079329,8,1340
da02,1706843406579614,7.0693979,0.83520126,1.0722156,10,1341
da02,1706843406679572,7.0706549,0.83474678,1.0789058,9,1342
da02,1706843406779549,7.0529647,0.83453292,1.0838927,8,1343
da02,1706843406879647,7.0484328,0.8337388,1.0875466,8,1344
da02,1706843406979558,7.05914,0.83409113,1.0882362,10,1345
da02,1706843407079502,7.0709877,0.83515167,1.0893587,10,1346
da02,1706843407179536,7.0884304,0.82785618,1.0907004,11,1347
da02,1706843407279512,7.0709162,0.82495183,1.0900285,7,1348
da02,1706843407379473,7.0661154,0.82376605,1.0736878,10,1349
da02,1706843407479493,7.0686421,0.82362753,1.0689681,10,1350
da02,1706843407579610,7.0739322,0.82693553,1.06568,10,1351
da02,1706843407679547,7.0784025,0.81552416,1.0789407,9,1352
da02,1706843407779492,7.0813379,0.8153258,1.0638547,11,1353
da02,1706843407879534,7.0723696,0.82016051,1.0657228,9,1354
da02,1706843407979590,7.0676842,0.83839726,1.0638192,10,1355
da02,1706843408079516,7.0737405,0.85294062,1.0615877,11,1356
da02,1706843408179617,7.0732384,0.84206581,1.0704645,9,1357
da02,1706843408279558,7.0548115,0.844556,1.0714008,8,1358
da02,1706843408379496,7.0570912,0.83991146,1.0695016,9,1359
da02,1706843408479558,7.0638204,0.83390588,1.0635225,10,1360
da02,1706843408579563,7.0614576,0.83629674,1.0770476,8,1361
da02,1706843408679488,7.0611544,0.84337664,1.0783869,9,1362
da02,1706843408779540,7.0739541,0.84964865,1.0739964,11,1363
da02,1706843408879540,7.0740762,0.84674585,1.0730153,10,1364
da02,1706843408979498,7.0754557,0.83445877,1.076363,9,1365
da02,1706843409079536,7.0778513,0.83384126,1.0863076,9,1366
da02,1706843409179574,7.0937238,0.81788045,1.0856627,11,1367
da02,1706843409279561,7.0774608,0.82170129,1.0767243,8,1368
da02,1706843409379537,7.0719919,0.8335641,1.0750053,9,1369
da02,1706843409479528,7.0660615,0.83758765,1.0738463,9,1370
da02,1706843409579563,7.0621266,0.8323673,1.0752782,8,1371
da02,1706843409679608,7.0589819,0.83974177,1.0686147,9,1372
da02,1706843409779571,7.0701895,0.8356849,1.0673081,11,1373
da02,1706843409879577,7.0857825,0.84019649,1.0683727,12,1374
da02,1706843409979566,7.0716667,0.82937443,1.072304,7,1375
da02,1706843410079565,7.0696945,0.83079869,1.0671135,10,1376
da02,1706843410179489,7.0659776,0.82841325,1.0702938,9,1377
da02,1706843410279552,7.066134,0.83379233,1.0691593,10,1378
da02,1706843410379574,7.0678773,0.83187288,1.0672555,10,1379
da02,1706843410479467,7.078382,0.830545,1.0674328,11,1380
da02,1706843410579553,7.0735288,0.83494908,1.0724343,9,1381
da02,1706843410679554,7.084506,0.83550072,1.0704648,11,1382
da02,1706843410779496,7.0746369,0.841992,1.0729022,9,1383
da02,1706843410879551,7.0780978,0.83655274,1.073705,10,1384
da02,1706843410979579,7.0671663,0.84205049,1.0706996,9,1385
da02,1706843411079504,7.0808644,0.84311134,1.0658607,12,1386
da02,1706843411179624,7.0865726,0.84055924,1.0546548,12,1387
da02,1706843411279600,7.0997753,0.8334282,1.0564362,12,1388
da02,1706843411379537,7.1000829,0.82721567,1.0546641,11,1389
da02,1706843411479635,7.0844254,0.83432925,1.0547057,9,1390
da02,1706843411579760,7.0776391,0.84039342,1.0625899,9,1391
da02,1706843411679560,7.0711269,0.83860087,1.0655277,9,1392
da02,1706843411779652,7.0714602,0.84436041,1.0750813,9,1393
da02,1706843411879586,7.0644803,0.846869,1.0669737,9,1394
da02,1706843411979510,7.0680828,0.84691316,1.0682023,10,1395
da02,1706843412079629,7.0723076,0.84773588,1.0664742,10,1396
da02,1706843412179630,7.0736556,0.84118164,1.0721769,9,1397
da02,1706843412279549,7.0808129,0.83148468,1.082278,9,1398
da02,1706843412379554,7.0718675,0.83898,1.0817621,9,1399
da02,1706843412479563,7.0701623,0.84209621,1.0767137,10,1400
da02,1706843412579578,7.0748506,0.71031773,1.056504,70,1401
da02,1706843412679619,7.0637178,0.73844576,1.0513994,9,1402
da02,1706843412779616,7.0656385,0.7630167,1.0498261,10,1403
da02,1706843412879575,7.0683527,0.77354974,1.0534395,10,1404
da02,1706843412979599,7.0679665,0.78932756,1.0516366,10,1405
da02,1706843413079598,7.0746756,0.79106975,1.0643337,9,1406
da02,1706843413179591,7.0606546,0.79399496,1.0691899,7,1407
da02,1706843413279606,7.0696816,0.79199708,1.0627832,11,1408
da02,1706843413379636,7.0611544,0.81382406,1.0654452,8,1409
da02,1706843413479582,7.0735745,0.82106131,1.0799669,10,1410
da02,1706843413579658,7.0614376,0.83267647,1.0729413,8,1411
da02,1706843413679641,7.0707927,0.83481926,1.0760531,10,1412
da02,1706843413779638,7.0751963,0.83229321,1.0764265,10,1413
da02,1706843413879603,7.0796237,0.83267957,1.0733718,10,1414
da02,1706843413979633,7.089921,0.82856941,1.0718385,11,1415
da02,1706843414079615,7.0656767,0.81944048,1.0694561,7,1416
da02,1706843414179667,7.0610085,0.82290077,1.0671756,9,1417
da02,1706843414279671,7.0599804,0.81427151,1.0651575,9,1418
da02,1706843414379606,7.067009,0.8225739,1.0587234,11,1419
da02,1706843414479616,7.066627,0.823078,1.057258,10,1420
da02,1706843414579778,7.0598793,0.82182711,1.0623807,8,1421
da02,1706843414679629,7.05548,0.82691187,1.0628902,9,1422
da02,1706843414779609,7.0517063,0.83661491,1.0717151,8,1423
da02,1706843414880058,7.0483565,0.82898927,1.0711153,8,1424
da02,1706843414979561,7.0563655,0.83310127,1.0761541,9,1425
da02,1706843415080043,7.0704994,0.83183664,1.0765698,11,1426
da02,1706843415179662,7.069881,0.8359102,1.0863312,8,1427
da02,1706843415279566,7.0740032,0.83903354,1.0925155,9,1428
da02,1706843415379637,7.0853567,0.83146596,1.0844407,11,1429
da02,1706843415479577,7.0761757,0.83039254,1.0828937,8,1430
da02,1706843415579623,7.080512,0.81999713,1.0822511,10,1431
da02,1706843415679649,7.0879307,0.81715363,1.0772628,11,1432
da02,1706843415779631,7.0814896,0.81991416,1.0577658,11,1433
da02,1706843415879576,7.08393,0.82258993,1.0693309,9,1434
da02,1706843415979670,7.078136,0.82411951,1.0772384,8,1435
da02,1706843416081161,7.083005,0.82316554,1.0801958,10,1436
da02,1706843416179583,7.0848942,0.83847421,1.079263,10,1437
da02,1706843416280085,7.0914879,0.83284879,1.0881251,10,1438
da02,1706843416379616,7.0813203,0.81980079,1.0907755,8,1439
da02,1706843416479618,7.0703168,0.83100009,1.0825351,9,0
da02,1706843416579624,7.0713134,0.83502841,1.0763623,10,1
da02,1706843416679590,7.0774755,0.83512551,1.0720043,11,2
da02,1706843416779630,7.0744886,0.83131731,1.0744333,9,3
da02,1706843416879632,7.0756612,0.83077657,1.0723393,10,4
da02,1706843416979683,7.0664115,0.818967,1.0736421,8,5
da02,1706843417079636,7.0679045,0.8319611,1.0705081,10,6
da02,1706843417179665,7.0657105,0.83380628,1.0702038,9,7
da02,1706843417280055,7.0567541,0.83778495,1.0638342,9,8
da02,1706843417379700,7.0611939,0.83672953,1.0650301,10,9
da02,1706843417479610,7.0645742,0.83141714,1.0720679,9,10
da02,1706843417579636,7.0560718,0.82695258,1.0699381,8,11
da02,1706843417679594,7.0577335,0.820297,1.0765949,8,12
da02,1706843417779679,7.0604296,0.82173431,1.0731136,9,13
da02,1706843417879596,7.0644908,0.81419784,1.0736421,9,14
da02,1706843417979599,7.0700383,0.8205865,1.0708697,10,15
da02,1706843418079651,7.0691533,0.82784373,1.0810057,9,16
da02,1706843418179620,7.0597291,0.83293039,1.0729785,9,17
da02,1706843418280159,7.0507503,0.83744794,1.0689708,8,18
da02,1706843418379870,7.0599942,0.845456,1.0710179,10,19
da02,1706843418479614,7.0518837,0.837087,1.0704982,8,20
da02,1706843418579646,7.066278,0.8411603,1.0720571,11,21
da02,1706843418679643,7.0724406,0.8418625,1.084967,9,22
da02,1706843418779663,7.0797577,0.84430957,1.0882893,10,23
da02,1706843418879611,7.078928,0.83566821,1.0788622,10,24
da02,1706843418979648,7.0690327,0.83574855,1.0800298,8,25
da02,1706843419079636,7.0591407,0.82378858,1.0803547,7,26
da02,1706843419179648,7.0653629,0.82064062,1.0788597,10,27
da02,1706843419279653,7.0672936,0.82198262,1.0783166,9,28
da02,1706843419379671,7.0675368,0.82643229,1.0679222,10,29
da02,1706843419479608,7.0676737,0.83304489,1.0687981,9,30
da02,1706843419579684,7.078424,0.83994055,1.0801848,10,31
da02,1706843419679656,7.0800452,0.84366226,1.0720453,11,32
da02,1706843419779643,7.0832424,0.84232485,1.0704486,10,33
da02,1706843419879659,7.087872,0.84594923,1.0588511,12,34
da02,1706843419979660,7.0952196,0.84713483,1.0575973,12,35
da02,1706843420079620,7.095798,0.84386003,1.0552043,11,36
da02,1706843420179742,7.0946255,0.84278262,1.0681463,9,37
da02,1706843420279667,7.0818892,0.84442651,1.076617,8,38
da02,1706843420379649,7.0808597,0.83757961,1.0794252,9,39
da02,1706843420479615,7.0642948,0.84309316,1.0789733,8,40
da02,1706843420579672,7.073751,0.84081423,1.0747447,11,41
da02,1706843420679561,7.0791707,0.84610617,1.0805972,10,42
da02,1706843420779619,7.0852232,0.84489006,1.0853192,10,43
da02,1706843420879624,7.0874805,0.84282714,1.0890356,10,44
da02,1706843420979614,7.0789256,0.837872,1.0781149,9,45
da02,1706843421079598,7.0777464,0.84009886,1.0844408,9,46
da02,1706843421179675,7.0735526,0.83389324,1.0874858,8,47
da02,1706843421279629,7.068058,0.8337003,1.0879998,8,48
da02,1706843421379656,7.058301,0.82901525,1.084635,8,49
da02,1706843421479644,7.0519218,0.81347847,1.0883387,7,50
da02,1706843421579678,7.0399437,0.8231746,1.0806792,8,51
da02,1706843421679674,7.0349288,0.82111615,1.0759575,8,52
da02,1706843421779634,7.0467529,0.82352012,1.072157,10,53
da02,1706843421879629,7.0465493,0.8184166,1.0770385,8,54
da02,1706843421979653,7.0497665,0.81916916,1.0736586,9,55
da02,1706843422079670,7.0562696,0.82693219,1.0673332,10,56
da02,1706843422179716,7.0634842,0.83051527,1.0650897,10,57
da02,1706843422279682,7.0761681,0.83287722,1.0704159,11,58
da02,1706843422379731,7.0714803,0.83591312,1.0808729,8,59
da02,1706843422479709,7.0723619,0.82631713,1.0825374,9,60
da02,1706843422580030,7.071712,0.83042067,1.0724951,10,61
da02,1706843422679683,7.0727305,0.83533216,1.0702474,10,62
da02,1706843422779824,7.0661931,0.84148836,1.0737853,8,63
da02,1706843422879858,7.0618339,0.83564764,1.0779811,8,64
da02,1706843422979755,7.0577049,0.83763838,1.0770493,9,65
da02,1706843423079646,7.0608249,0.83209819,1.0775751,9,66
da02,1706843423179863,7.0502305,0.8270117,1.0798278,7,67
da02,1706843423279722,7.0525455,0.82449383,1.0753955,9,68
da02,1706843423379678,7.0501351,0.81875747,1.0808146,8,69
da02,1706843423479616,7.0696912,0.81963873,1.0799817,11,70
da02,1706843423579753,7.0632968,0.8203637,1.083285,8,71
da02,1706843423679621,7.0629539,0.82889378,1.0757639,10,72
da02,1706843423779710,7.057456,0.82917351,1.0783885,8,73
da02,1706843423879776,7.0587006,0.82766587,1.0695585,10,74
da02,1706843423979682,7.0604434,0.82348019,1.0718871,9,75
da02,1706843424079680,7.0509996,0.82510626,1.0690846,8,76
da02,1706843424179784,7.0520282,0.81970745,1.0627979,9,77
da02,1706843424279716,7.0492997,0.81793469,1.0521009,9,78
da02,1706843424379730,7.0553074,0.81545132,1.0606095,9,79
da02,1706843424479692,7.0543275,0.82208306,1.0723902,8,80
da02,1706843424579722,7.0572181,0.81592393,1.0729603,9,81
da02,1706843424679729,7.0484085,0.83056611,1.077426,8,82
da02,1706843424779702,7.05411,0.83424973,1.0814519,9,83
da02,1706843424879697,7.0673742,0.82747209,1.0742122,11,84
da02,1706843424979705,7.0631132,0.82480526,1.071762,9,85
da02,1706843425079676,7.0567465,0.83018523,1.0782074,8,86
da02,1706843425179732,7.057693,0.834366,1.0739644,9,87
da02,1706843425279670,7.0457182,0.82085067,1.0677321,7,88
da02,1706843425379689,7.0418968,0.821244,1.0711957,8,89
da02,1706843425479685,7.042347,0.82829845,1.0750899,8,90
da02,1706843425579699,7.0387831,0.8394863,1.0797615,8,91
da02,1706843425679672,7.0414867,0.844966,1.0833927,8,92
da02,1706843425779809,7.0429153,0.83763593,1.0686488,9,93
da02,1706843425879754,7.0554943,0.82992321,1.0729589,10,94
da02,1706843425979752,7.0594425,0.83265132,1.0777314,9,95
da02,1706843426079808,7.0631242,0.83392978,1.0910341,8,96
da02,1706843426179895,7.0756593,0.82685411,1.0859543,11,97
da02,1706843426279696,7.083508,0.82423496,1.0707669,12,98
da02,1706843426379818,7.0770597,0.82612246,1.0724171,9,99
da02,1706843426479771,7.0680304,0.82715493,1.0682843,9,100
da02,1706843426579690,7.0628452,0.824151,1.0724491,8,101
da02,1706843426679693,7.0732045,0.81727958,1.0643253,11,102
da02,1706843426779716,7.0448871,0.82557952,1.0593064,8,103
da02,1706843426879695,7.0425782,0.81469309,1.0614307,8,104
da02,1706843426979714,7.0523615,0.8253504,1.0710639,9,105
da02,1706843427079675,7.060607,0.82600605,1.0630323,11,106
da02,1706843427179735,7.0565419,0.82182151,1.0619181,9,107
da02,1706843427280237,7.0409617,0.81740725,1.0603023,7,108
da02,1706843427379736,7.0572958,0.82826734,1.0626827,11,109
da02,1706843427479698,7.0427403,0.84196442,1.0720638,9,110
da02,1706843427579756,7.0395794,0.84151262,1.0835394,8,111
da02,1706843427679714,7.0625658,0.83711833,1.0769497,12,112
da02,1706843427779683,7.0560775,0.83196491,1.078496,8,113
da02,1706843427879720,7.0678554,0.84002924,1.0666693,12,114
da02,1706843427979734,7.066422,0.84019685,1.073588,9,115
da02,1706843428079677,7.0618844,0.84252995,1.0765882,8,116
da02,1706843428179776,7.0619388,0.84220821,1.0658617,10,117
da02,1706843428279668,7.0660429,0.82692862,1.0685706,9,118
da02,1706843428379840,7.0582552,0.82592076,1.0601529,9,119
da02,1706843428479766,7.0728288,0.81673014,1.0638617,11,120
da02,1706843428579780,7.060678,0.81966418,1.0641102,8,121
da02,1706843428679776,7.0675745,0.82316476,1.0681926,10,122
da02,1706843428779741,7.0595183,0.81740862,1.0656836,8,123
da02,1706843428879693,7.0495915,0.81791395,1.0650654,8,124
da02,1706843428979830,7.0669336,0.82349551,1.0625781,12,125
da02,1706843429079748,7.0482121,0.83018178,1.0709932,8,126
da02,1706843429179810,7.04622,0.84029931,1.0667353,9,127
da02,1706843429279844,7.0693841,0.84221292,1.0646005,12,128
da02,1706843429379732,7.0596519,0.83620483,1.060902,8,129
da02,1706843429479711,7.0618453,0.8347581,1.065493,9,130
da02,1706843429579736,7.0731263,0.83007586,1.0667136,11,131
da02,1706843429679716,7.0708232,0.82902503,1.0697756,9,132
da02,1706843429779766,7.072958,0.82567239,1.0715573,9,133
da02,1706843429879688,7.0695877,0.82346463,1.0729795,9,134
da02,1706843429979778,7.0760813,0.83200616,1.0750952,10,135
da02,1706843430079740,7.0825367,0.83585244,1.0729299,11,136
da02,1706843430179750,7.083529,0.83903205,1.0748596,10,137
da02,1706843430279745,7.0844584,0.82908034,1.0761392,10,138
da02,1706843430379784,7.0845494,0.8331542,1.0872558,9,139
da02,1706843430479745,7.081708,0.8291083,1.0876867,9,140
da02,1706843430579809,7.075645,0.82972211,1.1003497,7,141
da02,1706843430679799,7.0630445,0.835823,1.0871112,8,142
da02,1706843430779749,7.0759106,0.83238524,1.0854805,11,143
da02,1706843430879744,7.08369,0.82266086,1.0912817,10,144
da02,1706843430979786,7.0926008,0.81578767,1.09378,10,145
da02,1706843431079954,7.0906963,0.82439178,1.0856576,10,146
da02,1706843431179838,7.0829105,0.82143682,1.075637,9,147
da02,1706843431279751,7.0811839,0.82524079,1.0715067,10,148
da02,1706843431379835,7.0798769,0.82690459,1.079425,9,149
da02,1706843431481452,7.0759706,0.84523559,1.0829813,9,150
da02,1706843431579838,7.0740137,0.84503925,1.0680071,10,151
da02,1706843431679768,7.0756278,0.84288752,1.0768853,9,152
da02,1706843431779760,7.0784092,0.84098524,1.0729392,10,153
da02,1706843431879708,7.0655522,0.84266192,1.0786513,8,154
da02,1706843431979818,7.0735474,0.84050536,1.0709947,11,155
da02,1706843432079726,7.0864196,0.723355,1.0334535,70,156
da02,1706843432179802,7.0751276,0.74553752,1.0452188,8,157
da02,1706843432279783,7.0771275,0.77658784,1.0458905,11,158
da02,1706843432379950,7.0769615,0.78257442,1.0577016,9,159
da02,1706843432479697,7.0786276,0.79193926,1.0739663,9,160
da02,1706843432579822,7.0726771,0.7992686,1.0754334,9,161
da02,1706843432679766,7.060535,0.8087495,1.0811335,8,162
da02,1706843432779856,7.082119,0.81220359,1.0792189,12,163
da02,1706843432879791,7.0821385,0.81680852,1.0783876,10,164
da02,1706843432979818,7.0667515,0.8293466,1.0835119,8,165
da02,1706843433079852,7.059495,0.83250177,1.0828379,8,166
da02,1706843433179796,7.05063,0.83481807,1.083241,8,167
da02,1706843433279833,7.0515418,0.83936346,1.0735582,10,168
da02,1706843433379916,7.0531955,0.83076656,1.0685936,9,169
da02,1706843433479784,7.05784,0.82661688,1.0647192,10,170
da02,1706843433579980,7.0452561,0.82666856,1.0632281,7,171
da02,1706843433679808,7.0541706,0.81902528,1.0776557,8,172
da02,1706843433779765,7.06945,0.80971217,1.0677477,11,173
da02,1706843433880046,7.0711389,0.81305909,1.0682938,10,174
da02,1706843433979842,7.0626192,0.83035296,1.0710076,8,175
da02,1706843434079856,7.0553946,0.82430303,1.067096,8,176
da02,1706843434179792,7.0465064,0.8230328,1.0737311,7,177
da02,1706843434279716,7.0600085,0.82729983,1.0663503,11,178
da02,1706843434379844,7.0620985,0.82925981,1.062366,10,179
da02,1706843434479770,7.0612655,0.83736205,1.0659513,9,180
da02,1706843434579770,7.0504618,0.83539873,1.0840273,8,181
da02,1706843434679845,7.0527191,0.83078408,1.078545,9,182
da02,1706843434779848,7.0493684,0.82999855,1.0639174,9,183
da02,1706843434879751,7.0384717,0.83075041,1.0581468,8,184
da02,1706843434979853,7.0446696,0.83957809,1.066686,9,185
da02,1706843435079809,7.0610123,0.8340832,1.0662929,11,186
da02,1706843435179840,7.0651121,0.836584,1.0662756,10,187
da02,1706843435279802,7.0655727,0.83429879,1.0681131,9,188
da02,1706843435379916,7.0631118,0.8407833,1.0677938,9,189
da02,1706843435479848,7.0717368,0.83566332,1.0731124,10,190
da02,1706843435579804,7.0792127,0.84313685,1.0653607,11,191
da02,1706843435679878,7.0700164,0.84065622,1.0643977,9,192
da02,1706843435779895,7.0738134,0.83851743,1.0697347,10,193
da02,1706843435879770,7.0648618,0.83488011,1.0748509,8,194
da02,1706843435979964,7.0697994,0.81996012,1.071981,10,195
da02,1706843436079883,7.0845294,0.81721985,1.0647712,12,196
da02,1706843436179782,7.0698466,0.8196243,1.0696402,7,197
da02,1706843436279861,7.0681248,0.81260335,1.064338,9,198
da02,1706843436379892,7.0690088,0.81293368,1.0728838,9,199
da02,1706843436479805,7.0575595,0.80930716,1.0711519,8,200
da02,1706843436579886,7.071815,0.81251824,1.0697356,11,201
da02,1706843436679874,7.0767908,0.81262153,1.0655239,10,202
da02,1706843436779805,7.0717211,0.812163,1.0694375,9,203
da02,1706843436879860,7.0755076,0.81567591,1.0704147,10,204
da02,1706843436979872,7.0680466,0.81709445,1.0657748,9,205
da02,1706843437079913,7.076973,0.81867737,1.0689557,10,206
da02,1706843437179895,7.0756235,0.81748128,1.0801467,8,207
da02,1706843437279856,7.0807986,0.81636119,1.073063,11,208
da02,1706843437379811,7.0650711,0.82310843,1.0713629,8,209
da02,1706843437480358,7.2096791,0.70081562,1.3858843,71,210
da02,1706843437579866,7.1713409,0.72940379,1.317664,8,211
da02,1706843437679715,7.1413488,0.75871217,1.2579333,9,212
da02,1706843437779812,7.1319575,0.77609694,1.2021154,11,213
da02,1706843437879845,7.1133356,0.793347,1.1758339,8,214
da02,1706843437979794,7.0986171,0.80598205,1.1460592,9,215
da02,1706843438079881,7.0813684,0.82240832,1.1302105,8,216
da02,1706843438179926,7.0676212,0.81453413,1.1158948,7,217
da02,1706843438280384,7.0702324,0.81183487,1.1002672,10,218
da02,1706843438379919,7.069056,0.81384933,1.0956304,9,219
da02,1706843438479818,7.0712538,0.81469035,1.0861187,10,220
da02,1706843438579739,7.0667973,0.81446528,1.0827868,9,221
da02,1706843438679793,7.0469265,0.82458431,1.0791966,8,222
da02,1706843438779890,7.0407438,0.83372122,1.0809588,8,223
da02,1706843438879836,7.0427885,0.82759923,1.0788559,8,224
da02,1706843438980038,7.0445013,0.83491135,1.0861534,8,225
da02,1706843439079950,7.0440011,0.83336705,1.0796318,9,226
da02,1706843439179836,7.0512962,0.83043313,1.074753,10,227
da02,1706843439279880,7.0489922,0.8366825,1.0770853,8,228
da02,1706843439380082,7.05617,0.83409035,1.0691437,10,229
da02,1706843439479867,7.0467634,0.82631105,1.0652102,8,230
da02,1706843439579864,7.044292,0.81941807,1.0607128,8,231
da02,1706843439679898,7.0464854,0.82364154,1.0617353,9,232
da02,1706843439779792,7.0461416,0.83094716,1.0580078,9,233
da02,1706843439879869,7.0463924,0.829236,1.0654595,8,234
da02,1706843439979848,7.0240026,0.838562,1.0668459,9,235
da02,1706843440079794,7.037003,0.8380847,1.0649135,10,236
da02,1706843440179835,7.0567069,0.83934665,1.0641373,11,237
da02,1706843440279784,7.071579,0.83355224,1.0651717,11,238
da02,1706843440379820,7.0668411,0.83974487,1.0783685,8,239
da02,1706843440479827,7.0662441,0.8272813,1.0794846,9,240
da02,1706843440579870,7.070519,0.83447152,1.0780498,10,241
da02,1706843440679860,7.0711064,0.83571166,1.0787996,9,242
da02,1706843440779891,7.06668,0.83021116,1.0810901,8,243
da02,1706843440879866,7.0739937,0.83034474,1.0827556,10,244
da02,1706843440979948,7.0668797,0.83030534,1.079536,9,245
da02,1706843441079837,7.0573459,0.82989913,1.0717704,8,246
da02,1706843441179910,7.0592823,0.83410668,1.0764472,9,247
da02,1706843441279913,7.0725946,0.83931822,1.075205,11,248
da02,1706843441379853,7.0607548,0.84409112,1.0724263,8,249
da02,1706843441479787,7.0526967,0.84464383,1.075497,8,250
da02,1706843441579868,7.0596547,0.84378177,1.0714878,10,251
da02,1706843441679872,7.0533891,0.84197384,1.0596281,9,252
da02,1706843441780001,7.0544453,0.84052134,1.068229,8,253
da02,1706843441879899,7.0553865,0.83054066,1.0604796,9,254
da02,1706843441979906,7.0487065,0.83222014,1.0696112,8,255
da02,1706843442079828,7.0604649,0.83182782,1.0817404,9,256
da02,1706843442180458,7.046196,0.82381946,1.0741932,7,257
da02,1706843442279893,7.0358481,0.81968278,1.070272,7,258
da02,1706843442379909,7.0376024,0.81628615,1.0735272,8,259
da02,1706843442479865,7.0451069,0.80899006,1.0666316,10,260
da02,1706843442579906,7.0437841,0.80794984,1.0607833,9,261
da02,1706843442679870,7.0515008,0.81218058,1.0544686,10,262
da02,1706843442779988,7.0592909,0.81008691,1.0539217,10,263
da02,1706843442879800,7.0632887,0.80358517,1.0575137,9,264
da02,1706843442979845,7.0714841,0.80927706,1.0609267,10,265
da02,1706843443079896,7.0651789,0.80327034,1.0596633,9,266
da02,1706843443179843,7.0601583,0.813534,1.0481611,10,267
da02,1706843443279792,7.068768,0.81599438,1.0525038,10,268
da02,1706843443379933,7.069963,0.810627,1.0598621,9,269
da02,1706843443479873,7.0630646,0.81736088,1.0644354,8,270
da02,1706843443579860,7.0557866,0.83327705,1.0618294,9,271
da02,1706843443679891,7.06019,0.82583576,1.0675538,9,272
da02,1706843443779943,7.059515,0.82951641,1.078353,8,273
da02,1706843443879866,7.0702753,0.82390457,1.0721521,11,274
da02,1706843443979918,7.0840788,0.81974661,1.0737309,11,275
da02,1706843444079844,7.0718627,0.81706792,1.0743247,8,276
da02,1706843444179985,7.0649109,0.81960571,1.0718063,9,277
da02,1706843444279886,7.0638161,0.82643139,1.0691636,9,278
da02,1706843444380078,7.0574369,0.82133085,1.0729944,8,279
da02,1706843444480131,7.0545855,0.81451917,1.0807629,8,280
da02,1706843444580359,7.0443363,0.81831944,1.0801587,8,281
da02,1706843444679939,7.0487919,0.82397,1.0761081,9,282
da02,1706843444780396,7.0479059,0.82999718,1.0760137,9,283
da02,1706843444879921,7.0515561,0.82716137,1.0674244,10,284
da02,1706843444979995,7.0646648,0.82403404,1.0619397,11,285
da02,1706843445079893,7.0649896,0.81626266,1.0647767,9,286
da02,1706843445179902,7.03499,0.82616937,1.067637,9,287
da02,1706843445279881,7.0510068,0.82772762,1.0675597,11,288
da02,1706843445379881,7.0412822,0.82748371,1.0688499,7,289
da02,1706843445479922,7.0555277,0.81671888,1.0673386,10,290
da02,1706843445579979,7.0537262,0.82377976,1.0753397,8,291
da02,1706843445679990,7.05024,0.82010955,1.0752323,8,292
da02,1706843445779880,7.0501256,0.82706511,1.0826819,8,293
da02,1706843445879980,7.0492754,0.83305758,1.0823617,8,294
da02,1706843445979952,7.0563464,0.83361244,1.0738168,10,295
da02,1706843446079874,7.0578804,0.82979137,1.0771291,9,296
da02,1706843446179892,7.057487,0.82501245,1.0895474,8,297
da02,1706843446279931,7.0599113,0.82228422,1.0807158,10,298
da02,1706843446379944,7.0742927,0.82600206,1.0766759,11,299
da02,1706843446479966,7.0807357,0.83618742,1.0745558,11,300
da02,1706843446579961,7.0662479,0.83345765,1.0783316,7,301
da02,1706843446679883,7.07364,0.83618385,1.0742089,11,302
da02,1706843446779972,7.0639534,0.83286214,1.0643816,9,303
da02,1706843446881546,7.0721154,0.84532505,1.0758013,10,304
da02,1706843446979944,7.0631604,0.84266013,1.0714791,8,305
da02,1706843447079986,7.0560622,0.84100568,1.0709891,8,306
da02,1706843447180051,7.0510731,0.84271055,1.0765806,8,307
da02,1706843447279875,7.06118,0.83863038,1.0717193,10,308
da02,1706843447380007,7.0679164,0.838487,1.0780599,10,309
da02,1706843447480444,7.0615659,0.83601797,1.0773562,8,310
da02,1706843447579876,7.080452,0.84272575,1.0726242,12,311
da02,1706843447680003,7.0785732,0.84088671,1.063015,10,312
da02,1706843447780034,7.0889487,0.84476155,1.0711377,11,313
da02,1706843447879918,7.0839267,0.83444852,1.071035,9,314
da02,1706843447980012,7.0846152,0.83577448,1.0689144,10,315
da02,1706843448080004,7.0809784,0.8329652,1.0684012,9,316
da02,1706843448179956,7.0869389,0.83919823,1.0673341,11,317
da02,1706843448280024,7.0745411,0.84550518,1.0687605,8,318
da02,1706843448380020,7.0672178,0.84614861,1.0705029,9,319
da02,1706843448479880,7.0512924,0.8334049,1.0692114,7,320
da02,1706843448579982,7.0600872,0.83838022,1.0648623,11,321
da02,1706843448680015,7.0584588,0.83001214,1.0623593,9,322
da02,1706843448779851,7.06398,0.83050019,1.0722818,9,323
da02,1706843448879924,7.0628185,0.82938516,1.0666643,9,324
da02,1706843448979894,7.0554318,0.83023328,1.0773929,8,325
da02,1706843449079898,7.0568881,0.82319015,1.0697906,9,326
da02,1706843449179908,7.03993,0.82956,1.0777709,8,327
da02,1706843449280449,7.0481343,0.83429152,1.075532,10,328
da02,1706843449379900,7.0508256,0.83894235,1.0712804,9,329
da02,1706843449479989,7.0372562,0.84073979,1.0691874,8,330
da02,1706843449579993,7.0458827,0.83412939,1.0613929,10,331
da02,1706843449679906,7.0601115,0.82284647,1.0618184,10,332
da02,1706843449779997,7.0645089,0.82368064,1.0614707,10,333
da02,1706843449879997,7.0693555,0.82166469,1.0688368,9,334
da02,1706843449980083,7.0656505,0.8260386,1.0730388,9,335
da02,1706843450080045,7.0712776,0.83020777,1.0718312,10,336
da02,1706843450180110,7.0828176,0.8319447,1.0700126,11,337
da02,1706843450279923,7.07123,0.83035165,1.0702114,8,338
da02,1706843450380037,7.0727754,0.83378536,1.0692146,10,339
da02,1706843450480249,7.0565667,0.82530409,1.0644879,7,340
da02,1706843450579951,7.0753055,0.82381964,1.0660725,12,341
da02,1706843450679980,7.07781,0.82479405,1.0668411,10,342
da02,1706843450779940,7.0745287,0.83699256,1.0712059,9,343
da02,1706843450879885,7.0639005,0.83190924,1.0669008,8,344
da02,1706843450980004,7.0688882,0.83018458,1.0585083,11,345
da02,1706843451079949,7.068182,0.81976837,1.0580862,9,346
da02,1706843451179926,7.0662684,0.8255204,1.0509406,10,347
da02,1706843451279978,7.0752673,0.82539529,1.0530021,11,348
da02,1706843451379962,7.077476,0.82072335,1.0579935,10,349
da02,1706843451479933,7.0626979,0.81958395,1.0693094,8,350
da02,1706843451579902,7.0587554,0.82406938,1.0750294,8,351
da02,1706843451680019,7.0715785,0.81569034,1.0855542,10,352
da02,1706843451779957,7.0752611,0.82737112,1.074077,11,353
da02,1706843451879947,7.0789275,0.82758009,1.0612568,11,354
da02,1706843451979928,7.0808983,0.82721847,1.0680667,10,355
da02,1706843452079948,7.073174,0.82904774,1.076194,8,356
da02,1706843452179932,7.07873,0.81525993,1.0697366,10,357
da02,1706843452279950,7.0743375,0.8131181,1.0606245,10,358
da02,1706843452380067,7.064918,0.812897,1.0583153,8,359
da02,1706843452479995,7.0619354,0.81755143,1.0747954,8,360
da02,1706843452579948,7.0520005,0.82844657,1.0776579,8,361
da02,1706843452680044,7.05125,0.82136691,1.0832635,8,362
da02,1706843452780004,7.0594087,0.82106674,1.0817517,10,363
da02,1706843452879924,7.0430093,0.82459193,1.0929687,8,364
da02,1706843452979976,7.0489984,0.82533348,1.0843463,10,365
da02,1706843453079946,7.0576754,0.82749516,1.0723034,11,366
da02,1706843453180053,7.0572033,0.83450037,1.0781752,9,367
da02,1706843453279955,7.0532637,0.82551187,1.081499,8,368
da02,1706843453379959,7.0547633,0.8267647,1.0739347,9,369
da02,1706843453479965,7.0650086,0.83228117,1.0712782,11,370
da02,1706843453579964,7.075603,0.82262212,1.0655489,11,371
da02,1706843453679951,7.0714445,0.82900691,1.0710214,9,372
da02,1706843453779932,7.0845513,0.82168692,1.0786736,10,373
da02,1706843453880024,7.0840321,0.81604135,1.0868502,9,374
da02,1706843453980042,7.0774541,0.82000649,1.0806874,9,375
da02,1706843454079990,7.070013,0.81203741,1.08344,8,376
da02,1706843454180096,7.0501957,0.81858623,1.088307,8,377
da02,1706843454279934,7.0614285,0.81078029,1.0835929,10,378
da02,1706843454379990,7.0571046,0.81374145,1.0821927,8,379
da02,1706843454480034,7.0537629,0.82162434,1.0753649,9,380
da02,1706843454579922,7.0537157,0.81744522,1.0702363,9,381
da02,1706843454680000,7.0670323,0.81830138,1.0593276,12,382
da02,1706843454780025,7.0623236,0.82725692,1.0624595,9,383
da02,1706843454880131,7.0572228,0.83656603,1.0648072,9,384
da02,1706843454979960,7.0585074,0.83433187,1.0597278,10,385
da02,1706843455080145,7.0618057,0.83041316,1.0584223,10,386
da02,1706843455179990,7.0578842,0.82137513,1.0584673,9,387
da02,1706843455279976,7.068758,0.812608,1.0469799,11,388
da02,1706843455379960,7.0722136,0.81036824,1.0558556,9,389
da02,1706843455480246,7.0654707,0.81976593,1.0646319,8,390
da02,1706843455580087,7.060595,0.81561714,1.0676016,8,391
da02,1706843455679956,7.0549097,0.81999964,1.0663744,8,392
da02,1706843455779992,7.064158,0.81483918,1.0657278,10,393
da02,1706843455879949,7.0626493,0.81232983,1.0702869,8,394
da02,1706843455980283,7.0551896,0.8231957,1.0629238,9,395
da02,1706843456080010,7.0645547,0.82804447,1.0715568,10,396
da02,1706843456180051,7.0696926,0.8313185,1.0720435,10,397
da02,1706843456280098,7.061368,0.83100206,1.0720953,8,398
da02,1706843456380003,7.0638785,0.83239758,1.0691302,10,399
da02,1706843456480196,7.0799265,0.83434153,1.072668,11,400
da02,1706843456580031,7.0763087,0.83184934,1.0752902,9,401
da02,1706843456680036,7.0698323,0.82696593,1.0722172,9,402
da02,1706843456779946,7.0602512,0.83222991,1.0701857,8,403
da02,1706843456879972,7.0612435,0.82617915,1.0671749,9,404
da02,1706843456979990,7.0583968,0.83050156,1.0762653,8,405
da02,1706843457079976,7.0758257,0.826188,1.0871969,10,406
da02,1706843457179978,7.0786486,0.82285661,1.0788914,10,407
da02,1706843457280021,7.0845957,0.82121933,1.0657309,11,408
da02,1706843457380065,7.0878844,0.82106107,1.0602366,11,409
da02,1706843457479999,7.0862803,0.80806911,1.0695562,9,410
da02,1706843457579995,7.0930262,0.80745864,1.0698459,11,411
da02,1706843457680122,7.0945344,0.81369454,1.0692165,11,412
da02,1706843457780001,7.092607,0.81797111,1.0668267,10,413
da02,1706843457880005,7.0936365,0.80995935,1.0647696,10,414
da02,1706843457980054,7.1007767,0.81572336,1.056566,12,415
da02,1706843458080043,7.0874157,0.81453913,1.0519521,9,416
da02,1706843458179969,7.0681095,0.82356423,1.0579313,8,417
da02,1706843458280015,7.0567937,0.82289547,1.0616984,8,418
da02,1706843458380062,7.0563226,0.82138973,1.0620863,9,419
da02,1706843458480028,7.0602479,0.813912,1.0694348,9,420
da02,1706843458580082,7.0616837,0.80871493,1.0628533,10,421
da02,1706843458679996,7.0736938,0.81656116,1.0614384,11,422
da02,1706843458779992,7.1799908,0.81691188,1.0496279,66,423
da02,1706843458879990,7.1594682,0.81441259,1.0546445,10,424
da02,1706843458980020,7.1464162,0.81032604,1.0571781,11,425
da02,1706843459080006,7.1239004,0.81277204,1.0525361,10,426
da02,1706843459180085,7.1238575,0.81741881,1.0522039,12,427
da02,1706843459279997,7.1031632,0.81830859,1.0637991,8,428
da02,1706843459379992,7.0829749,0.82561445,1.0759286,8,429
da02,1706843459479998,7.08284,0.82236689,1.0782729,9,430
da02,1706843459580042,7.0740185,0.81492591,1.0857724,7,431
da02,1706843459680094,7.0817776,0.82235563,1.0754797,11,432
da02,1706843459780007,7.0693989,0.81753153,1.0728416,8,433
da02,1706843459880115,7.0752115,0.82379633,1.0789952,10,434
da02,1706843459980126,7.0673866,0.82689148,1.076032,9,435
da02,1706843460080022,7.0722203,0.82896012,1.0760841,10,436
da02,1706843460180116,7.0717196,0.82564086,1.0692894,10,437
da02,1706843460280608,7.0591726,0.82143867,1.0719042,7,438
da02,1706843460380015,7.0419536,0.83128494,1.0738686,8,439
da02,1706843460480019,7.0402064,0.8280648,1.0637743,9,440
da02,1706843460580027,7.0552111,0.83554357,1.0603462,11,441
da02,1706843460680116,7.0727081,0.83295745,1.0662993,11,442
da02,1706843460780140,7.0621209,0.83144414,1.0704819,8,443
da02,1706843460880132,7.07787,0.83447504,1.0602649,12,444
da02,1706843460980071,7.0754223,0.83911407,1.0592617,10,445
da02,1706843461080088,7.0768075,0.83291191,1.057165,10,446
da02,1706843461180098,7.0775189,0.8240968,1.0606961,9,447
da02,1706843461280091,7.0737157,0.82606512,1.0607853,9,448
da02,1706843461380087,7.0728693,0.82117438,1.0646703,9,449
da02,1706843461482522,7.0496492,0.8280158,1.0745859,8,450
da02,1706843461580092,7.0523696,0.832739,1.0712482,9,451
da02,1706843461680047,7.0508838,0.84180856,1.0714818,9,452
da02,1706843461780035,7.0446486,0.835825,1.0739534,7,453
da02,1706843461880068,7.0629697,0.82603472,1.0759554,11,454
da02,1706843461980034,7.0667253,0.82158405,1.0706602,10,455
da02,1706843462080095,7.0662451,0.80918354,1.0648077,9,456
da02,1706843462180095,7.0595021,0.817003,1.0698562,8,457
da02,1706843462281668,7.0697231,0.82383054,1.0713683,10,458
da02,1706843462380152,7.0683432,0.81985635,1.0718429,9,459
da02,1706843462480040,7.0679612,0.81946558,1.0867729,8,460
da02,1706843462580096,7.0627036,0.824039,1.0805258,9,461
da02,1706843462680022,7.0530367,0.82847106,1.0815068,8,462
da02,1706843462780038,7.0608573,0.81965888,1.0783304,10,463
da02,1706843462880020,7.060885,0.81972361,1.0756751,9,464
da02,1706843462979992,7.0490489,0.82009447,1.0642428,8,465
da02,1706843463080137,7.0540242,0.81487441,1.0579727,10,466
da02,1706843463180042,7.0657072,0.81550163,1.0640663,10,467
da02,1706843463280022,7.0694332,0.81963432,1.0697645,9,468
da02,1706843463380166,7.0539327,0.82255244,1.0673718,7,469
da02,1706843463480074,7.0487938,0.82403356,1.0699377,8,470
da02,1706843463580041,7.0430851,0.82143039,1.064853,8,471
da02,1706843463680082,7.0465016,0.81542003,1.0641013,9,472
da02,1706843463780056,7.0601559,0.8102994,1.0669078,10,473
da02,1706843463880060,7.0651393,0.82476091,1.0634782,10,474
da02,1706843463980116,7.0724678,0.82665396,1.0647101,10,475
da02,1706843464080068,7.0615387,0.82280862,1.0479255,9,476
da02,1706843464180010,7.0480289,0.8227306,1.0464815,8,477
da02,1706843464280110,7.0685892,0.81892055,1.0466988,12,478
da02,1706843464380040,7.0674787,0.81732023,1.0499103,9,479
da02,1706843464480026,7.0634685,0.82356548,1.0529517,9,480
da02,1706843464580140,7.060843,0.82781523,1.0638831,8,481
da02,1706843464680054,7.0643296,0.82361072,1.0708511,9,482
da02,1706843464780054,7.0644546,0.833916,1.0696489,10,483
da02,1706843464880162,7.0605297,0.82996839,1.0748787,8,484
da02,1706843464980048,7.0666738,0.83276141,1.0745349,10,485
da02,1706843465080052,7.0724382,0.83490443,1.0702181,10,486
da02,1706843465180056,7.0842,0.82610619,1.0707865,11,487
da02,1706843465280124,7.0868587,0.82091689,1.0718352,10,488
da02,1706843465380066,7.077745,0.81876659,1.069626,9,489
da02,1706843465480022,7.08818,0.81400281,1.0703423,11,490
da02,1706843465580096,7.0824327,0.82109517,1.0712066,9,491
da02,1706843465680054,7.061852,0.81878293,1.0649021,7,492
da02,1706843465780120,7.0451894,0.82372373,1.0664389,8,493
da02,1706843465880117,7.0486708,0.82759982,1.0709497,9,494
da02,1706843465980102,7.0444236,0.83043426,1.0723034,8,495
da02,1706843466080266,7.0423188,0.835965,1.0703207,8,496
da02,1706843466180080,7.0345674,0.84594184,1.0750231,8,497
da02,1706843466280314,7.03699,0.83785021,1.078848,8,498
da02,1706843466380149,7.0441861,0.83004445,1.0709449,10,499
da02,1706843466480108,7.0385938,0.82022852,1.0755458,7,500
da02,1706843466580020,7.0373425,0.81890589,1.0787919,8,501
da02,1706843466680137,7.0346923,0.82844526,1.0723556,8,502
da02,1706843466780074,7.0448718,0.83938861,1.0758209,10,503
da02,1706843466880098,7.0471396,0.82406926,1.0610141,10,504
da02,1706843466980090,7.0491338,0.81887835,1.0643029,9,505
da02,1706843467080099,7.04554,0.81861925,1.0870503,8,506
da02,1706843467180077,7.0456104,0.81700253,1.0851198,8,507
da02,1706843467280334,7.0563827,0.81444603,1.0818068,10,508
da02,1706843467380010,7.0438547,0.83543706,1.0782368,8,509
da02,1706843467480073,7.0532045,0.82565743,1.0700102,10,510
da02,1706843467580140,7.0354319,0.82205033,1.0767034,8,511
da02,1706843467680108,7.0500674,0.83247006,1.0734208,11,512
da02,1706843467780124,7.0685582,0.82542104,1.0732785,11,513
da02,1706843467880076,7.0770822,0.81973624,1.0642397,11,514
da02,1706843467980039,7.0802445,0.82513553,1.0624967,10,515
da02,1706843468080070,7.0760531,0.83202463,1.0688164,9,516
da02,1706843468180131,7.0593171,0.83031195,1.0711488,8,517
da02,1706843468280095,7.0595665,0.8378101,1.0697827,9,518
da02,1706843468380088,7.0647264,0.84320992,1.0611053,11,519
da02,1706843468480098,7.0846977,0.84958148,1.0668284,12,520
da02,1706843468580120,7.0751505,0.85328954,1.0715991,8,521
da02,1706843468680080,7.0714769,0.85178071,1.0614376,10,522
da02,1706843468780091,7.1794229,0.8403402,1.0511143,67,523
da02,1706843468880085,7.1489973,0.83823067,1.0538855,9,524
da02,1706843468980099,7.1332917,0.84642023,1.0586556,10,525
da02,1706843469080090,7.1179485,0.83611029,1.0565674,10,526
da02,1706843469180090,7.0992227,0.82530987,1.0508687,9,527
da02,1706843469280090,7.1002431,0.83268565,1.0565501,11,528
da02,1706843469380132,7.0860491,0.83922994,1.0534447,9,529
da02,1706843469480125,7.0708919,0.84175324,1.0591702,8,530
da02,1706843469580150,7.0702624,0.8400659,1.0607659,9,531
da02,1706843469680125,7.06832,0.83236879,1.074224,8,532
da02,1706843469780082,7.0630894,0.82580274,1.0799913,8,533
da02,1706843469880095,7.0563421,0.83029789,1.0715553,9,534
da02,1706843469980118,7.0605164,0.82920545,1.0766312,9,535
da02,1706843470080172,7.0651231,0.83138406,1.0823025,9,536
da02,1706843470180128,7.0604873,0.83852732,1.0828266,8,537
da02,1706843470280066,7.0697322,0.83620924,1.0851096,10,538
da02,1706843470380125,7.05454,0.8356899,1.0840945,8,539
da02,1706843470480093,7.0568876,0.83326191,1.079022,9,540
da02,1706843470580101,7.049427,0.83578211,1.0790282,8,541
da02,1706843470680200,7.06917,0.83015418,1.0817034,11,542
da02,1706843470780060,7.0737581,0.81906205,1.0764692,10,543
da02,1706843470880098,7.0784631,0.82605994,1.0820875,10,544
da02,1706843470980203,7.0649471,0.82322037,1.0919354,8,545
da02,1706843471080094,7.0448627,0.82520121,1.0817772,8,546
da02,1706843471180154,7.050386,0.82576174,1.0797392,9,547
da02,1706843471280788,7.0469432,0.8222968,1.0878416,7,548
da02,1706843471380386,7.0371227,0.82222462,1.0916378,8,549
da02,1706843471480209,7.053751,0.82138103,1.0955669,10,550
da02,1706843471580145,7.0532689,0.81982112,1.0964155,8,551
da02,1706843471680119,7.05628,0.82329214,1.082463,10,552
da02,1706843471780126,7.0658636,0.82103586,1.085081,10,553
da02,1706843471880225,7.0696592,0.8170625,1.0833806,9,554
da02,1706843471980155,7.0624862,0.81927764,1.0723643,9,555
da02,1706843472080137,7.068553,0.82327783,1.0695485,10,556
da02,1706843472180110,7.0678382,0.81792182,1.0787575,8,557
da02,1706843472280136,7.0831132,0.81231767,1.0688226,12,558
da02,1706843472380093,7.0736957,0.81793827,1.065655,9,559
da02,1706843472480166,7.0788207,0.82607818,1.0602396,11,560
da02,1706843472580121,7.0666022,0.83194441,1.0601583,8,561
da02,1706843472680118,7.0599704,0.84491324,1.0635632,9,562
da02,1706843472780095,7.0739226,0.84561956,1.0597153,12,563
da02,1706843472880142,7.0707941,0.83016759,1.0702769,8,564
da02,1706843472980114,7.0709629,0.830623,1.0711919,9,565
da02,1706843473080151,7.0765262,0.82697415,1.0642482,11,566
da02,1706843473180199,7.0752525,0.82820457,1.0704645,9,567
da02,1706843473280085,7.0575852,0.82740462,1.0765125,8,568
da02,1706843473380129,7.066606,0.841032,1.0672112,11,569
da02,1706843473480203,7.061759,0.83567959,1.0720019,8,570
da02,1706843473580141,7.0615921,0.82947344,1.0740068,9,571
da02,1706843473680122,7.0665064,0.82121456,1.0630774,10,572
da02,1706843473780250,7.0772614,0.82936811,1.0551561,12,573
da02,1706843473880182,7.0662179,0.83361822,1.0622413,8,574
da02,1706843473980082,7.0804358,0.84081352,1.0696217,11,575
da02,1706843474080136,7.09115,0.83949322,1.0805054,10,576
da02,1706843474180242,7.0865846,0.83954138,1.0730636,10,577
da02,1706843474280161,7.0806179,0.82973862,1.0789391,8,578
da02,1706843474380144,7.0855756,0.82999271,1.084663,10,579
da02,1706843474480534,7.0824227,0.83126259,1.0796037,10,580
da02,1706843474580077,7.0826917,0.83525968,1.0736101,10,581
da02,1706843474680251,7.0968771,0.82719362,1.073715,12,582
da02,1706843474780150,7.086328,0.82794887,1.0759667,9,583
da02,1706843474880546,7.0792294,0.8255477,1.0752381,9,584
da02,1706843474980122,7.0555634,0.82587165,1.0650976,7,585
da02,1706843475080170,7.065413,0.81963617,1.0634489,10,586
da02,1706843475180232,7.0773916,0.81615293,1.0614995,11,587
da02,1706843475280151,7.0667386,0.82109541,1.0673079,8,588
da02,1706843475380260,7.0634789,0.83798736,1.0646214,10,589
da02,1706843475480261,7.0749369,0.84525079,1.0611988,11,590
da02,1706843475580129,7.0808811,0.846482,1.0679868,10,591
da02,1706843475680245,7.08051,0.83878762,1.0664349,10,592
da02,1706843475780236,7.0836673,0.83077818,1.0750836,9,593
da02,1706843475880132,7.0786924,0.83178967,1.0767787,9,594
da02,1706843475980223,7.0680571,0.83474654,1.0729402,8,595
da02,1706843476080278,7.0680265,0.84154969,1.0695112,10,596
da02,1706843476180221,7.0695233,0.84740442,1.0680795,10,597
da02,1706843476280303,7.0763645,0.85178876,1.07703,10,598
da02,1706843476380311,7.0840292,0.84287167,1.0715955,11,599
da02,1706843476480160,7.08157,0.84498578,1.0761185,9,600
da02,1706843476580264,7.0840983,0.83694786,1.0740837,10,601
da02,1706843476680202,7.0656939,0.8358978,1.0730603,8,602
da02,1706843476780160,7.0629406,0.83447695,1.0754756,9,603
da02,1706843476880266,7.0579166,0.82623708,1.0846779,7,604
da02,1706843476980252,7.0671415,0.82215708,1.0788304,10,605
da02,1706843477080178,7.0668468,0.814855,1.0774448,9,606
da02,1706843477180258,7.0482788,0.81584841,1.083392,8,607
da02,1706843477280367,7.0551758,0.81984937,1.0921457,9,608
da02,1706843477380249,7.0569744,0.82173085,1.0878013,9,609
da02,1706843477480212,7.0623503,0.81045586,1.0809191,10,610
da02,1706843477580218,7.0637293,0.80007106,1.0783672,9,611
da02,1706843477681782,7.065722,0.80471754,1.072402,10,612
da02,1706843477780256,7.0580373,0.80913931,1.0782007,8,613
da02,1706843477880232,7.0514808,0.81430364,1.0846294,7,614
da02,1706843477980140,7.0531087,0.8119095,1.0920575,8,615
da02,1706843478080216,7.04459,0.82501471,1.0847019,8,616
da02,1706843478180252,7.0508509,0.83160454,1.0824305,9,617
da02,1706843478280162,7.0587058,0.83023983,1.0804354,10,618
da02,1706843478380196,7.0604839,0.8231653,1.0793421,9,619
da02,1706843478480184,7.0552621,0.82195264,1.0713646,9,620
da02,1706843478580149,7.0570593,0.82221621,1.0680699,9,621
da02,1706843478680321,7.0480647,0.82442456,1.0842514,8,622
da02,1706843478780298,7.0489821,0.82438481,1.0810518,9,623
da02,1706843478880137,7.0486226,0.81756938,1.0844082,8,624
da02,1706843478980142,7.0543456,0.81889755,1.0886565,9,625
da02,1706843479080265,7.0537457,0.8169027,1.0795069,9,626
da02,1706843479180174,7.0715947,0.82123291,1.0776154,11,627
da02,1706843479280164,7.0700846,0.82095057,1.071072,10,628
da02,1706843479380242,7.0734568,0.82640779,1.0668458,10,629
da02,1706843479480175,7.0774708,0.83349043,1.0655532,10,630
da02,1706843479580249,7.0761328,0.81848884,1.0782348,8,631
da02,1706843479680242,7.0645857,0.82410812,1.0653427,9,632
da02,1706843479780182,7.0644541,0.82230842,1.068031,9,633
da02,1706843479880232,7.063076,0.82761544,1.0801343,8,634
da02,1706843479980252,7.0627651,0.83534747,1.085183,9,635
da02,1706843480080178,7.0610976,0.83595181,1.082546,9,636
da02,1706843480180296,7.0713782,0.83440769,1.0695266,11,637
da02,1706843480280230,7.0667458,0.83823723,1.0694455,9,638
da02,1706843480380196,7.0771465,0.8334167,1.0748656,10,639
da02,1706843480480238,7.0756831,0.83540756,1.0640099,10,640
da02,1706843480580245,7.06785,0.82884717,1.0664384,8,641
da02,1706843480680197,7.0587878,0.831445,1.0613245,9,642
da02,1706843480780293,7.0480804,0.8171187,1.0738205,7,643
da02,1706843480880206,7.0544047,0.81485659,1.0731149,9,644
da02,1706843480980177,7.0539622,0.82589203,1.0652884,10,645
da02,1706843481080232,7.1948204,0.83411026,1.0597273,67,646
da02,1706843481180258,7.1708827,0.83140612,1.0684748,10,647
da02,1706843481280178,7.137363,0.82436478,1.0635062,8,648
da02,1706843481380256,7.111136,0.81568879,1.0590479,8,649
da02,1706843481480256,7.1043353,0.81686115,1.0560342,10,650
da02,1706843481580174,7.10269,0.81661844,1.060154,10,651
da02,1706843481680232,7.0959444,0.82613623,1.0575726,10,652
da02,1706843481780158,7.0967689,0.82552588,1.0517548,11,653
da02,1706843481880194,7.0843992,0.8229292,1.060052,8,654
da02,1706843481980178,7.0728035,0.8232128,1.0637875,8,655
da02,1706843482080266,7.0697732,0.82457435,1.0768899,8,656
da02,1706843482180218,7.0674992,0.82792145,1.0722458,9,657
da02,1706843482280806,7.0657573,0.83266819,1.0694932,9,658
da02,1706843482380270,7.0606575,0.83423531,1.0779301,8,659
da02,1706843482480248,7.0660858,0.8311187,1.0729214,10,660
da02,1706843482580446,7.07746,0.82736373,1.0720211,11,661
da02,1706843482680788,7.0641932,0.82322544,1.0612417,9,662
da02,1706843482780331,7.0680151,0.82025105,1.0572519,10,663
da02,1706843482880346,7.0611744,0.82722729,1.0583657,9,664
da02,1706843482980252,7.059824,0.8344056,1.0563152,10,665
da02,1706843483080172,7.0550852,0.83448732,1.0565683,9,666
da02,1706843483180324,7.0696459,0.82729131,1.056339,11,667
da02,1706843483280278,7.0698061,0.82323813,1.0579057,9,668
da02,1706843483380259,7.0686693,0.82574046,1.0687459,9,669
da02,1706843483480257,7.0662365,0.8314544,1.0620345,10,670
da02,1706843483580185,7.0652881,0.82931459,1.0648584,9,671
da02,1706843483680196,7.0640392,0.81383467,1.0604097,9,672
da02,1706843483780280,7.059185,0.80815452,1.0661327,8,673
da02,1706843483880277,7.0534511,0.81583881,1.072197,8,674
da02,1706843483980220,7.0657878,0.80912852,1.0699215,10,675
da02,1706843484080262,7.0602622,0.81820858,1.0623717,9,676
da02,1706843484180277,7.0481386,0.82485771,1.0626093,8,677
da02,1706843484280190,7.069829,0.81938905,1.0619539,12,678
da02,1706843484380224,7.074502,0.819624,1.0617143,10,679
da02,1706843484480178,7.0708551,0.81218773,1.0635008,9,680
da02,1706843484580241,7.0736265,0.82133311,1.0604855,10,681
da02,1706843484680223,7.06937,0.81762254,1.0577419,9,682
da02,1706843484780240,7.0718317,0.81936127,1.0632471,9,683
da02,1706843484880306,7.0640173,0.82758522,1.0746669,8,684
da02,1706843484980209,7.06507,0.83167624,1.073118,9,685
da02,1706843485080201,7.0828576,0.82749575,1.0719389,12,686
da02,1706843485180334,7.0983596,0.83220571,1.0768635,12,687
da02,1706843485280280,7.1003509,0.83940279,1.0713183,11,688
da02,1706843485380236,7.0901504,0.83264077,1.0724452,9,689
da02,1706843485480325,7.0818572,0.84365892,1.0697967,9,690
da02,1706843485580277,7.0776906,0.8433373,1.0707972,9,691
da02,1706843485680176,7.0697575,0.83214712,1.0794659,8,692
da02,1706843485780442,7.0639205,0.81816709,1.0728943,9,693
da02,1706843485880196,7.0669737,0.82052028,1.0725127,10,694
da02,1706843485980233,7.0808544,0.816832,1.0715441,11,695
da02,1706843486080328,7.0835161,0.8192215,1.0679419,10,696
da02,1706843486180340,7.0710454,0.8170138,1.0765368,7,697
da02,1706843486280255,7.0749903,0.82046056,1.072317,10,698
da02,1706843486380241,7.0700426,0.81506991,1.0686514,9,699
da02,1706843486480258,7.0787191,0.82689154,1.0678951,11,700
da02,1706843486580337,7.0882874,0.83734429,1.0620868,12,701
da02,1706843486680342,7.0688829,0.83390087,1.0709597,8,702
da02,1706843486780261,7.0735855,0.84162664,1.0797416,10,703
da02,1706843486880240,7.07697,0.834466,1.0695322,11,704
da02,1706843486980316,7.0791674,0.82604736,1.0673184,10,705
da02,1706843487080254,7.0700765,0.82220346,1.0678725,8,706
da02,1706843487180232,7.0674095,0.822041,1.063002,9,707
da02,1706843487280337,7.0638776,0.82224852,1.0623724,9,708
da02,1706843487380233,7.0604687,0.8220408,1.0594522,9,709
da02,1706843487480209,7.060833,0.83015168,1.0578893,10,710
da02,1706843487580310,7.0581689,0.82903111,1.0640279,8,711
da02,1706843487680325,7.0676622,0.82724148,1.0654542,10,712
da02,1706843487780247,7.0628872,0.82834357,1.0690161,8,713
da02,1706843487880298,7.0670872,0.82069027,1.065812,10,714
da02,1706843487980264,7.0722108,0.83511221,1.0694126,10,715
da02,1706843488080230,7.0783734,0.84485132,1.0711849,11,716
da02,1706843488180290,7.0857797,0.84510142,1.0745685,11,717
da02,1706843488280279,7.0806508,0.84330124,1.07401,9,718
da02,1706843488380461,7.0733995,0.83963776,1.0775287,8,719
da02,1706843488480312,7.0793729,0.84155875,1.0750229,11,720
da02,1706843488580258,7.0632076,0.844898,1.0829422,8,721
da02,1706843488680225,7.0562696,0.85568,1.0851614,8,722
da02,1706843488780255,7.0311604,0.85310811,1.0863732,9,723
da02,1706843488880282,7.0321169,0.84548146,1.0810777,8,724
da02,1706843488980266,7.0351753,0.8364026,1.0792392,8,725
da02,1706843489080230,7.0381713,0.83335143,1.0775853,8,726
da02,1706843489180327,7.0468512,0.83490014,1.074659,10,727
da02,1706843489280276,7.061583,0.82266957,1.0776412,10,728
da02,1706843489380277,7.0623946,0.83317327,1.0785447,9,729
da02,1706843489480260,7.0734296,0.83560073,1.0786682,11,730
da02,1706843489580260,7.0878086,0.84162384,1.0762132,12,731
da02,1706843489680234,7.0859838,0.8414858,1.0758127,10,732
da02,1706843489780285,7.0963273,0.85342717,1.0780475,12,733
da02,1706843489880251,7.0865059,0.83491194,1.0726347,9,734
da02,1706843489980285,7.0758042,0.83854944,1.0761691,8,735
da02,1706843490080322,7.0701737,0.83462983,1.0722479,9,736
da02,1706843490180322,7.075202,0.82731122,1.0694294,10,737
da02,1706843490280306,7.0753441,0.83296752,1.0717421,10,738
da02,1706843490380315,7.08499,0.83580422,1.0833673,10,739
da02,1706843490480290,7.0807948,0.83781117,1.0834397,9,740
da02,1706843490580271,7.0815587,0.83461106,1.0709124,11,741
da02,1706843490680344,7.0835772,0.83737767,1.0716529,10,742
da02,1706843490780278,7.0661206,0.83319724,1.0764129,8,743
da02,1706843490880411,7.0620642,0.83581746,1.0755793,9,744
da02,1706843490980284,7.0582576,0.83638614,1.064558,9,745
da02,1706843491080245,7.0596557,0.83493745,1.0609444,10,746
da02,1706843491180270,7.0552773,0.83891678,1.0701679,8,747
da02,1706843491280275,7.04276,0.82531154,1.0807252,7,748
da02,1706843491380274,7.0529265,0.83191347,1.0748187,10,749
da02,1706843491480426,7.0464563,0.83477074,1.0758758,8,750
da02,1706843491580300,7.053896,0.8319152,1.0668348,10,751
da02,1706843491680266,7.0477653,0.8220821,1.0632299,8,752
da02,1706843491780260,7.05796,0.81823188,1.0729562,9,753
da02,1706843491880307,7.055058,0.83204156,1.073143,9,754
da02,1706843491980314,7.0528183,0.82262367,1.0657328,9,755
da02,1706843492080300,7.0619555,0.83057106,1.0761131,9,756
da02,1706843492180390,7.0724096,0.82995588,1.0695167,11,757
da02,1706843492280302,7.0687289,0.83039,1.075279,8,758
da02,1706843492380301,7.0744066,0.83054352,1.067327,11,759
da02,1706843492480341,7.0696654,0.84242171,1.0687194,9,760
da02,1706843492580326,7.0613294,0.84044886,1.069965,8,761
da02,1706843492680517,7.05467,0.84041077,1.0778378,8,762
da02,1706843492780352,7.0656662,0.845143,1.0736289,11,763
da02,1706843492880338,7.0653415,0.83361572,1.0690632,9,764
da02,1706843492980437,7.0664797,0.83355987,1.0730263,9,765
da02,1706843493081922,7.0754142,0.83261377,1.0623869,11,766
da02,1706843493180316,7.0790834,0.82802415,1.0665132,10,767
da02,1706843493281120,7.065515,0.81914711,1.0632899,8,768
da02,1706843493380306,7.0661521,0.82755029,1.0691246,9,769
da02,1706843493480382,7.05425,0.821406,1.065196,8,770
da02,1706843493580455,7.0603762,0.83008337,1.0638177,10,771
da02,1706843493680445,7.0652227,0.8208698,1.0615699,10,772
da02,1706843493780352,7.0653896,0.815014,1.0648451,9,773
da02,1706843493880492,7.0772753,0.81944305,1.0608995,11,774
da02,1706843493980367,7.0744181,0.81511456,1.0571374,10,775
da02,1706843494080314,7.080956,0.82020754,1.057318,11,776
da02,1706843494180354,7.0668287,0.81884092,1.0695405,7,777
da02,1706843494280314,7.0692639,0.81429416,1.0678777,10,778
da02,1706843494380306,7.0797324,0.82032138,1.0738235,10,779
da02,1706843494480341,7.0642719,0.82607853,1.0719333,8,780
da02,1706843494580328,7.06926,0.82015991,1.0643033,10,781
da02,1706843494680282,7.0732942,0.82092923,1.0651557,10,782
da02,1706843494780328,7.0760322,0.815127,1.0664121,10,783
da02,1706843494880347,7.0730391,0.81557256,1.0688331,9,784
da02,1706843494980349,7.0766416,0.80925179,1.0671568,10,785
da02,1706843495080344,7.0819368,0.81099826,1.0571935,11,786
da02,1706843495180411,7.0762711,0.8158462,1.0594919,9,787
da02,1706843495280366,7.076664,0.813891,1.0696603,9,788
da02,1706843495380376,7.0780759,0.81597477,1.0554185,11,789
da02,1706843495480338,7.0643053,0.81495947,1.0591027,8,790
da02,1706843495580328,7.0740123,0.819282,1.0798725,9,791
da02,1706843495680312,7.0791769,0.8191846,1.0759314,10,792
da02,1706843495780344,7.0714669,0.82357675,1.062089,10,793
da02,1706843495880326,7.0750456,0.81790483,1.057969,10,794
da02,1706843495980324,7.0576706,0.82823896,1.0711639,8,795
da02,1706843496080290,7.0586348,0.81714803,1.0712961,9,796
da02,1706843496180334,7.07682,0.81994194,1.0718942,12,797
da02,1706843496280277,7.0738893,0.82674074,1.0651573,10,798
da02,1706843496380298,7.0776563,0.81839728,1.0620266,10,799
da02,1706843496480334,7.0767856,0.82678151,1.0537841,11,800
da02,1706843496580308,7.0669179,0.8351683,1.0506207,9,801
da02,1706843496680396,7.060895,0.82798147,1.047437,9,802
da02,1706843496780369,7.0699043,0.83839071,1.0543226,11,803
da02,1706843496880382,7.0709682,0.84280473,1.055941,10,804
da02,1706843496980410,7.0807853,0.8308636,1.0640264,10,805
da02,1706843497080426,7.0842094,0.8312605,1.0613428,11,806
da02,1706843497180391,7.0729809,0.83127391,1.077969,8,807
da02,1706843497280433,7.193934,0.8346824,1.0499505,67,808
da02,1706843497380313,7.160675,0.83095092,1.0619775,8,809
da02,1706843497480309,7.1269178,0.83213705,1.0720886,8,810
da02,1706843497580344,7.1103592,0.83126754,1.0831157,8,811
da02,1706843497680378,7.0911956,0.82492667,1.0875612,7,812
da02,1706843497780934,7.0878587,0.8229984,1.0800668,10,813
da02,1706843497880437,7.0833397,0.82789212,1.0744253,10,814
da02,1706843497980370,7.0834603,0.82594335,1.0789112,9,815
da02,1706843498080513,7.09311,0.82762176,1.0784783,11,816
da02,1706843498180466,7.0904255,0.82615852,1.0733325,10,817
da02,1706843498280345,7.081552,0.82278132,1.0629064,10,818
da02,1706843498380452,7.0786605,0.82317841,1.0714797,9,819
da02,1706843498480412,7.0925765,0.82370663,1.0779178,11,820
da02,1706843498580344,7.0876122,0.82998031,1.0680698,10,821
da02,1706843498680448,7.0899405,0.84002233,1.0584387,11,822
da02,1706843498780487,7.0819583,0.83350754,1.0579534,9,823
da02,1706843498880738,7.0785074,0.83723509,1.060951,9,824
da02,1706843498980683,7.0822344,0.82853514,1.0592886,10,825
da02,1706843499080942,7.0817742,0.83276069,1.0672841,9,826
da02,1706843499180427,7.073379,0.8370682,1.060468,9,827
da02,1706843499280341,7.0768785,0.82649887,1.0612258,10,828
da02,1706843499380418,7.0744433,0.8233524,1.0670419,9,829
da02,1706843499480412,7.0956497,0.82587451,1.0600671,13,830
da02,1706843499580363,7.0861478,0.82847065,1.0647564,9,831
da02,1706843499680432,7.069869,0.8303495,1.063054,8,832
da02,1706843499780343,7.0749016,0.82869166,1.0526373,11,833
da02,1706843499880360,7.0760074,0.82656652,1.055277,10,834
da02,1706843499980384,7.0738716,0.81892967,1.0573965,9,835
da02,1706843500080324,7.0743866,0.824479,1.0581899,10,836
da02,1706843500180354,7.0616474,0.814588,1.0591018,8,837
da02,1706843500280376,7.0587592,0.81853789,1.0577127,9,838
da02,1706843500380410,7.0760717,0.82620293,1.0610596,12,839
da02,1706843500480444,7.0693574,0.81748641,1.058764,9,840
da02,1706843500580409,7.0660057,0.824791,1.0634668,9,841
da02,1706843500680364,7.0646195,0.83140272,1.0670756,9,842
da02,1706843500780482,7.0648351,0.82969958,1.0635222,10,843
da02,1706843500880431,7.0762458,0.81879407,1.0652558,11,844
da02,1706843500980384,7.077579,0.83186579,1.0636623,10,845
da02,1706843501080486,7.0764256,0.83266735,1.0638531,10,846
da02,1706843501180413,7.0764251,0.82691085,1.0643097,10,847
da02,1706843501280362,7.0540934,0.83833563,1.0706806,9,848
da02,1706843501380354,7.0557227,0.83703357,1.0824282,8,849
da02,1706843501480372,7.0571008,0.82824355,1.0811234,9,850
da02,1706843501580371,7.0585108,0.82244366,1.0739821,9,851
da02,1706843501680320,7.0602717,0.82185864,1.068347,10,852
da02,1706843501780361,7.0538416,0.82875812,1.0697423,8,853
da02,1706843501880333,7.0531759,0.83427781,1.0838135,8,854
da02,1706843501980348,7.0594163,0.82551813,1.0758607,10,855
da02,1706843502080356,7.0679779,0.81522739,1.0728663,10,856
da02,1706843502180372,7.0559249,0.81736976,1.0746111,7,857
da02,1706843502280352,7.0593882,0.82363749,1.0741239,9,858
da02,1706843502380386,7.0661936,0.82878411,1.0715963,10,859
da02,1706843502480412,7.0662742,0.83522618,1.066714,10,860
da02,1706843502580368,7.06464,0.85039377,1.069521,9,861
da02,1706843502680512,7.0566831,0.85174364,1.0623493,9,862
da02,1706843502780960,7.044127,0.85901994,1.0582789,8,863
da02,1706843502880423,7.0441961,0.84541488,1.065581,8,864
da02,1706843502980489,7.0324097,0.83883613,1.0665461,8,865
da02,1706843503080466,7.0357809,0.83104295,1.0693884,8,866
da02,1706843503180415,7.0628018,0.82516181,1.0744165,11,867
da02,1706843503280453,7.0650449,0.82241333,1.0690864,10,868
da02,1706843503380464,7.0644588,0.81802738,1.0725169,9,869
da02,1706843503480408,7.056582,0.82630414,1.0680231,9,870
da02,1706843503580485,7.0589519,0.816858,1.0652223,9,871
da02,1706843503680479,7.0567603,0.81908709,1.0657328,9,872
da02,1706843503780389,7.0559568,0.81549889,1.0705819,8,873
da02,1706843503880414,7.0624843,0.82162106,1.0612924,11,874
da02,1706843503980397,7.0582209,0.82483292,1.0714104,8,875
da02,1706843504080348,7.0502243,0.81860238,1.0724874,7,876
da02,1706843504180459,7.0670109,0.82321638,1.0742838,11,877
da02,1706843504281036,7.0639558,0.82270712,1.0794696,8,878
da02,1706843504380370,7.0789037,0.82372326,1.0758144,11,879
da02,1706843504480622,7.0842118,0.83336419,1.0735338,11,880
da02,1706843504580967,7.0788565,0.8239826,1.0789415,8,881
da02,1706843504680430,7.0831227,0.82454056,1.0845728,10,882
da02,1706843504780869,7.0717697,0.82893014,1.0798306,8,883
da02,1706843504880508,7.068624,0.8303867,1.0806271,9,884
da02,1706843504980972,7.0675631,0.82138717,1.0815241,9,885
da02,1706843505080414,7.0688405,0.8293153,1.0749253,10,886
da02,1706843505180478,7.0670543,0.83658564,1.0889215,8,887
da02,1706843505280378,7.0593534,0.83719039,1.0854818,8,888
da02,1706843505380376,7.066524,0.83739293,1.0921843,9,889
da02,1706843505480478,7.0669718,0.83561361,1.0965557,8,890
da02,1706843505580456,7.0670247,0.83023506,1.085972,10,891
da02,1706843505680468,7.0525823,0.82672733,1.0832986,7,892
da02,1706843505780538,7.0530062,0.8332954,1.0736015,10,893
da02,1706843505880432,7.0620966,0.84088659,1.0713658,10,894
da02,1706843505980412,7.0616808,0.84355,1.0654107,10,895
da02,1706843506080450,7.0689578,0.85046732,1.0632318,11,896
da02,1706843506180366,7.0678892,0.85624748,1.0684988,9,897
da02,1706843506280391,7.0645785,0.84971839,1.0758569,8,898
da02,1706843506380411,7.0644693,0.84044886,1.0680027,10,899
da02,1706843506480393,7.056644,0.83976436,1.0635414,9,900
da02,1706843506580378,7.0749702,0.83733511,1.0574934,12,901
da02,1706843506680439,7.0763764,0.83721811,1.053843,10,902
da02,1706843506780362,7.0718675,0.82574266,1.0603286,8,903
da02,1706843506880401,7.0586805,0.83527994,1.0723702,8,904
da02,1706843506980400,7.05366,0.82348835,1.0702231,8,905
da02,1706843507080433,7.053566,0.82333404,1.0677884,9,906
da02,1706843507180465,7.0560846,0.82847089,1.0682435,9,907
da02,1706843507280409,7.0488791,0.82883292,1.0698479,8,908
da02,1706843507380424,7.0530114,0.82886195,1.0697442,9,909
da02,1706843507480393,7.057611,0.83079249,1.0673668,10,910
da02,1706843507580442,7.0667744,0.83456296,1.0649364,11,911
da02,1706843507680431,7.0631051,0.82637703,1.0647997,9,912
da02,1706843507780425,7.0642443,0.81425965,1.0707258,9,913
da02,1706843507880479,7.0675535,0.81943029,1.0764552,9,914
da02,1706843507980462,7.06816,0.82189536,1.0668553,10,915
da02,1706843508080561,7.0650673,0.83030051,1.0740891,9,916
da02,1706843508180438,7.0805612,0.82644928,1.0694076,12,917
da02,1706843508280462,7.0751452,0.83299291,1.0742885,9,918
da02,1706843508380579,7.0769448,0.83016115,1.0739704,10,919
da02,1706843508482118,7.0751891,0.83099455,1.0729138,9,920
da02,1706843508580547,7.0693188,0.82255268,1.0932428,7,921
da02,1706843508680560,7.0508981,0.81982362,1.0855395,7,922
da02,1706843508780456,7.0537262,0.8227908,1.090811,8,923
da02,1706843508880534,7.0378504,0.8334139,1.0884272,8,924
da02,1706843508980524,7.0585427,0.83365685,1.0770209,12,925
da02,1706843509080453,7.0422807,0.8374961,1.075222,8,926
da02,1706843509180511,7.0621886,0.83966339,1.0730275,11,927
da02,1706843509280516,7.0649729,0.83294183,1.0653201,10,928
da02,1706843509380459,7.08354,0.83229154,1.0545782,13,929
da02,1706843509480554,7.0798569,0.82624239,1.0551863,9,930
da02,1706843509580757,7.0732131,0.82537168,1.0603005,9,931
da02,1706843509680427,7.0609732,0.82609034,1.0690503,7,932
da02,1706843509780474,7.0623808,0.83205014,1.0682266,10,933
da02,1706843509880492,7.0620217,0.8289938,1.0718874,9,934
da02,1706843509980851,7.0658278,0.83508086,1.0636362,10,935
da02,1706843510080534,7.0717788,0.83773,1.0661957,10,936
da02,1706843510180575,7.0625262,0.83730811,1.0670266,8,937
da02,1706843510280490,7.0639505,0.839004,1.0635985,10,938
da02,1706843510380495,7.0643334,0.83540052,1.0609144,10,939
da02,1706843510480615,7.0614567,0.83902037,1.0591908,9,940
da02,1706843510580490,7.065846,0.83762819,1.0688545,9,941
da02,1706843510680431,7.0677471,0.82911557,1.0690403,9,942
da02,1706843510780410,7.0603828,0.8233918,1.0653235,8,943
da02,1706843510880513,7.0635462,0.82519251,1.0647377,10,944
da02,1706843510980408,7.0617914,0.82164085,1.0612797,9,945
da02,1706843511080476,7.0561886,0.82417405,1.0588862,9,946
da02,1706843511180485,7.0600719,0.82162577,1.0650027,9,947
da02,1706843511280455,7.0587087,0.82491928,1.0659994,9,948
da02,1706843511380517,7.0681424,0.81853026,1.0689474,10,949
da02,1706843511480586,7.0728097,0.82043111,1.0738348,10,950
da02,1706843511580452,7.0800467,0.82940304,1.0727248,11,951
da02,1706843511680594,7.07268,0.82172245,1.0768179,8,952
da02,1706843511780582,7.0648003,0.82049024,1.0705167,9,953
da02,1706843511880505,7.0661364,0.82041067,1.0654664,10,954
da02,1706843511980532,7.067934,0.818472,1.0634221,10,955
da02,1706843512080501,7.068749,0.82635349,1.0637228,10,956
da02,1706843512180514,7.0793514,0.83168221,1.0600944,11,957
da02,1706843512280500,7.0725703,0.821948,1.0642585,8,958
da02,1706843512380444,7.0688033,0.82779235,1.0648361,9,959
da02,1706843512480532,7.0555148,0.82004076,1.0667758,7,960
da02,1706843512580460,7.046946,0.8217234,1.0714504,7,961
da02,1706843512680449,7.0558133,0.82058823,1.0714854,10,962
da02,1706843512780451,7.0704994,0.82212579,1.0665725,11,963
da02,1706843512880486,7.0685053,0.82122439,1.0641208,9,964
da02,1706843512980457,7.07112,0.8265627,1.0656947,10,965
da02,1706843513080578,7.0819306,0.82767791,1.0701394,11,966
da02,1706843513180540,7.0713835,0.8230902,1.0637615,9,967
da02,1706843513280468,7.0860066,0.82594943,1.0580156,12,968
da02,1706843513380565,7.0776625,0.83520591,1.0657418,9,969
da02,1706843513480490,7.0655594,0.82677525,1.0668858,8,970
da02,1706843513580434,7.0709066,0.82324278,1.0750016,9,971
da02,1706843513680561,7.074625,0.81768477,1.0638927,11,972
da02,1706843513780478,7.0753765,0.82096285,1.0596061,10,973
da02,1706843513880498,7.0783219,0.81779116,1.0616208,10,974
da02,1706843513980572,7.0687213,0.8133952,1.0604581,8,975
da02,1706843514080510,7.0729694,0.80909109,1.0677181,9,976
da02,1706843514180461,7.0665584,0.80946612,1.0754673,8,977
da02,1706843514280540,7.0663257,0.81100321,1.0691081,10,978
da02,1706843514380457,7.0818343,0.81382304,1.0712018,11,979
da02,1706843514480458,7.0887771,0.82148039,1.0718451,11,980
da02,1706843514580571,7.0875173,0.8233912,1.0739071,10,981
da02,1706843514680597,7.0722852,0.83297622,1.0652651,9,982
da02,1706843514780572,7.0579772,0.83185232,1.0619767,8,983
da02,1706843514880552,7.0613227,0.83298105,1.0691267,9,984
da02,1706843514980478,7.0588894,0.83304161,1.0704303,9,985
da02,1706843515080494,7.0775037,0.82476187,1.0701789,11,986
da02,1706843515180542,7.0833874,0.81956923,1.0683894,10,987
da02,1706843515281058,7.0863042,0.81264287,1.068997,10,988
da02,1706843515380522,7.0776758,0.81440455,1.0730469,8,989
da02,1706843515480594,7.0792122,0.81582767,1.0778774,9,990
da02,1706843515580797,7.0678697,0.83532542,1.0845433,8,991
da02,1706843515680484,7.0685258,0.82473558,1.0852262,9,992
da02,1706843515780516,7.073791,0.83115882,1.0751872,11,993
da02,1706843515880510,7.0744534,0.82580513,1.0690356,10,994
da02,1706843515980678,7.0630922,0.82312238,1.0666183,8,995
da02,1706843516080559,7.0653224,0.81634629,1.0693974,9,996
da02,1706843516180597,7.0501022,0.81968963,1.068452,8,997
da02,1706843516280586,7.0482478,0.81851906,1.0766739,8,998
da02,1706843516380533,7.0422854,0.81873435,1.0768012,8,999
da02,1706843516480586,7.0532937,0.82957053,1.0750874,10,1000
da02,1706843516580500,7.0513496,0.82975787,1.0699933,9,1001
da02,1706843516680533,7.0556235,0.82994992,1.0685216,9,1002
da02,1706843516780567,7.0688515,0.82733876,1.0553361,12,1003
da02,1706843516880541,7.0690289,0.83446324,1.0607786,9,1004
da02,1706843516980488,7.0577083,0.84075314,1.0681906,8,1005
da02,1706843517080588,7.0603366,0.83812523,1.0823721,8,1006
da02,1706843517180521,7.05774,0.83843023,1.0758879,9,1007
da02,1706843517280537,7.0507379,0.82128268,1.0796781,7,1008
da02,1706843517380620,7.0628905,0.81958085,1.0751631,11,1009
da02,1706843517480613,7.0601926,0.81514043,1.0724696,9,1010
da02,1706843517580563,7.0520163,0.81544816,1.0757409,7,1011
da02,1706843517680675,7.0527134,0.81574857,1.0840058,8,1012
da02,1706843517780554,7.0602918,0.80713278,1.0743704,10,1013
da02,1706843517880490,7.0700059,0.81118876,1.0756708,10,1014
da02,1706843517981113,7.056478,0.82523876,1.0703275,8,1015
da02,1706843518080571,7.0690455,0.82515895,1.0748342,10,1016
da02,1706843518180514,7.0731511,0.82355779,1.0726978,10,1017
da02,1706843518280500,7.0732141,0.81854635,1.0757049,9,1018
da02,1706843518380610,7.0856,0.81314635,1.0657337,12,1019
da02,1706843518480519,7.0809383,0.8167206,1.0677066,9,1020
da02,1706843518580550,7.0850439,0.82337278,1.0559695,11,1021
da02,1706843518680584,7.0873833,0.8255893,1.0628639,10,1022
da02,1706843518780484,7.082315,0.82383913,1.0610558,10,1023
da02,1706843518880500,7.0796218,0.82475722,1.0639148,9,1024
da02,1706843518980504,7.0862794,0.83493119,1.0619801,11,1025
da02,1706843519080508,7.0783925,0.83148021,1.0740471,8,1026
da02,1706843519180675,7.07116,0.84122103,1.0760524,9,1027
da02,1706843519280611,7.0800033,0.84163654,1.076799,11,1028
da02,1706843519380509,7.070682,0.83504629,1.0715483,9,1029
da02,1706843519480572,7.0673695,0.83873308,1.0706723,9,1030
da02,1706843519580556,7.0717854,0.84045196,1.0717475,10,1031
da02,1706843519680548,7.0638242,0.82921439,1.0790771,7,1032
da02,1706843519780598,7.0666342,0.82130659,1.0774096,9,1033
da02,1706843519880623,7.0639091,0.83100289,1.0785706,9,1034
da02,1706843519980512,7.0595655,0.83831972,1.072419,9,1035
da02,1706843520080540,7.0612559,0.82134306,1.0709416,9,1036
da02,1706843520180516,7.0610757,0.82770044,1.0723109,9,1037
da02,1706843520280522,7.0723529,0.83829695,1.0648699,12,1038
da02,1706843520380503,7.0766425,0.84123206,1.0712864,10,1039
da02,1706843520480532,7.0794935,0.84269184,1.0746769,10,1040
da02,1706843520580655,7.1005573,0.840343,1.0730745,13,1041
da02,1706843520680649,7.0936174,0.8412323,1.0754361,9,1042
da02,1706843520780504,7.0839467,0.8339783,1.0796167,8,1043
da02,1706843520880533,7.080492,0.82820648,1.0867318,8,1044
da02,1706843520980547,7.06965,0.81626886,1.0906273,7,1045
da02,1706843521080644,7.0650425,0.82612824,1.0845963,9,1046
da02,1706843521180624,7.0660024,0.8204962,1.0773519,9,1047
da02,1706843521280544,7.0750365,0.81821132,1.0868721,9,1048
da02,1706843521380491,7.069766,0.83243954,1.0819507,9,1049
da02,1706843521481270,7.0893936,0.82958704,1.0846584,12,1050
da02,1706843521580576,7.0849524,0.82797617,1.077475,10,1051
da02,1706843521680594,7.0831523,0.82647711,1.065313,10,1052
da02,1706843521780498,7.0779347,0.826663,1.0752749,8,1053
da02,1706843521880594,7.0712304,0.8350817,1.0696566,9,1054
da02,1706843521980576,7.0777516,0.83817595,1.0653367,11,1055
da02,1706843522080533,7.0772824,0.83885795,1.0717312,9,1056
da02,1706843522180694,7.0766006,0.83639008,1.0743808,9,1057
da02,1706843522280597,7.0727959,0.82551277,1.0743937,9,1058
da02,1706843522380499,7.0567875,0.8277868,1.064654,8,1059
da02,1706843522480600,7.0662441,0.82440692,1.0717242,10,1060
da02,1706843522580591,7.0676517,0.81966883,1.0588402,10,1061
da02,1706843522680542,7.0684981,0.82952315,1.0572363,10,1062
da02,1706843522780614,7.0544558,0.82540637,1.0714649,8,1063
da02,1706843522880614,7.0561929,0.81731862,1.0646586,9,1064
da02,1706843522980538,7.0699811,0.82151824,1.0634807,11,1065
da02,1706843523080616,7.0711427,0.82226592,1.0678318,9,1066
da02,1706843523180582,7.0604153,0.83270556,1.0773789,8,1067
da02,1706843523280496,7.0570073,0.836144,1.0818218,8,1068
da02,1706843523380624,7.0630312,0.82500756,1.0874574,9,1069
da02,1706843523480592,7.0766521,0.82578385,1.0847857,11,1070
da02,1706843523580512,7.0719142,0.82734895,1.0753539,9,1071
da02,1706843523680700,7.0733252,0.829331,1.0685608,10,1072
da02,1706843523780644,7.0588074,0.82683915,1.0675303,7,1073
da02,1706843523882145,7.0670266,0.82333785,1.0676425,10,1074
da02,1706843523980588,7.07214,0.81509638,1.0624999,10,1075
da02,1706843524080611,7.0641265,0.80794942,1.0714461,7,1076
da02,1706843524180532,7.0524793,0.79916728,1.0672927,7,1077
da02,1706843524280574,7.0576181,0.80705756,1.0624335,10,1078
da02,1706843524380595,7.0573416,0.80799,1.0671197,9,1079
da02,1706843524480540,7.050818,0.822423,1.0716699,8,1080
da02,1706843524580718,7.04937,0.83215165,1.0776205,8,1081
da02,1706843524680612,7.0521426,0.83692318,1.0776908,9,1082
da02,1706843524780560,7.0448647,0.82957685,1.0716646,8,1083
da02,1706843524880570,7.0592332,0.82731688,1.0681894,11,1084
da02,1706843524980596,7.0601993,0.81609738,1.0663409,9,1085
da02,1706843525080570,7.0672169,0.81935233,1.0732937,10,1086
da02,1706843525180712,7.067224,0.81689042,1.0719532,9,1087
da02,1706843525280647,7.0656047,0.81999952,1.0602679,10,1088
da02,1706843525380528,7.0659785,0.81961966,1.062891,9,1089
da02,1706843525480549,7.0453591,0.81831849,1.0651345,8,1090
da02,1706843525580568,7.0538421,0.81876326,1.0684328,9,1091
da02,1706843525680532,7.0575495,0.8171773,1.0734971,9,1092
da02,1706843525780659,7.051836,0.82301211,1.0728678,8,1093
da02,1706843525880564,7.0618253,0.8193689,1.0675235,10,1094
da02,1706843525980535,7.0703163,0.82444793,1.0733124,10,1095
da02,1706843526080662,7.0721445,0.82600176,1.0704502,10,1096
da02,1706843526180568,7.0597572,0.82811749,1.0683682,8,1097
da02,1706843526290823,7.060873,0.82309484,1.0658119,9,1098
da02,1706843526380643,7.0679612,0.83546364,1.0662783,10,1099
da02,1706843526480566,7.0615964,0.83372593,1.0723218,8,1100
da02,1706843526580650,7.0620351,0.84072858,1.0731306,9,1101
da02,1706843526680638,7.0732708,0.83572787,1.065258,11,1102
da02,1706843526780571,7.0671291,0.83249676,1.0643553,9,1103
da02,1706843526880639,7.0711756,0.83721638,1.0739311,9,1104
da02,1706843526980555,7.0693364,0.83559966,1.0641967,10,1105
da02,1706843527080544,7.0740461,0.83741188,1.0614163,10,1106
da02,1706843527180654,7.0740128,0.84307837,1.0768673,9,1107
da02,1706843527280973,7.0711164,0.83687603,1.0832154,8,1108
da02,1706843527380490,7.0679092,0.82547581,1.0861449,8,1109
da02,1706843527480599,7.0539284,0.82586986,1.0751935,8,1110
da02,1706843527580547,7.0520806,0.83233666,1.0615745,10,1111
da02,1706843527680515,7.0565958,0.829266,1.0625395,9,1112
da02,1706843527780711,7.0644865,0.83262831,1.0639567,10,1113
da02,1706843527880588,7.0731916,0.82923907,1.0599551,11,1114
da02,1706843527980628,7.0676746,0.81372756,1.0610744,8,1115
da02,1706843528080640,7.0724006,0.82132214,1.0655985,10,1116
da02,1706843528180608,7.0811334,0.81438375,1.0650494,11,1117
da02,1706843528280551,7.091238,0.82790327,1.0672618,11,1118
da02,1706843528380656,7.0924668,0.82525593,1.0713036,10,1119
da02,1706843528480551,7.0852561,0.82988292,1.0746782,9,1120
da02,1706843528580544,7.07225,0.83176935,1.0761456,8,1121
da02,1706843528680664,7.0689931,0.83137667,1.0812998,8,1122
da02,1706843528780554,7.0551639,0.82981658,1.0840096,8,1123
da02,1706843528880571,7.0515223,0.83429432,1.0936875,8,1124
da02,1706843528980653,7.0424914,0.82831621,1.0856678,7,1125
da02,1706843529080590,7.0374708,0.83312011,1.0923301,8,1126
da02,1706843529180597,7.0397091,0.84209442,1.0872933,9,1127
da02,1706843529280651,7.0327058,0.84389007,1.081669,8,1128
da02,1706843529380599,7.0279813,0.83698505,1.0797602,7,1129
da02,1706843529480564,7.0384808,0.83506143,1.069334,10,1130
da02,1706843529580606,7.059557,0.82438356,1.0643662,11,1131
da02,1706843529680705,7.0703063,0.82005495,1.061662,11,1132
da02,1706843529780578,7.048367,0.82886076,1.0560491,8,1133
da02,1706843529880604,7.0556946,0.82816488,1.0609279,10,1134
da02,1706843529980601,7.0577717,0.82649738,1.0612898,9,1135
da02,1706843530080584,7.0583658,0.83710897,1.070763,9,1136
da02,1706843530180611,7.0544548,0.83159971,1.0746046,8,1137
da02,1706843530280589,7.0637441,0.82802993,1.073302,10,1138
da02,1706843530380577,7.0585294,0.84359449,1.0648516,10,1139
da02,1706843530480588,7.0614867,0.83434242,1.0639399,9,1140
da02,1706843530580596,7.071157,0.84018183,1.0680453,10,1141
da02,1706843530680581,7.0788679,0.8409006,1.0634971,11,1142
da02,1706843530780579,7.074645,0.84308237,1.0719525,9,1143
da02,1706843530880597,7.0692492,0.84020114,1.081207,8,1144
da02,1706843530980586,7.0701408,0.84119087,1.0739535,10,1145
da02,1706843531080569,7.0647821,0.83656615,1.0746683,8,1146
da02,1706843531180746,7.0719123,0.82799864,1.0771222,10,1147
da02,1706843531280730,7.0668678,0.82706535,1.0757049,9,1148
da02,1706843531380642,7.061563,0.82556021,1.081126,8,1149
da02,1706843531480708,7.0666676,0.83017945,1.080914,10,1150
da02,1706843531580726,7.0652061,0.82988584,1.0745424,9,1151
da02,1706843531680629,7.06833,0.82896018,1.0710138,10,1152
da02,1706843531780732,7.0760484,0.82758135,1.0693741,11,1153
da02,1706843531880737,7.0825357,0.82913494,1.075114,10,1154
da02,1706843531980616,7.0958347,0.83575094,1.0653809,13,1155
da02,1706843532080897,7.0824289,0.83847266,1.0655075,9,1156
da02,1706843532180700,7.0724835,0.83374327,1.071021,8,1157
da02,1706843532280691,7.0705881,0.84040064,1.0694013,10,1158
da02,1706843532380660,7.0759387,0.82787579,1.0710796,10,1159
da02,1706843532480608,7.0660653,0.82725406,1.0786197,7,1160
da02,1706843532580610,7.0651793,0.82507062,1.0731562,9,1161
da02,1706843532680691,7.0572677,0.82262278,1.0656242,9,1162
da02,1706843532780685,7.0589471,0.82231522,1.0685993,9,1163
da02,1706843532880603,7.0556335,0.82098866,1.0602813,9,1164
da02,1706843532981250,7.0614657,0.82638586,1.0628152,10,1165
da02,1706843533080694,7.0520711,0.83142167,1.0609802,8,1166
da02,1706843533180633,7.054327,0.82288957,1.0760698,8,1167
da02,1706843533280648,7.05475,0.82775939,1.072282,9,1168
da02,1706843533380629,7.0476069,0.82085115,1.0655677,8,1169
da02,1706843533480610,7.0527625,0.8266257,1.0662936,9,1170
da02,1706843533580706,7.06195,0.83365387,1.0651391,10,1171
da02,1706843533680650,7.0621548,0.81971347,1.0826466,7,1172
da02,1706843533780618,7.0736585,0.82518804,1.0752337,11,1173
da02,1706843533880702,7.0750961,0.82284611,1.0680958,10,1174
da02,1706843533980625,7.0721087,0.80933994,1.0765916,8,1175
da02,1706843534080606,7.0785141,0.81212181,1.0721515,11,1176
da02,1706843534180706,7.0801673,0.81940746,1.0687034,10,1177
da02,1706843534280676,7.0640011,0.8160004,1.0703744,7,1178
da02,1706843534380591,7.0738554,0.82006627,1.0807124,10,1179
da02,1706843534481126,7.0890985,0.81691855,1.075879,12,1180
da02,1706843534580656,7.0828285,0.81689757,1.0797254,9,1181
da02,1706843534680609,7.0715308,0.82431585,1.0765624,8,1182
da02,1706843534780647,7.068656,0.81230879,1.0811762,8,1183
da02,1706843534880666,7.0686531,0.81347591,1.0796211,9,1184
da02,1706843534980619,7.0747523,0.81632721,1.0750489,10,1185
da02,1706843535080610,7.0746331,0.82169431,1.0852067,9,1186
da02,1706843535180670,7.0753822,0.82393652,1.0793709,10,1187
da02,1706843535280648,7.0649853,0.81836623,1.0730212,8,1188
da02,1706843535380670,7.0670528,0.81689656,1.076654,9,1189
da02,1706843535480674,7.0684762,0.82479393,1.0746942,10,1190
da02,1706843535580636,7.0736814,0.83562464,1.0725616,10,1191
da02,1706843535680704,7.0704794,0.83279467,1.0754981,9,1192
da02,1706843535780669,7.068995,0.84525603,1.0746566,10,1193
da02,1706843535880600,7.0677471,0.83931571,1.0715864,9,1194
da02,1706843535980656,7.0637803,0.83331072,1.0708399,9,1195
da02,1706843536080624,7.0584421,0.83328664,1.0685072,9,1196
da02,1706843536180687,7.0627785,0.83748162,1.0672565,10,1197
da02,1706843536280624,7.06732,0.83166093,1.0669361,10,1198
da02,1706843536380662,7.0686946,0.83475018,1.0670378,10,1199
da02,1706843536480639,7.0666361,0.83887208,1.0697539,9,1200
da02,1706843536580672,7.0671959,0.82663381,1.0803138,8,1201
da02,1706843536680642,7.0806336,0.82293582,1.0729287,11,1202
da02,1706843536780659,7.0891027,0.82504022,1.0642462,12,1203
da02,1706843536880766,7.0865498,0.83054155,1.0661565,10,1204
da02,1706843536980679,7.0847564,0.82567251,1.0722743,9,1205
da02,1706843537080680,7.086401,0.82692355,1.0764171,10,1206
da02,1706843537180787,7.0885229,0.82154882,1.0722855,10,1207
da02,1706843537281220,7.0900965,0.81864083,1.0695361,10,1208
da02,1706843537380713,7.0801687,0.81708968,1.0641202,9,1209
da02,1706843537480661,7.0786104,0.83013576,1.068215,10,1210
da02,1706843537580704,7.078948,0.84064358,1.0762457,9,1211
da02,1706843537680690,7.084271,0.843793,1.076901,10,1212
da02,1706843537780726,7.0754094,0.83633405,1.068598,9,1213
da02,1706843537880954,7.0742979,0.84306222,1.0725248,9,1214
da02,1706843537980698,7.0780783,0.84718364,1.062619,11,1215
da02,1706843538080699,7.0785627,0.85353827,1.0606382,10,1216
da02,1706843538180694,7.0668077,0.85209328,1.0691204,8,1217
da02,1706843538280626,7.0597796,0.85810125,1.0761093,8,1218
da02,1706843538380702,7.2345295,0.67819494,1.393278,73,1219
da02,1706843538480672,7.1815543,0.71722877,1.3142921,8,1220
da02,1706843538580639,7.157887,0.7433356,1.2574825,10,1221
da02,1706843538680894,7.1134896,0.76512808,1.2253842,8,1222
da02,1706843538780689,7.0985103,0.7750482,1.1865321,9,1223
da02,1706843538880663,7.1024861,0.79021013,1.1535747,11,1224
da02,1706843538980686,7.0894613,0.79576665,1.1271492,9,1225
da02,1706843539080660,7.0723157,0.80910707,1.1185703,8,1226
da02,1706843539180662,7.0742421,0.79834563,1.1119176,9,1227
da02,1706843539282310,7.058763,0.80208248,1.1010467,7,1228
da02,1706843539380704,7.0520625,0.80468225,1.0813732,9,1229
da02,1706843539480659,7.0580621,0.81152606,1.0792331,10,1230
da02,1706843539580697,7.0606747,0.81518871,1.0713115,10,1231
da02,1706843539680668,7.0610781,0.81941962,1.0649635,10,1232
da02,1706843539780648,7.0530858,0.81611949,1.05908,8,1233
da02,1706843539880687,7.0449028,0.82986176,1.0848062,9,1234
da02,1706843539980716,7.0498638,0.81536335,1.082953,9,1235
da02,1706843540080661,7.0533943,0.81687063,1.0815958,9,1236
da02,1706843540180874,7.0396066,0.82264972,1.0814128,8,1237
da02,1706843540280704,7.0511332,0.81716692,1.0800029,10,1238
da02,1706843540380687,7.0606022,0.83435327,1.0780703,10,1239
da02,1706843540480647,7.0645576,0.82817525,1.0749726,10,1240
da02,1706843540580688,7.0823464,0.83269966,1.0758568,12,1241
da02,1706843540680640,7.0838456,0.83068556,1.0800679,10,1242
da02,1706843540780688,7.0912,0.82442093,1.0777297,11,1243
da02,1706843540880698,7.1059113,0.8232283,1.0750105,12,1244
da02,1706843540980678,7.0751948,0.82883257,1.0805939,8,1245
da02,1706843541080651,7.0699782,0.83479416,1.0791634,9,1246
da02,1706843541180673,7.0607328,0.83883858,1.0768096,8,1247
da02,1706843541280648,7.0561209,0.83961064,1.0813214,8,1248
da02,1706843541380662,7.0505028,0.8323701,1.0751809,8,1249
da02,1706843541480654,7.0588064,0.83273453,1.0692034,10,1250
da02,1706843541580672,7.0508761,0.83430314,1.0674933,8,1251
da02,1706843541681117,7.05376,0.83142942,1.0727459,9,1252
da02,1706843541780721,7.0628614,0.82718295,1.0667323,10,1253
da02,1706843541880674,7.0709949,0.83820933,1.0639532,11,1254
da02,1706843541980722,7.0596418,0.83872229,1.0701232,8,1255
da02,1706843542080693,7.0680027,0.83298033,1.074774,10,1256
da02,1706843542180668,7.0607781,0.83608055,1.066304,9,1257
da02,1706843542280654,7.0680346,0.83627528,1.063682,10,1258
da02,1706843542380712,7.0688834,0.83291763,1.076916,8,1259
da02,1706843542480683,7.0685558,0.82142591,1.0767156,9,1260
da02,1706843542580756,7.0677872,0.82218665,1.0745356,9,1261
da02,1706843542680745,7.0698552,0.82465434,1.0741048,10,1262
da02,1706843542780722,7.0857463,0.81734771,1.0725894,11,1263
da02,1706843542880826,7.0738683,0.81566197,1.0721225,8,1264
da02,1706843542980743,7.0649052,0.81776237,1.0728403,8,1265
da02,1706843543080688,7.0646157,0.82212991,1.0637361,10,1266
da02,1706843543181051,7.06711,0.8239,1.0608133,10,1267
da02,1706843543280766,7.0698481,0.817697,1.0661603,9,1268
da02,1706843543380733,7.069994,0.81379551,1.0645735,9,1269
da02,1706843543480765,7.0565529,0.82376057,1.0685035,8,1270
da02,1706843543580688,7.0594592,0.8242622,1.0860555,8,1271
da02,1706843543680662,7.0612597,0.8295998,1.0768241,10,1272
da02,1706843543780728,7.0644054,0.83833122,1.0888072,9,1273
da02,1706843543880707,7.0559359,0.83217043,1.078705,8,1274
da02,1706843543980674,7.0453591,0.82938588,1.0703011,8,1275
da02,1706843544080700,7.0439086,0.82770658,1.0687259,8,1276
da02,1706843544180757,7.0546379,0.82848012,1.0664588,10,1277
da02,1706843544280700,7.0569592,0.82788718,1.0620128,10,1278
da02,1706843544380768,7.05296,0.82841855,1.0680751,8,1279
da02,1706843544480710,7.0710597,0.826512,1.067964,11,1280
da02,1706843544580731,7.0768981,0.82915264,1.0608828,11,1281
da02,1706843544682089,7.0782609,0.82164353,1.0773045,8,1282
da02,1706843544780770,7.0556512,0.82321745,1.0766969,8,1283
da02,1706843544880693,7.074121,0.82820016,1.0797642,11,1284
da02,1706843544980710,7.0623665,0.8298229,1.0712569,8,1285
da02,1706843545080656,7.07582,0.82755387,1.0670968,11,1286
da02,1706843545180732,7.0711064,0.8397333,1.0772295,8,1287
da02,1706843545280662,7.0772119,0.84535432,1.0748639,11,1288
da02,1706843545380750,7.078567,0.83494449,1.0729901,10,1289
da02,1706843545480729,7.199934,0.83735406,1.0572006,67,1290
da02,1706843545580724,7.1674237,0.83636367,1.0641295,9,1291
da02,1706843545680670,7.151206,0.8256278,1.0717567,10,1292
da02,1706843545780766,7.1290536,0.82272863,1.067656,9,1293
da02,1706843545880703,7.11887,0.82552075,1.063287,10,1294
da02,1706843545980736,7.1100783,0.82756567,1.0640638,10,1295
da02,1706843546080694,7.095418,0.83124954,1.0635668,9,1296
da02,1706843546183998,7.08907,0.82615668,1.0784979,8,1297
da02,1706843546280747,7.0855055,0.82355541,1.0708208,10,1298
da02,1706843546380744,7.0767841,0.81737411,1.0678188,9,1299
da02,1706843546480678,7.0816593,0.81398392,1.0744412,10,1300
da02,1706843546580723,7.0794311,0.82260948,1.0730346,10,1301
da02,1706843546680683,7.0642762,0.81427604,1.0746725,7,1302
da02,1706843546780710,7.0765958,0.80761719,1.0723031,11,1303
da02,1706843546880694,7.0795851,0.8096509,1.0728996,10,1304
da02,1706843546980711,7.0825014,0.81716484,1.0738257,10,1305
da02,1706843547080690,7.0879121,0.80973548,1.0797367,10,1306
da02,1706843547180724,7.0890703,0.82134664,1.0776904,10,1307
da02,1706843547280774,7.0933127,0.835759,1.0696578,12,1308
da02,1706843547380759,7.0852084,0.83291948,1.0695281,9,1309
da02,1706843547480840,7.0638733,0.82994163,1.0605565,8,1310
da02,1706843547581007,7.0682392,0.81924516,1.0636026,9,1311
da02,1706843547684666,7.0686026,0.82386583,1.0769091,8,1312
da02,1706843547780907,7.0715971,0.82704937,1.0759691,10,1313
da02,1706843547880932,7.0799255,0.83368313,1.0688587,11,1314
da02,1706843547980926,7.0828471,0.82959247,1.0689926,10,1315
da02,1706843548081425,7.0869584,0.82579279,1.070924,10,1316
da02,1706843548180936,7.0647254,0.83269268,1.0745231,8,1317
da02,1706843548281444,7.0595331,0.83247977,1.0685248,9,1318
da02,1706843548381075,7.0597825,0.83608693,1.0667025,9,1319
da02,1706843548480942,7.0583472,0.84469295,1.0702513,9,1320
da02,1706843548580906,7.0593367,0.8415122,1.0679518,9,1321
da02,1706843548680904,7.0708427,0.83549732,1.0712826,10,1322
da02,1706843548780934,7.0672832,0.82821846,1.0696183,9,1323
da02,1706843548880946,7.0593982,0.83869076,1.0774456,8,1324
da02,1706843548980966,7.0525036,0.83546519,1.0685035,9,1325
da02,1706843549080934,7.0518513,0.83751839,1.0696473,9,1326
da02,1706843549180954,7.0527635,0.84646982,1.0777075,9,1327
da02,1706843549280948,7.0593519,0.84329206,1.0713735,10,1328
da02,1706843549380880,7.0724049,0.8376382,1.0674442,11,1329
da02,1706843549480873,7.0725374,0.83707112,1.0591301,10,1330
da02,1706843549580892,7.0639577,0.83048218,1.0582402,8,1331
da02,1706843549680913,7.0496321,0.81979758,1.0579708,7,1332
da02,1706843549780884,7.0604868,0.82106847,1.0588113,10,1333
da02,1706843549880872,7.0664115,0.81521785,1.0654311,9,1334
da02,1706843549980873,7.0665655,0.81715423,1.0671204,9,1335
da02,1706843550080885,7.0632744,0.81629306,1.0723308,8,1336
da02,1706843550180914,7.0558314,0.81712735,1.0691439,8,1337
da02,1706843550280882,7.0543275,0.82485205,1.0743023,8,1338
da02,1706843550380892,7.0559263,0.82704824,1.0661608,10,1339
da02,1706843550480883,7.0539031,0.83836561,1.0614823,9,1340
da02,1706843550580884,7.0671544,0.83511394,1.0531135,12,1341
da02,1706843550680924,7.0886726,0.831664,1.0514942,13,1342
da02,1706843550780934,7.0857306,0.84139937,1.065037,9,1343
da02,1706843550880866,7.0788174,0.83339167,1.0663329,9,1344
da02,1706843550980880,7.0743856,0.82775754,1.069755,9,1345
da02,1706843551080900,7.0628619,0.8125326,1.0699093,7,1346
da02,1706843551180922,7.0575619,0.80566245,1.0742598,8,1347
da02,1706843551280914,7.0636997,0.80962324,1.0853318,9,1348
da02,1706843551380937,7.0729818,0.81044251,1.0842302,10,1349
da02,1706843551480930,7.0718479,0.81546342,1.0791993,9,1350
da02,1706843551580885,7.0648746,0.81955785,1.072032,9,1351
da02,1706843551680894,7.0623288,0.82224894,1.0709093,9,1352
da02,1706843551780904,7.0589223,0.82133853,1.0606799,9,1353
da02,1706843551880879,7.0494065,0.82831806,1.0649025,8,1354
da02,1706843551980892,7.0541153,0.82992452,1.0764626,8,1355
da02,1706843552080893,7.0627351,0.826404,1.0722418,10,1356
da02,1706843552180885,7.0559711,0.81423038,1.0632483,9,1357
da02,1706843552280914,7.0487266,0.81832176,1.0509486,9,1358
da02,1706843552380904,7.0572395,0.8366912,1.0558947,10,1359
da02,1706843552480904,7.0516062,0.83761704,1.0634718,8,1360
da02,1706843552580941,7.0412555,0.83979517,1.0623915,8,1361
da02,1706843552680919,7.0551095,0.8505525,1.0704938,10,1362
da02,1706843552780953,7.0591736,0.84713942,1.0603716,10,1363
da02,1706843552880948,7.0537534,0.84923059,1.0627884,8,1364
da02,1706843552980907,7.06852,0.84619433,1.0634907,11,1365
da02,1706843553080891,7.0692754,0.84152359,1.0657411,9,1366
da02,1706843553181406,7.0682726,0.8406179,1.0673894,9,1367
da02,1706843553280911,7.0730014,0.83255589,1.0636861,10,1368
da02,1706843553380931,7.0611105,0.83671564,1.0706652,8,1369
da02,1706843553480928,7.0755782,0.83644992,1.0701896,11,1370
da02,1706843553580926,7.0810432,0.83693296,1.0687869,11,1371
da02,1706843553680927,7.0650082,0.8310135,1.07219,7,1372
da02,1706843553780929,7.0741067,0.81863177,1.0681869,10,1373
da02,1706843553886534,7.0756965,0.8242169,1.0735879,9,1374
da02,1706843553980938,7.0821276,0.83666474,1.0778482,10,1375
da02,1706843554080912,7.0863137,0.83898449,1.0725291,11,1376
da02,1706843554180986,7.089138,0.83431423,1.0766639,10,1377
da02,1706843554280944,7.0838747,0.83895642,1.0753543,9,1378
da02,1706843554380960,7.06603,0.82919896,1.0687841,8,1379
da02,1706843554480943,7.056294,0.83165151,1.067179,8,1380
da02,1706843554580922,7.0590811,0.82159132,1.0735396,9,1381
da02,1706843554682501,7.0635157,0.81183928,1.073278,9,1382
da02,1706843554780954,7.0625796,0.80864888,1.0653131,9,1383
da02,1706843554880924,7.0714931,0.80382919,1.0500171,11,1384
da02,1706843554980925,7.0702958,0.81306374,1.0608107,9,1385
da02,1706843555080899,7.0633421,0.8157776,1.07548,7,1386
da02,1706843555180927,7.0789337,0.81028235,1.0751833,11,1387
da02,1706843555280956,7.087389,0.81695884,1.0765678,11,1388
da02,1706843555380926,7.0872045,0.82262856,1.0768511,10,1389
da02,1706843555480912,7.0936909,0.82179165,1.0688379,11,1390
da02,1706843555580919,7.078095,0.82955831,1.0604271,9,1391
da02,1706843555680923,7.0859737,0.82876629,1.0736696,10,1392
da02,1706843555780915,7.0727363,0.83324039,1.06852,9,1393
da02,1706843555880938,7.0687604,0.82199651,1.0737269,8,1394
da02,1706843555980944,7.0691419,0.81926703,1.0709466,9,1395
da02,1706843556080922,7.0683708,0.80929476,1.0780677,8,1396
da02,1706843556180932,7.072669,0.81056464,1.0709955,10,1397
da02,1706843556280927,7.0654936,0.81579608,1.0772724,8,1398
da02,1706843556380931,7.061811,0.83038378,1.0646925,10,1399
da02,1706843556480938,7.0695572,0.83120227,1.0721469,10,1400
da02,1706843556580930,7.0710664,0.8369537,1.0817668,9,1401
da02,1706843556680926,7.0732036,0.82827234,1.0757203,10,1402
da02,1706843556780996,7.0529,0.8336904,1.0962375,9,1403
da02,1706843556881003,7.0674882,0.83150303,1.0977879,10,1404
da02,1706843556980946,7.0754066,0.83063745,1.0860381,11,1405
da02,1706843557080937,7.06803,0.824917,1.0802193,9,1406
da02,1706843557180947,7.0663304,0.81923556,1.0681423,10,1407
da02,1706843557280938,7.06222,0.82531691,1.0731798,8,1408
da02,1706843557380910,7.0446639,0.83263493,1.0831574,8,1409
da02,1706843557480944,7.044054,0.83610183,1.0826432,8,1410
da02,1706843557580940,7.0475712,0.82827681,1.0829734,8,1411
da02,1706843557680942,7.05203,0.8284449,1.0795883,9,1412
da02,1706843557780940,7.0547161,0.82142788,1.080043,9,1413
da02,1706843557880949,7.0540252,0.81877261,1.0768292,9,1414
da02,1706843557980987,7.0561657,0.81756085,1.0752424,9,1415
da02,1706843558080985,7.049839,0.81202352,1.0785043,7,1416
da02,1706843558181489,7.0649734,0.80894887,1.0699979,11,1417
da02,1706843558281002,7.0754938,0.81080604,1.0587996,12,1418
da02,1706843558380965,7.0785513,0.82547456,1.0633895,10,1419
da02,1706843558480941,7.0723186,0.81916636,1.0684737,8,1420
da02,1706843558580957,7.0845213,0.81511539,1.0596008,12,1421
da02,1706843558680934,7.0777664,0.8226679,1.061343,9,1422
da02,1706843558780947,7.0742488,0.82682484,1.0668392,9,1423
da02,1706843558880952,7.0816407,0.82372004,1.072821,10,1424
da02,1706843558980975,7.080286,0.823593,1.0683179,10,1425
da02,1706843559080969,7.0710669,0.83451825,1.07444,8,1426
da02,1706843559180976,7.0793996,0.82050294,1.0757422,10,1427
da02,1706843559281464,7.080512,0.82156295,1.0726857,10,1428
da02,1706843559380975,7.0769796,0.82744139,1.0896354,8,1429
da02,1706843559481015,7.0725894,0.82593775,1.0831063,9,1430
da02,1706843559580982,7.0760889,0.82820749,1.088981,9,1431
da02,1706843559680953,7.0599308,0.83789778,1.0882522,8,1432
da02,1706843559780980,7.0574379,0.83819652,1.0878934,8,1433
da02,1706843559880954,7.0579123,0.83515739,1.078373,9,1434
da02,1706843559980968,7.0629144,0.82954919,1.0728235,10,1435
da02,1706843560081000,7.0548267,0.82555163,1.0705048,8,1436
da02,1706843560180988,7.0631418,0.83095956,1.0702981,10,1437
da02,1706843560281012,7.068449,0.82156932,1.0623928,10,1438
da02,1706843560381010,7.067977,0.82633811,1.0777153,8,1439
da02,1706843560481013,7.0616903,0.821263,1.0829078,8,0
da02,1706843560580970,7.0504389,0.82260156,1.0876727,8,1
da02,1706843560680978,7.0395784,0.8314873,1.0830084,8,2
da02,1706843560780982,7.0514812,0.825708,1.0754004,10,3
da02,1706843560880974,7.0478854,0.81552726,1.0786778,7,4
da02,1706843560980978,7.058826,0.81600058,1.0725821,10,5
da02,1706843561080977,7.0745382,0.82461095,1.0789911,11,6
da02,1706843561180975,7.0762987,0.83622843,1.0739638,10,7
da02,1706843561280997,7.0696721,0.83689642,1.0886261,8,8
da02,1706843561380981,7.0660243,0.82848251,1.0888013,8,9
da02,1706843561480968,7.062541,0.82184309,1.07892,9,10
da02,1706843561580984,7.0640483,0.82174742,1.0782858,9,11
da02,1706843561680969,7.0603228,0.812968,1.0864849,7,12
da02,1706843561780996,7.0623355,0.81847692,1.0812519,9,13
da02,1706843561880992,7.0696139,0.81479162,1.0923749,9,14
da02,1706843561980994,7.0691953,0.82654494,1.0878853,9,15
da02,1706843562080986,7.0555363,0.83589554,1.0895191,8,16
da02,1706843562181024,7.0617433,0.83942288,1.0865297,10,17
da02,1706843562281038,7.0546145,0.83889842,1.0888443,8,18
da02,1706843562381022,7.0533657,0.8435238,1.078418,9,19
da02,1706843562480996,7.0560393,0.83687019,1.0778376,9,20
da02,1706843562580980,7.0587316,0.8367514,1.0775098,9,21
da02,1706843562681002,7.0766854,0.82265455,1.0754279,11,22
da02,1706843562781005,7.0753918,0.82397354,1.06336,10,23
da02,1706843562880977,7.0754766,0.83043808,1.0709912,9,24
da02,1706843562980988,7.0684767,0.82332534,1.0620792,9,25
da02,1706843563081012,7.0769477,0.82148385,1.0644193,10,26
da02,1706843563181477,7.0657048,0.82134318,1.0697579,8,27
da02,1706843563280981,7.0664797,0.81806082,1.0627987,10,28
da02,1706843563381001,7.0746555,0.81600153,1.0734916,10,29
da02,1706843563480994,7.0810614,0.82534242,1.0710467,11,30
da02,1706843563580987,7.0598559,0.83393925,1.066313,8,31
da02,1706843563681028,7.0570874,0.82772338,1.07927,7,32
da02,1706843563781008,7.0515804,0.82532132,1.075394,8,33
da02,1706843563880985,7.05926,0.82555395,1.0713757,10,34
da02,1706843563981002,7.047472,0.82585347,1.0717119,7,35
da02,1706843564080996,7.0484376,0.83112323,1.0658773,9,36
da02,1706843564181072,7.0522904,0.83099031,1.061934,10,37
da02,1706843564281104,7.057929,0.8260076,1.0656018,9,38
da02,1706843564381020,7.0617056,0.82718778,1.0611653,10,39
da02,1706843564481036,7.0633674,0.82911384,1.0660541,9,40
da02,1706843564581469,7.0463986,0.82699,1.0658574,8,41
da02,1706843564681079,7.0516281,0.82149553,1.0660256,9,42
da02,1706843564781490,7.053782,0.83231258,1.0663155,9,43
da02,1706843564881308,7.0715837,0.83616978,1.0650403,12,44
da02,1706843564981064,7.0573559,0.84092009,1.0678096,8,45
da02,1706843565081010,7.05797,0.85351312,1.0737704,9,46
da02,1706843565180992,7.0530338,0.86591017,1.0742908,9,47
da02,1706843565281022,7.0641947,0.85570079,1.0670103,11,48
da02,1706843565381024,7.0604496,0.8396098,1.0632269,9,49
da02,1706843565481030,7.0672908,0.84600115,1.0625371,10,50
da02,1706843565581008,7.0687575,0.839883,1.0657157,9,51
da02,1706843565681012,7.0755043,0.84211987,1.065114,11,52
da02,1706843565781042,7.0786576,0.84224147,1.0696779,10,53
da02,1706843565881022,7.078176,0.82961756,1.0635258,10,54
da02,1706843565981004,7.0715661,0.82827955,1.0655075,9,55
da02,1706843566081059,7.0784125,0.83161515,1.0591345,11,56
da02,1706843566181012,7.0706949,0.82299209,1.0679702,8,57
da02,1706843566281063,7.0697627,0.82413363,1.0655974,10,58
da02,1706843566381056,7.0698681,0.82196963,1.0689863,9,59
da02,1706843566481066,7.06017,0.81195426,1.0727779,7,60
da02,1706843566581042,7.0644383,0.82218975,1.0756744,10,61
da02,1706843566681067,7.0627227,0.82685578,1.0730317,9,62
da02,1706843566781017,7.0797963,0.83395028,1.0716134,12,63
da02,1706843566881030,7.0805826,0.81961972,1.0760407,9,64
da02,1706843566981009,7.0712495,0.83277732,1.0691839,9,65
da02,1706843567081024,7.0634589,0.82121015,1.0764592,7,66
da02,1706843567181024,7.072413,0.82064807,1.0731025,11,67
da02,1706843567281066,7.05894,0.81730181,1.0761187,7,68
da02,1706843567381030,7.0666924,0.81998694,1.0665528,11,69
da02,1706843567481010,7.0640564,0.82328743,1.0720074,9,70
da02,1706843567581027,7.0677671,0.82926112,1.0681884,10,71
da02,1706843567681038,7.065146,0.83659238,1.0727018,9,72
da02,1706843567781047,7.0678382,0.83769506,1.0734584,10,73
da02,1706843567881065,7.068428,0.83222693,1.0635494,10,74
da02,1706843567981036,7.0700145,0.82805669,1.0671678,9,75
da02,1706843568081053,7.090405,0.81883866,1.0773371,11,76
da02,1706843568181555,7.0773888,0.81449938,1.082571,7,77
da02,1706843568281049,7.0844359,0.81187314,1.0811878,10,78
da02,1706843568381052,7.0786867,0.83028013,1.0806427,9,79
da02,1706843568481081,7.079608,0.8281523,1.0749558,10,80
da02,1706843568581022,7.0715504,0.823799,1.073306,8,81
da02,1706843568681079,7.0745425,0.826216,1.0829626,9,82
da02,1706843568781131,7.0529108,0.82437557,1.0840346,8,83
da02,1706843568881098,7.05449,0.825952,1.0720571,10,84
da02,1706843568981073,7.0595884,0.82227874,1.06564,10,85
da02,1706843569081107,7.0776081,0.81930834,1.0662297,12,86
da02,1706843569181048,7.0750928,0.81238341,1.0614976,10,87
da02,1706843569281048,7.0750308,0.81205243,1.0652745,9,88
da02,1706843569381040,7.0676308,0.8176564,1.074397,8,89
da02,1706843569481055,7.0666752,0.8196764,1.0831386,8,90
da02,1706843569581040,7.0701408,0.8238833,1.084434,9,91
da02,1706843569681066,7.0761285,0.83158112,1.0822626,10,92
da02,1706843569781045,7.0761557,0.82831889,1.0826092,9,93
da02,1706843569881074,7.0589738,0.82798564,1.0728498,8,94
da02,1706843569981067,7.054471,0.82851917,1.0724021,8,95
da02,1706843570082663,7.0584078,0.82531011,1.066528,10,96
da02,1706843570181098,7.05101,0.8250311,1.0616577,8,97
da02,1706843570281610,7.0657444,0.822021,1.0697206,10,98
da02,1706843570381054,7.04681,0.83617675,1.0737582,9,99
da02,1706843570481102,7.051096,0.83132869,1.0819342,8,100
da02,1706843570581053,7.0569105,0.83295941,1.0865626,9,101
da02,1706843570681082,7.0570946,0.8338145,1.0808337,9,102
da02,1706843570780993,7.062192,0.83526456,1.0768156,10,103
da02,1706843570881068,7.0545115,0.83950371,1.0816277,8,104
da02,1706843570981046,7.0690866,0.83662182,1.0844584,10,105
da02,1706843571081066,7.0663128,0.83098966,1.0736911,9,106
da02,1706843571181054,7.0530772,0.83402818,1.0759534,8,107
da02,1706843571281027,7.0532746,0.82224554,1.0693051,9,108
da02,1706843571381017,7.0699749,0.83078063,1.0758553,11,109
da02,1706843571481088,7.0683007,0.83963382,1.076158,9,110
da02,1706843571580998,7.0808444,0.84644759,1.0769035,11,111
da02,1706843571680979,7.0724196,0.84086126,1.0796312,8,112
da02,1706843571781022,7.0653148,0.83625615,1.0906457,7,113
da02,1706843571880986,7.0568714,0.83913171,1.0916259,8,114
da02,1706843571980978,7.0625124,0.83213079,1.0875908,9,115
da02,1706843572081011,7.0599456,0.822303,1.0810997,9,116
da02,1706843572180998,7.0487127,0.82484281,1.09329,8,117
da02,1706843572280981,7.0438776,0.81677783,1.0830712,8,118
da02,1706843572380972,7.0424304,0.81747848,1.0806937,8,119
da02,1706843572480988,7.0580711,0.82420456,1.0792291,11,120
da02,1706843572580962,7.0645609,0.82095253,1.0780156,10,121
da02,1706843572681020,7.0530262,0.83858818,1.0688344,9,122
da02,1706843572780959,7.0457549,0.84045148,1.0807527,8,123
da02,1706843572881014,7.0459676,0.84428978,1.0736842,9,124
da02,1706843572981004,7.0580759,0.84127706,1.0761501,10,125
da02,1706843573081058,7.057445,0.82507253,1.0660644,9,126
da02,1706843573181556,7.0536003,0.83269721,1.066761,9,127
da02,1706843573281071,7.0412316,0.83750939,1.0721271,8,128
da02,1706843573381034,7.052372,0.82043993,1.0857605,8,129
da02,1706843573481044,7.0499039,0.82251352,1.0793372,9,130
da02,1706843573581012,7.0595946,0.81972349,1.074046,10,131
da02,1706843573681014,7.07636,0.82526588,1.0677524,12,132
da02,1706843573781007,7.0777555,0.83114171,1.0636742,10,133
da02,1706843573881006,7.0851264,0.82401729,1.0605323,11,134
da02,1706843573981007,7.0713162,0.8304432,1.0565805,9,135
da02,1706843574081010,7.0603185,0.82914633,1.0683552,7,136
da02,1706843574181006,7.0489974,0.83006316,1.0684541,7,137
da02,1706843574281013,7.0405331,0.82960016,1.0719724,8,138
da02,1706843574381004,7.0375667,0.83154058,1.074419,8,139
da02,1706843574481011,7.0397806,0.84084088,1.0814927,8,140
da02,1706843574580992,7.060812,0.83626187,1.0694503,12,141
da02,1706843574681048,7.0493937,0.8342492,1.0727195,8,142
da02,1706843574781094,7.048913,0.82609075,1.0785098,8,143
da02,1706843574881074,7.0476046,0.83190763,1.0843896,8,144
da02,1706843574981047,7.0452437,0.82770419,1.0813264,8,145
da02,1706843575081079,7.0496888,0.81751454,1.0765328,9,146
da02,1706843575181021,7.0502911,0.81359071,1.0734969,9,147
da02,1706843575281041,7.0616908,0.82016575,1.070218,11,148
da02,1706843575381024,7.0659389,0.83026886,1.0679564,10,149
da02,1706843575481332,7.0803943,0.83057523,1.060006,12,150
da02,1706843575581052,7.0863457,0.84626561,1.0678946,11,151
da02,1706843575681038,7.0859647,0.84604317,1.0810724,9,152
da02,1706843575781050,7.0884032,0.84556997,1.0838434,10,153
da02,1706843575881160,7.0793271,0.83463228,1.0789798,9,154
da02,1706843575990736,7.0800157,0.83589506,1.0751479,10,155
da02,1706843576081089,7.0833011,0.82973921,1.0781868,10,156
da02,1706843576181068,7.0830255,0.82996023,1.0776136,10,157
da02,1706843576281083,7.0823779,0.83385515,1.0772307,10,158
da02,1706843576381035,7.08197,0.83233231,1.0717049,10,159
da02,1706843576481057,7.0780449,0.84112793,1.0793333,9,160
da02,1706843576581024,7.068738,0.84058559,1.0817974,8,161
da02,1706843576681040,7.0602303,0.84053779,1.0828989,8,162
da02,1706843576781035,7.0526772,0.84167123,1.076785,8,163
da02,1706843576881074,7.060008,0.8411231,1.0810866,9,164
da02,1706843576981082,7.0760112,0.83419752,1.0722016,12,165
da02,1706843577081081,7.0818143,0.83161253,1.0589671,11,166
da02,1706843577181080,7.0877142,0.82581896,1.0676147,10,167
da02,1706843577281108,7.0924325,0.8301124,1.0666871,11,168
da02,1706843577381053,7.0887141,0.83140355,1.0620608,10,169
da02,1706843577481024,7.0920835,0.83092767,1.0617001,11,170
da02,1706843577581061,7.076725,0.82543707,1.0656028,8,171
da02,1706843577681060,7.073082,0.82927746,1.0689861,9,172
da02,1706843577781118,7.0578203,0.82976615,1.0702814,8,173
da02,1706843577881058,7.0645204,0.84049237,1.0661101,11,174
da02,1706843577981070,7.0571189,0.83714044,1.0662388,8,175
da02,1706843578081068,7.0491476,0.84245777,1.0657017,8,176
da02,1706843578181056,7.0632286,0.8362506,1.0620489,11,177
da02,1706843578281565,7.0503469,0.84052628,1.0745728,8,178
da02,1706843578381052,7.0559087,0.81811941,1.0795442,8,179
da02,1706843578481061,7.0521178,0.82447541,1.0785177,8,180
da02,1706843578581040,7.062551,0.69291562,1.0536089,70,181
da02,1706843578681087,7.0710206,0.71839476,1.0630839,10,182
da02,1706843578781037,7.0639815,0.740368,1.0605613,9,183
da02,1706843578881060,7.0570846,0.76278919,1.0634836,8,184
da02,1706843578981064,7.070013,0.77123439,1.0648597,11,185
da02,1706843579081110,7.071547,0.78534955,1.0627037,10,186
da02,1706843579181110,7.0662227,0.7943095,1.0672787,8,187
da02,1706843579281138,7.073195,0.80825871,1.0728188,10,188
da02,1706843579381065,7.0775471,0.82387513,1.0840071,9,189
da02,1706843579481112,7.0941286,0.82431984,1.0755033,12,190
da02,1706843579581072,7.0977597,0.81962919,1.0745693,11,191
da02,1706843579681072,7.0760851,0.81392711,1.070593,7,192
da02,1706843579781038,7.0668306,0.81965441,1.0548906,10,193
da02,1706843579881065,7.0593123,0.81662309,1.0612419,8,194
da02,1706843579981051,7.0541763,0.83038664,1.0698152,8,195
da02,1706843580081080,7.0478482,0.82880247,1.0679138,8,196
da02,1706843580181050,7.0386643,0.83854568,1.0572128,9,197
da02,1706843580281072,7.0468478,0.83802503,1.0617574,9,198
da02,1706843580381069,7.0488057,0.83607239,1.0669985,9,199
da02,1706843580481094,7.0450721,0.82515496,1.0782218,7,200
da02,1706843580581081,7.0483065,0.82235706,1.0727906,9,201
da02,1706843580681086,7.0591512,0.81997633,1.0715877,10,202
da02,1706843580781132,7.0633783,0.82299662,1.0718938,10,203
da02,1706843580881085,7.0581589,0.824431,1.0689372,9,204
da02,1706843580981104,7.0598264,0.83449435,1.0720167,9,205
da02,1706843581081165,7.0637283,0.84052068,1.0858692,9,206
da02,1706843581181133,7.0721197,0.8422209,1.0812783,11,207
da02,1706843581281648,7.0810895,0.84312862,1.0821387,11,208
da02,1706843581381100,7.0784616,0.83061945,1.075868,9,209
da02,1706843581481364,7.08662,0.83603996,1.0657971,12,210
da02,1706843581581176,7.0840182,0.83286709,1.0592757,10,211
da02,1706843581681135,7.0702295,0.83066279,1.0600092,8,212
da02,1706843581781098,7.0621357,0.83128387,1.0606802,8,213
da02,1706843581881078,7.07062,0.83019471,1.0482321,12,214
da02,1706843581981079,7.0651722,0.8260566,1.0584584,8,215
da02,1706843582081094,7.0504732,0.81988865,1.0553771,7,216
da02,1706843582181125,7.062674,0.81965697,1.0572909,11,217
da02,1706843582281138,7.0552263,0.82757312,1.0528091,9,218
da02,1706843582381125,7.0612097,0.82680637,1.0633397,9,219
da02,1706843582481106,7.0625648,0.831413,1.0711732,9,220
da02,1706843582581120,7.0728126,0.83394521,1.0668921,11,221
da02,1706843582681104,7.0732245,0.83043325,1.0814284,8,222
da02,1706843582781080,7.069294,0.83415633,1.0777136,9,223
da02,1706843582881138,7.0743852,0.8370685,1.0729672,10,224
da02,1706843582981107,7.0709758,0.83617264,1.068942,9,225
da02,1706843583081100,7.0668297,0.83915293,1.0738573,9,226
da02,1706843583181120,7.08051,0.84648013,1.0738678,11,227
da02,1706843583281605,7.0877595,0.84823626,1.070799,11,228
da02,1706843583381101,7.0691867,0.84260207,1.0609388,8,229
da02,1706843583481146,7.0769982,0.84313738,1.0533481,11,230
da02,1706843583581128,7.0738621,0.8298257,1.0607193,9,231
da02,1706843583681154,7.0799017,0.82299542,1.0588462,11,232
da02,1706843583781188,7.0803952,0.82953024,1.0494429,11,233
da02,1706843583881109,7.067956,0.82441431,1.0526173,8,234
da02,1706843583981092,7.0711737,0.82296091,1.0600951,9,235
da02,1706843584081120,7.0732117,0.82226849,1.0608704,10,236
da02,1706843584181101,7.0713153,0.820605,1.0581604,10,237
da02,1706843584281118,7.0722604,0.81486917,1.0579479,10,238
da02,1706843584381101,7.0720921,0.81575304,1.0684501,9,239
da02,1706843584481120,7.066916,0.82230937,1.0782707,8,240
da02,1706843584581094,7.0859694,0.83546394,1.0714642,13,241
da02,1706843584681111,7.0793371,0.83078969,1.0767035,8,242
da02,1706843584781120,7.0746722,0.83255047,1.0758977,9,243
da02,1706843584881120,7.073875,0.83243948,1.0716206,10,244
da02,1706843584981110,7.0749412,0.82416755,1.062951,10,245
da02,1706843585081120,7.0659633,0.80836886,1.0649234,8,246
da02,1706843585181156,7.057848,0.81118417,1.0635884,8,247
da02,1706843585281135,7.052649,0.80462748,1.0736142,7,248
da02,1706843585381113,7.0536013,0.80731148,1.0720707,9,249
da02,1706843585482711,7.0584769,0.81100559,1.0577717,11,250
da02,1706843585581195,7.0677791,0.8216154,1.0557419,11,251
da02,1706843585681154,7.0760493,0.8206014,1.0548438,11,252
da02,1706843585781154,7.079813,0.827611,1.0610205,10,253
da02,1706843585881158,7.0617571,0.8273297,1.0718862,8,254
da02,1706843585981129,7.0576062,0.8336702,1.0694162,9,255
da02,1706843586081142,7.07326,0.83712023,1.0751907,11,256
da02,1706843586181114,7.0773225,0.8403495,1.0790271,10,257
da02,1706843586281302,7.0816417,0.836106,1.0756532,10,258
da02,1706843586381138,7.0650668,0.82970876,1.0683522,8,259
da02,1706843586481096,7.0669618,0.83559984,1.0612615,10,260
da02,1706843586581102,7.0635786,0.83017373,1.0603585,9,261
da02,1706843586681119,7.0556383,0.82907742,1.0556881,9,262
da02,1706843586781117,7.0492067,0.83527184,1.0609214,8,263
da02,1706843586881162,7.0605,0.83565563,1.0631553,10,264
da02,1706843586981169,7.0613394,0.83435625,1.063677,9,265
da02,1706843587081142,7.0611672,0.83529639,1.0585515,10,266
da02,1706843587181081,7.0615506,0.82768965,1.0646157,9,267
da02,1706843587281573,7.0579324,0.82796764,1.0631852,9,268
da02,1706843587381081,7.0646243,0.83567518,1.0748599,9,269
da02,1706843587481014,7.0621953,0.83097452,1.0719575,9,270
da02,1706843587581170,7.0704203,0.81780839,1.0781929,9,271
da02,1706843587681198,7.0815091,0.81667632,1.070544,11,272
da02,1706843587781082,7.0739751,0.82416654,1.0725933,9,273
da02,1706843587881181,7.0814886,0.8206389,1.069232,11,274
da02,1706843587981146,7.0800829,0.82344228,1.0815256,9,275
da02,1706843588081106,7.0619516,0.8242532,1.079636,8,276
da02,1706843588181133,7.0738831,0.82818604,1.0778043,11,277
da02,1706843588281646,7.0698371,0.82915062,1.0701178,9,278
da02,1706843588381098,7.0783057,0.83004647,1.0616096,11,279
da02,1706843588481162,7.0647368,0.83085293,1.055196,9,280
da02,1706843588581156,7.0587935,0.83066964,1.0591619,8,281
da02,1706843588681058,7.0706515,0.83932829,1.062203,11,282
da02,1706843588781150,7.0674367,0.83635169,1.0618423,9,283
da02,1706843588881144,7.0588894,0.8344937,1.0544176,9,284
da02,1706843588981122,7.0613,0.83008337,1.06714,8,285
da02,1706843589081172,7.0619478,0.82912827,1.0587481,10,286
da02,1706843589181148,7.062861,0.82569861,1.0641342,9,287
da02,1706843589281060,7.0643759,0.81911182,1.0541294,10,288
da02,1706843589381159,7.0647421,0.81368214,1.0630493,9,289
da02,1706843589481204,7.080245,0.81965309,1.0553807,12,290
da02,1706843589581115,7.0900149,0.81919968,1.053528,12,291
da02,1706843589681201,7.0849738,0.823892,1.0579456,9,292
da02,1706843589781204,7.0861621,0.82594436,1.0684137,9,293
da02,1706843589881058,7.0678544,0.83572924,1.0892408,9,294
da02,1706843589981149,7.0573406,0.83350635,1.0879923,7,295
da02,1706843590081164,7.055109,0.83530939,1.0828508,9,296
da02,1706843590181085,7.0603108,0.8367328,1.0810702,10,297
da02,1706843590281166,7.0641117,0.84334981,1.0854044,9,298
da02,1706843590381158,7.0521841,0.84153444,1.0750492,8,299
da02,1706843590481127,7.0622234,0.84862012,1.0677204,11,300
da02,1706843590581150,7.0644808,0.84781581,1.070372,9,301
da02,1706843590681188,7.0634952,0.84526,1.0825675,8,302
da02,1706843590781130,7.0655284,0.83973086,1.0759069,10,303
da02,1706843590881176,7.06355,0.83883911,1.080438,8,304
da02,1706843590981217,7.0645094,0.82931316,1.0690718,10,305
da02,1706843591081138,7.0735388,0.82519203,1.0796077,9,306
da02,1706843591181168,7.0714517,0.82948714,1.0781556,9,307
da02,1706843591281257,7.0731659,0.8428728,1.0720047,10,308
da02,1706843591381160,7.0679336,0.83038449,1.0656359,9,309
da02,1706843591481186,7.068202,0.82141751,1.0662152,9,310
da02,1706843591581192,7.0752134,0.81589067,1.0766724,9,311
da02,1706843591681090,7.063704,0.81341267,1.0754335,8,312
da02,1706843591781200,7.0642381,0.80940777,1.0790273,9,313
da02,1706843591881217,7.0545416,0.818307,1.0741829,8,314
da02,1706843591981078,7.0573483,0.81420159,1.0784395,9,315
da02,1706843592081121,7.0539536,0.82190037,1.0801513,8,316
da02,1706843592181128,7.058073,0.81694806,1.0750667,9,317
da02,1706843592281654,7.0609379,0.82664084,1.0793808,9,318
da02,1706843592381141,7.0705271,0.82357907,1.0787152,10,319
da02,1706843592481142,7.0835176,0.82145047,1.0656177,12,320
da02,1706843592581131,7.0747895,0.82294422,1.0611962,9,321
da02,1706843592681157,7.0721169,0.81916356,1.0717965,8,322
da02,1706843592781182,7.0900192,0.82188082,1.070466,12,323
da02,1706843592881124,7.0816131,0.82021284,1.0772961,8,324
da02,1706843592981165,7.0680594,0.82035416,1.0835289,7,325
da02,1706843593081179,7.0652342,0.8134563,1.0853295,8,326
da02,1706843593181163,7.062367,0.80790442,1.0842341,8,327
da02,1706843593281169,7.0540457,0.80857366,1.0776652,8,328
da02,1706843593381104,7.0612178,0.80625725,1.0709738,10,329
da02,1706843593481277,7.0690942,0.81422436,1.077225,10,330
da02,1706843593581110,7.0704489,0.81905907,1.0750732,10,331
da02,1706843593681174,7.0782762,0.828374,1.0736537,11,332
da02,1706843593781216,7.0727854,0.82736379,1.0728132,9,333
da02,1706843593881182,7.0682774,0.82695705,1.0749283,9,334
da02,1706843593981098,7.0694613,0.82783937,1.0757293,9,335
da02,1706843594081316,7.0742183,0.82480097,1.0792534,10,336
da02,1706843594181112,7.0834732,0.8294397,1.0676095,12,337
da02,1706843594281664,7.0805717,0.82333118,1.0708385,9,338
da02,1706843594381110,7.063426,0.82639617,1.0758476,8,339
da02,1706843594481222,7.0599847,0.83410323,1.0724661,9,340
da02,1706843594581140,7.0580115,0.82605863,1.0666686,9,341
da02,1706843594681157,7.0587511,0.82336307,1.0741568,8,342
da02,1706843594781160,7.0500722,0.82793742,1.0805461,8,343
da02,1706843594881214,7.048912,0.82957011,1.0858507,8,344
da02,1706843594981133,7.0431337,0.828887,1.0854497,7,345
da02,1706843595081209,7.0594044,0.829777,1.0841676,11,346
da02,1706843595181132,7.0583353,0.82318175,1.0778857,9,347
da02,1706843595281133,7.0619559,0.82839078,1.07525,10,348
da02,1706843595381170,7.0637221,0.81652462,1.0837432,8,349
da02,1706843595481144,7.0632954,0.82485884,1.0795312,9,350
da02,1706843595581137,7.0607014,0.82992697,1.0803807,9,351
da02,1706843595681138,7.0569453,0.82772571,1.0808312,8,352
da02,1706843595781219,7.0491767,0.82638365,1.0813241,7,353
da02,1706843595881107,7.0572686,0.81438559,1.0672227,10,354
da02,1706843595981160,7.0568004,0.8271727,1.0523472,10,355
da02,1706843596081144,7.0586009,0.82575327,1.0548543,9,356
da02,1706843596181117,7.0610261,0.82918441,1.0578926,9,357
da02,1706843596281138,7.05835,0.82606488,1.0633128,8,358
da02,1706843596381222,7.0621614,0.81819487,1.0641909,9,359
da02,1706843596481170,7.0778341,0.8266688,1.0675964,11,360
da02,1706843596581238,7.0753965,0.83322233,1.0685538,9,361
da02,1706843596681252,7.0706472,0.8275888,1.0793066,8,362
da02,1706843596781185,7.0759144,0.82399172,1.0651765,11,363
da02,1706843596881320,7.0633817,0.82473153,1.0661411,8,364
da02,1706843596981287,7.0801363,0.81589091,1.0675809,11,365
da02,1706843597081198,7.0791478,0.81779581,1.0568461,11,366
da02,1706843597181232,7.0711842,0.81718254,1.0562909,9,367
da02,1706843597281474,7.0770965,0.81308913,1.0643915,10,368
da02,1706843597381187,7.0671582,0.80155057,1.0728528,7,369
da02,1706843597481195,7.0577779,0.81904888,1.0791293,8,370
da02,1706843597581226,7.0664725,0.82840925,1.0696653,11,371
da02,1706843597681146,7.0550694,0.83362108,1.0716416,8,372
da02,1706843597781220,7.06886,0.82739526,1.0655416,11,373
da02,1706843597881228,7.0770545,0.83693576,1.0596826,11,374
da02,1706843597981186,7.0753007,0.833812,1.065266,9,375
da02,1706843598081214,7.071218,0.83739936,1.0708092,9,376
da02,1706843598181232,7.0754271,0.83868,1.077747,10,377
da02,1706843598281179,7.0546179,0.83933669,1.0816243,8,378
da02,1706843598381787,7.0605826,0.82366025,1.0762863,10,379
da02,1706843598481260,7.0545835,0.82192677,1.0704135,8,380
da02,1706843598581196,7.0642004,0.82266533,1.0681432,10,381
da02,1706843598681244,7.0561466,0.82107788,1.0798104,7,382
da02,1706843598781289,7.0529947,0.8294071,1.0705205,9,383
da02,1706843598881172,7.0715375,0.82468307,1.0626241,12,384
da02,1706843598981277,7.0798221,0.83521557,1.0637503,11,385
da02,1706843599081270,7.0826693,0.83748496,1.0635433,10,386
da02,1706843599181223,7.0922379,0.8287921,1.0671821,11,387
da02,1706843599281276,7.0767741,0.82726145,1.0631925,8,388
da02,1706843599381285,7.0789,0.82735288,1.0684679,10,389
da02,1706843599481191,7.0808554,0.82930619,1.070411,10,390
da02,1706843599581254,7.0682316,0.82870567,1.0735656,8,391
da02,1706843599681232,7.0560617,0.83081073,1.0800419,8,392
da02,1706843599781198,7.059474,0.83486933,1.0747726,10,393
da02,1706843599881188,7.0653358,0.8468805,1.0729898,10,394
da02,1706843599981194,7.0474091,0.8462587,1.075647,8,395
da02,1706843600081302,7.0506368,0.84743685,1.0876498,8,396
da02,1706843600181203,7.055162,0.83872449,1.0803404,9,397
da02,1706843600281301,7.0650029,0.83600724,1.0769964,10,398
da02,1706843600381262,7.0638127,0.84319639,1.0745437,9,399
da02,1706843600481254,7.0661311,0.83889949,1.0750796,9,400
da02,1706843600581200,7.0781708,0.83804834,1.0775421,11,401
da02,1706843600681318,7.0710297,0.84391963,1.0779155,9,402
da02,1706843600781236,7.0680156,0.8450464,1.0726994,9,403
da02,1706843600882866,7.0719824,0.8388263,1.0738286,10,404
da02,1706843600981322,7.0648308,0.84601974,1.0709494,9,405
da02,1706843601081241,7.0721889,0.84598339,1.0676234,11,406
da02,1706843601181216,7.0716567,0.83946061,1.0746561,9,407
da02,1706843601281330,7.1913414,0.83092046,1.0690217,67,408
da02,1706843601381201,7.1594324,0.83307761,1.0650135,10,409
da02,1706843601481252,7.1381588,0.83540833,1.0704395,9,410
da02,1706843601581302,7.1283913,0.8346864,1.0658848,11,411
da02,1706843601681225,7.1168427,0.83367062,1.0683872,10,412
da02,1706843601781246,7.0971041,0.83245671,1.0628139,9,413
da02,1706843601881201,7.0793867,0.82432026,1.0660399,7,414
da02,1706843601981202,7.0743375,0.826991,1.0627002,9,415
da02,1706843602081218,7.0682225,0.8311981,1.0614985,9,416
da02,1706843602181236,7.0713487,0.8303107,1.0636871,10,417
da02,1706843602281236,7.078939,0.83796406,1.0617005,11,418
da02,1706843602381254,7.069869,0.83338493,1.0643684,8,419
da02,1706843602481232,7.0674376,0.84238762,1.0616504,10,420
da02,1706843602581231,7.080688,0.84259146,1.0614316,11,421
da02,1706843602681243,7.0845542,0.83627206,1.066931,10,422
da02,1706843602781298,7.0888782,0.834516,1.0805097,9,423
da02,1706843602881364,7.0775928,0.83720529,1.0741026,9,424
da02,1706843602981352,7.0733757,0.83631313,1.0660111,10,425
da02,1706843603081256,7.0640941,0.836986,1.0682989,8,426
da02,1706843603181277,7.0720596,0.83204883,1.0796621,9,427
da02,1706843603281994,7.0850496,0.82739186,1.0711331,12,428
da02,1706843603381877,7.0925241,0.82164633,1.0608002,12,429
da02,1706843603481299,7.0982585,0.8303138,1.0697389,11,430
da02,1706843603581319,7.0874095,0.82691014,1.0757011,8,431
da02,1706843603681351,7.0780811,0.82777947,1.0701622,9,432
da02,1706843603781227,7.0823064,0.819925,1.0706711,10,433
da02,1706843603881334,7.090775,0.82013047,1.0666574,11,434
da02,1706843603981256,7.0906582,0.81415969,1.0720915,9,435
da02,1706843604081302,7.0816092,0.82152689,1.0758485,9,436
da02,1706843604181248,7.0759673,0.82706922,1.0783753,9,437
da02,1706843604281228,7.07989,0.82468837,1.0685872,11,438
da02,1706843604381306,7.0789142,0.82764918,1.0700068,10,439
da02,1706843604481196,7.0802865,0.81677985,1.0727932,9,440
da02,1706843604581244,7.092824,0.80542147,1.0787361,11,441
da02,1706843604681304,7.0833635,0.807162,1.0745115,9,442
da02,1706843604781264,7.0681896,0.81286758,1.0710529,8,443
da02,1706843604881234,7.0570903,0.82347661,1.0717041,8,444
da02,1706843604981306,7.0634289,0.82192808,1.0678977,10,445
da02,1706843605081257,7.0667138,0.8166095,1.0666456,10,446
da02,1706843605181247,7.0644965,0.8182258,1.0610358,9,447
da02,1706843605281302,7.0693979,0.8153463,1.0640187,10,448
da02,1706843605381228,7.0669084,0.81570143,1.0711194,8,449
da02,1706843605481218,7.0683622,0.82386738,1.0743401,9,450
da02,1706843605581280,7.0653863,0.8217414,1.0726151,9,451
da02,1706843605681310,7.0741158,0.82622814,1.0806559,10,452
da02,1706843605781235,7.0697532,0.81911397,1.06465,10,453
da02,1706843605881300,7.0743546,0.82501423,1.0655396,10,454
da02,1706843605981285,7.0723696,0.83341354,1.0739481,9,455
da02,1706843606081294,7.0651441,0.83977586,1.0664932,9,456
da02,1706843606181280,7.06063,0.83700138,1.068386,8,457
da02,1706843606281416,7.0661025,0.83097976,1.0612876,10,458
da02,1706843606381280,7.0597577,0.83415592,1.0610253,9,459
da02,1706843606481295,7.0796952,0.82867664,1.0537052,13,460
da02,1706843606581356,7.0825634,0.83270651,1.0446877,11,461
da02,1706843606681369,7.084404,0.83158165,1.0392147,11,462
da02,1706843606781256,7.0724564,0.82781243,1.0501947,8,463
da02,1706843606881384,7.0869331,0.8148219,1.0621253,11,464
da02,1706843606981343,7.0896935,0.8105846,1.0670942,10,465
da02,1706843607081272,7.08935,0.81641269,1.0628656,10,466
da02,1706843607181351,7.0799518,0.8160848,1.0756955,8,467
da02,1706843607281384,7.056509,0.81946689,1.0706385,8,468
da02,1706843607381261,7.0698919,0.81899977,1.0692573,11,469
da02,1706843607481310,7.0694575,0.82635427,1.069429,9,470
da02,1706843607581351,7.0622988,0.82848889,1.0626153,9,471
da02,1706843607681401,7.0716567,0.81822461,1.0640546,10,472
da02,1706843607781394,7.0705347,0.81722587,1.0578227,10,473
da02,1706843607881431,7.08105,0.8232646,1.0677035,10,474
da02,1706843607981396,7.0837641,0.81501555,1.0735819,9,475
da02,1706843608081563,7.0729914,0.82326454,1.0744153,8,476
da02,1706843608181387,7.065032,0.82157284,1.0800973,8,477
da02,1706843608281420,7.0616894,0.82336605,1.0782962,9,478
da02,1706843608381450,7.0692515,0.81738609,1.0709026,10,479
da02,1706843608481977,7.0601335,0.82912934,1.0717366,8,480
da02,1706843608581435,7.0447006,0.82852,1.0691178,8,481
da02,1706843608681455,7.0452065,0.83414876,1.0721886,8,482
da02,1706843608781410,7.0539961,0.83811283,1.0735319,10,483
da02,1706843608881509,7.0597219,0.82196885,1.076369,9,484
da02,1706843608981470,7.0612278,0.81808513,1.0766426,9,485
da02,1706843609081422,7.0612535,0.81295371,1.0688838,9,486
da02,1706843609181412,7.0540309,0.6680336,1.0430635,70,487
da02,1706843609281509,7.0679235,0.71332181,1.0435507,11,488
da02,1706843609381389,7.0816031,0.73418635,1.0491288,11,489
da02,1706843609481464,7.0852456,0.75158894,1.0642109,9,490
da02,1706843609581423,7.072073,0.75995386,1.0630143,8,491
da02,1706843609681402,7.0611267,0.78171265,1.0532469,9,492
da02,1706843609781425,7.0609365,0.80018038,1.0635915,9,493
da02,1706843609881456,7.0594659,0.802108,1.0628022,9,494
da02,1706843609981426,7.0528483,0.81432396,1.0645386,8,495
da02,1706843610081462,7.0683,0.81516004,1.0644207,11,496
da02,1706843610181438,7.0720963,0.82314867,1.06601,10,497
da02,1706843610281466,7.062881,0.81846565,1.0757811,7,498
da02,1706843610381442,7.0656824,0.82897657,1.0724074,10,499
da02,1706843610481487,7.0545745,0.82736641,1.0677147,8,500
da02,1706843610581425,7.0360246,0.8458131,1.0671804,9,501
da02,1706843610681482,7.0467587,0.8450042,1.0679895,10,502
da02,1706843610781476,7.053328,0.84140182,1.0667372,10,503
da02,1706843610881514,7.0623026,0.84919381,1.0669723,10,504
da02,1706843610981438,7.050827,0.84591746,1.0612251,8,505
da02,1706843611081470,7.0575643,0.83989495,1.0568939,10,506
da02,1706843611181437,7.0646133,0.83011907,1.0578399,10,507
da02,1706843611281472,7.0447259,0.82472229,1.0582314,7,508
da02,1706843611381432,7.0559525,0.82996112,1.0621421,10,509
da02,1706843611481466,7.06812,0.8403278,1.0599778,11,510
da02,1706843611581446,7.0621042,0.83705062,1.061046,9,511
da02,1706843611681479,7.0619745,0.8438006,1.0484753,11,512
da02,1706843611781442,7.0611906,0.84715283,1.055158,9,513
da02,1706843611881480,7.0550647,0.8372193,1.0690476,7,514
da02,1706843611981451,7.0626826,0.8315798,1.0567034,11,515
da02,1706843612081500,7.0649061,0.82942086,1.0640812,9,516
da02,1706843612181463,7.0761523,0.8298865,1.0578696,11,517
da02,1706843612281548,7.0650673,0.82986397,1.0693811,7,518
da02,1706843612381486,7.0609531,0.8291688,1.0754001,8,519
da02,1706843612481465,7.0547342,0.83389878,1.0722736,8,520
da02,1706843612581429,7.0601826,0.82556945,1.0737048,9,521
da02,1706843612681462,7.0493989,0.82022721,1.0789751,7,522
da02,1706843612781436,7.0598435,0.82621408,1.0787494,10,523
da02,1706843612881482,7.0693946,0.818005,1.0792158,10,524
da02,1706843612981438,7.0515704,0.82573557,1.0803683,8,525
da02,1706843613081462,7.0595222,0.832168,1.0821371,10,526
da02,1706843613181437,7.066637,0.83587217,1.0866146,10,527
da02,1706843613281476,7.0662203,0.83967978,1.0917643,9,528
da02,1706843613381469,7.0629678,0.8365984,1.0843019,9,529
da02,1706843613482090,7.0647588,0.83130181,1.0868059,9,530
da02,1706843613581464,7.0575151,0.8367632,1.069823,9,531
da02,1706843613681507,7.0660028,0.83414328,1.07043,10,532
da02,1706843613781472,7.0491939,0.826665,1.0663705,7,533
da02,1706843613881562,7.066237,0.83040547,1.066281,11,534
da02,1706843613981464,7.0729222,0.83014441,1.0654022,10,535
da02,1706843614081484,7.0703025,0.82833213,1.0673842,9,536
da02,1706843614181441,7.066175,0.8191002,1.063218,9,537
da02,1706843614282026,7.0661039,0.81368679,1.0660812,9,538
da02,1706843614381451,7.0685105,0.822723,1.073032,9,539
da02,1706843614481568,7.0661564,0.68594921,1.045113,70,540
da02,1706843614581487,7.0602822,0.71937382,1.0519278,8,541
da02,1706843614681543,7.0616727,0.74003607,1.0541816,9,542
da02,1706843614781466,7.0612416,0.75135744,1.061289,8,543
da02,1706843614881492,7.0607677,0.76999551,1.0622038,9,544
da02,1706843614981453,7.0604715,0.77944595,1.0690461,8,545
da02,1706843615081488,7.0766735,0.79204708,1.0656378,12,546
da02,1706843615181458,7.0706458,0.80990118,1.0600518,10,547
da02,1706843615281530,7.0958681,0.81390375,1.0636227,13,548
da02,1706843615381458,7.0874314,0.82060272,1.0713031,9,549
da02,1706843615481511,7.0876231,0.82384926,1.0773804,10,550
da02,1706843615581666,7.0770783,0.8265869,1.0720733,9,551
da02,1706843615681534,7.0825629,0.82918972,1.0674706,11,552
da02,1706843615781464,7.094769,0.83130157,1.0584465,12,553
da02,1706843615881500,7.1011953,0.83431047,1.0552567,12,554
da02,1706843615981463,7.0891447,0.83589864,1.0618061,9,555
da02,1706843616081517,7.0858579,0.83612353,1.0573531,10,556
da02,1706843616181462,7.0704737,0.8309198,1.050589,9,557
da02,1706843616283217,7.0784092,0.82828307,1.0599384,10,558
da02,1706843616381504,7.0758491,0.83101457,1.0731099,8,559
da02,1706843616481523,7.0645132,0.82774615,1.0748705,8,560
da02,1706843616581477,7.0705009,0.82704306,1.0679829,10,561
da02,1706843616681547,7.0718226,0.83279896,1.0668633,10,562
da02,1706843616781514,7.0721436,0.83116049,1.0617546,10,563
da02,1706843616881541,7.0699797,0.83661115,1.0606619,10,564
da02,1706843616981471,7.0565963,0.83752096,1.0644584,8,565
da02,1706843617081508,7.0590763,0.84177881,1.0613607,10,566
da02,1706843617181472,7.0476904,0.83985615,1.0697851,8,567
da02,1706843617281515,7.0488715,0.84901047,1.0718995,9,568
da02,1706843617381425,7.0560069,0.84781504,1.0666947,10,569
da02,1706843617481474,7.0531244,0.835888,1.0715418,8,570
da02,1706843617581438,7.0706644,0.83356375,1.0850062,10,571
da02,1706843617681490,7.0826521,0.83852774,1.0862033,11,572
da02,1706843617781439,7.0737858,0.83388937,1.0748808,9,573
da02,1706843617881500,7.0668507,0.82510763,1.0711557,9,574
da02,1706843617981498,7.0538244,0.83150715,1.0720233,8,575
da02,1706843618081526,7.0616069,0.83626509,1.06178,11,576
da02,1706843618181488,7.064146,0.83077341,1.0558373,10,577
da02,1706843618281550,7.0651665,0.8340674,1.0589958,9,578
da02,1706843618381503,7.0483093,0.84335685,1.0670938,8,579
da02,1706843618481538,7.060277,0.83801168,1.0639784,11,580
da02,1706843618581985,7.0558181,0.83678091,1.0671577,8,581
da02,1706843618681548,7.0568056,0.82730526,1.0682732,9,582
da02,1706843618781509,7.066504,0.8349185,1.067773,11,583
da02,1706843618881837,7.068501,0.83228654,1.0786461,9,584
da02,1706843618981538,7.0610676,0.84213424,1.0828683,8,585
da02,1706843619081545,7.05652,0.83314556,1.0791836,8,586
da02,1706843619181498,7.0598683,0.83207011,1.084051,9,587
da02,1706843619281539,7.0696349,0.83450156,1.0692745,11,588
da02,1706843619381521,7.0602374,0.83001018,1.0692431,8,589
da02,1706843619481589,7.0550871,0.82702625,1.0713694,8,590
da02,1706843619581500,7.0561204,0.82781935,1.0777177,8,591
da02,1706843619681544,7.0769911,0.82164896,1.0692827,12,592
da02,1706843619781527,7.0614295,0.82891309,1.0706185,8,593
da02,1706843619881562,7.0665383,0.83495694,1.0699799,10,594
da02,1706843619981508,7.0499129,0.83138871,1.0684854,7,595
da02,1706843620081575,7.0414624,0.83811074,1.0679977,8,596
da02,1706843620181497,7.0466366,0.83881348,1.0669874,9,597
da02,1706843620281534,7.042985,0.83320123,1.0751307,7,598
da02,1706843620381514,7.0620556,0.82819569,1.0755219,11,599
da02,1706843620481548,7.0659852,0.82657176,1.0713918,10,600
da02,1706843620581504,7.0721569,0.83877122,1.0756955,10,601
da02,1706843620681552,7.0708508,0.834782,1.0824089,9,602
da02,1706843620781538,7.07116,0.82396656,1.0808949,9,603
da02,1706843620881576,7.0728669,0.8177374,1.0850067,9,604
da02,1706843620981496,7.0690441,0.82351649,1.0800309,9,605
da02,1706843621081534,7.0822439,0.82915276,1.0804162,11,606
da02,1706843621181497,7.0650339,0.831567,1.0768198,8,607
da02,1706843621281580,7.0808654,0.82924587,1.0769855,11,608
da02,1706843621381500,7.0732579,0.82385,1.0807172,8,609
da02,1706843621481549,7.0920258,0.82427573,1.08032,12,610
da02,1706843621581522,7.0868869,0.82620406,1.0787243,9,611
da02,1706843621681546,7.0773964,0.8219614,1.0771799,8,612
da02,1706843621781509,7.0857415,0.80284566,1.0837903,10,613
da02,1706843621881558,7.0905004,0.81657666,1.082665,11,614
da02,1706843621981504,7.0750546,0.8206858,1.0782709,8,615
da02,1706843622081543,7.0861077,0.81880909,1.0778772,11,616
da02,1706843622181506,7.0773878,0.8279981,1.0788376,9,617
da02,1706843622281572,7.0886831,0.82131732,1.0759398,11,618
da02,1706843622381518,7.084826,0.82027423,1.0716294,10,619
da02,1706843622481556,7.0831079,0.84142131,1.0766782,10,620
da02,1706843622581507,7.0890551,0.836194,1.0754578,11,621
da02,1706843622681564,7.085845,0.83298266,1.0665213,10,622
da02,1706843622781578,7.0790572,0.84126836,1.0694454,9,623
da02,1706843622881595,7.0683851,0.83849752,1.0663514,8,624
da02,1706843622981554,7.0769877,0.82498515,1.068962,10,625
da02,1706843623081625,7.0848494,0.82349277,1.0707225,11,626
da02,1706843623181521,7.0758443,0.8210302,1.0753262,8,627
da02,1706843623281553,7.070179,0.82256025,1.0795643,8,628
da02,1706843623381523,7.0667481,0.82078981,1.0727506,9,629
da02,1706843623481574,7.0664973,0.81720084,1.0739287,9,630
da02,1706843623582016,7.0746193,0.82211971,1.072641,11,631
da02,1706843623681586,7.0911613,0.82260913,1.0682776,12,632
da02,1706843623781525,7.0888987,0.82233328,1.0808451,9,633
da02,1706843623881557,7.0780764,0.82317668,1.0777429,9,634
da02,1706843623981550,7.0740972,0.82761294,1.0742962,9,635
da02,1706843624081562,7.0691242,0.83507669,1.0672185,10,636
da02,1706843624181533,7.0623422,0.84125024,1.0756279,8,637
da02,1706843624281603,7.0671978,0.8452937,1.0779067,10,638
da02,1706843624381550,7.0778537,0.84173,1.075781,11,639
da02,1706843624481602,7.0674882,0.8377614,1.0669587,9,640
da02,1706843624581594,7.0607662,0.84140974,1.0736313,8,641
da02,1706843624681727,7.0582948,0.82397014,1.0830148,7,642
da02,1706843624781606,7.0599828,0.8308388,1.0776533,10,643
da02,1706843624881650,7.0575137,0.83066583,1.079213,8,644
da02,1706843624981662,7.0601912,0.83402228,1.0727384,10,645
da02,1706843625081599,7.0639005,0.82608324,1.0654572,10,646
da02,1706843625181544,7.0615325,0.83044648,1.0746819,8,647
da02,1706843625282136,7.041224,0.83046126,1.0882838,8,648
da02,1706843625381542,7.0376635,0.83476889,1.0901598,8,649
da02,1706843625481620,7.048666,0.81837,1.080695,10,650
da02,1706843625581536,7.0379996,0.82082778,1.077969,8,651
da02,1706843625681579,7.0489807,0.82547414,1.0857779,9,652
da02,1706843625781600,7.045301,0.83593082,1.0843165,8,653
da02,1706843625881581,7.0550375,0.82637817,1.0807825,10,654
da02,1706843625981530,7.045814,0.82723022,1.079864,7,655
da02,1706843626081586,7.0637393,0.82745081,1.0790907,11,656
da02,1706843626181551,7.0625687,0.83154148,1.0770072,9,657
da02,1706843626281636,7.0648484,0.8282932,1.0751624,9,658
da02,1706843626381588,7.0685039,0.82402384,1.0714644,10,659
da02,1706843626481641,7.0768709,0.82533634,1.08011,10,660
da02,1706843626581529,7.0659924,0.82615221,1.0756932,8,661
da02,1706843626681594,7.0773387,0.82817549,1.0679857,11,662
da02,1706843626781539,7.0709333,0.827174,1.0726483,8,663
da02,1706843626881580,7.1974545,0.83044142,1.0602074,67,664
da02,1706843626981543,7.1552215,0.83440655,1.0663328,8,665
da02,1706843627081618,7.1251626,0.83145529,1.0660473,8,666
da02,1706843627181548,7.1121311,0.83124012,1.0652806,10,667
da02,1706843627281612,7.0989676,0.82764041,1.0682719,9,668
da02,1706843627381389,7.0990472,0.82319367,1.0738099,10,669
da02,1706843627481434,7.0829592,0.82752442,1.0731024,8,670
da02,1706843627581382,7.05887,0.82343382,1.0901881,8,671
da02,1706843627681408,7.0546694,0.83140391,1.0924766,8,672
da02,1706843627781371,7.0484886,0.83593869,1.0843362,8,673
da02,1706843627881408,7.0597057,0.82527453,1.0874561,9,674
da02,1706843627981382,7.0561404,0.82765591,1.07963,9,675
da02,1706843628081438,7.0597839,0.81560767,1.0805119,9,676
da02,1706843628181432,7.0704641,0.81345177,1.0775394,10,677
da02,1706843628281442,7.0627007,0.8179968,1.0748734,8,678
da02,1706843628381382,7.0590391,0.829259,1.0748681,9,679
da02,1706843628481429,7.0652232,0.82925,1.0723888,10,680
da02,1706843628581426,7.0579987,0.82938886,1.0837841,8,681
da02,1706843628681454,7.0501342,0.84068137,1.085237,8,682
da02,1706843628781509,7.0416632,0.84386581,1.0916493,8,683
da02,1706843628881396,7.0475454,0.84352559,1.0833946,10,684
da02,1706843628981374,7.0647039,0.8378309,1.0762001,11,685
da02,1706843629081418,7.0686555,0.83661431,1.056224,11,686
da02,1706843629181408,7.0751119,0.83557355,1.0554911,11,687
da02,1706843629281400,7.0700431,0.83201993,1.0577862,9,688
da02,1706843629381373,7.0710039,0.81815547,1.0586866,9,689
da02,1706843629481400,7.0618391,0.82929331,1.0674365,8,690
da02,1706843629581408,7.0576572,0.835186,1.0622838,9,691
da02,1706843629681449,7.0644469,0.84113842,1.0665721,10,692
da02,1706843629781420,7.07051,0.8325479,1.0678959,10,693
da02,1706843629881410,7.081964,0.82735378,1.0638723,11,694
da02,1706843629981469,7.0719619,0.835566,1.0616884,9,695
da02,1706843630081465,7.0541892,0.84264839,1.0669888,8,696
da02,1706843630181425,7.0600681,0.83856475,1.0615714,10,697
da02,1706843630281531,7.0550508,0.82782692,1.0638587,8,698
da02,1706843630381478,7.0576158,0.82920128,1.0694087,9,699
da02,1706843630481550,7.0616417,0.84255505,1.0733321,10,700
da02,1706843630581420,7.0545707,0.83906627,1.0706098,8,701
da02,1706843630681422,7.0625257,0.84370464,1.0700698,10,702
da02,1706843630781403,7.059011,0.84178579,1.0766478,8,703
da02,1706843630881504,7.0549741,0.83291125,1.0707341,9,704
da02,1706843630981458,7.05231,0.82703209,1.0639145,9,705
da02,1706843631081466,7.0572176,0.82040238,1.0677172,9,706
da02,1706843631181474,7.0627108,0.82262146,1.0635219,10,707
da02,1706843631281445,7.0697637,0.83250314,1.0648544,10,708
da02,1706843631381408,7.0733404,0.827261,1.0559233,11,709
da02,1706843631481456,7.0802064,0.82598919,1.0515665,11,710
da02,1706843631581426,7.0772662,0.82712346,1.0547014,9,711
da02,1706843631683236,7.0790815,0.83954346,1.0624045,10,712
da02,1706843631781482,7.0757,0.83468348,1.0596639,10,713
da02,1706843631881453,7.077683,0.83555627,1.0617095,10,714
da02,1706843631981405,7.0765338,0.8331694,1.065454,9,715
da02,1706843632081449,7.0714593,0.8321113,1.0632339,9,716
da02,1706843632181441,7.07129,0.84209114,1.0730771,9,717
da02,1706843632281454,7.0667505,0.837212,1.0851313,8,718
da02,1706843632381436,7.0695548,0.82994366,1.0813179,10,719
da02,1706843632481462,7.0747976,0.81814611,1.0820532,9,720
da02,1706843632581433,7.0797443,0.81604826,1.0882062,9,721
da02,1706843632681485,7.0711746,0.82070237,1.0839864,9,722
da02,1706843632781450,7.0563774,0.82337004,1.0777283,8,723
da02,1706843632881503,7.0458522,0.81374848,1.0705844,8,724
da02,1706843632981448,7.0503154,0.8201986,1.0661856,10,725
da02,1706843633081519,7.0679278,0.82150465,1.0596273,12,726
da02,1706843633181456,7.0766277,0.81567359,1.0536588,11,727
da02,1706843633281546,7.0631452,0.81917113,1.066838,8,728
da02,1706843633381431,7.060957,0.82640177,1.0722795,9,729
da02,1706843633481505,7.0445924,0.82601982,1.0785122,8,730
da02,1706843633581496,7.047399,0.83112669,1.0897158,8,731
da02,1706843633681560,7.06634,0.83783156,1.0898504,11,732
da02,1706843633781423,7.0617685,0.84410065,1.0899123,8,733
da02,1706843633881450,7.0598907,0.84736091,1.0865254,9,734
da02,1706843633981414,7.0555153,0.84386206,1.0764819,9,735
da02,1706843634081447,7.0551157,0.82852066,1.0655994,9,736
da02,1706843634181444,7.07543,0.82402754,1.0621878,12,737
da02,1706843634281502,7.0821624,0.82087308,1.0679244,10,738
da02,1706843634381472,7.0753093,0.82214785,1.0636829,9,739
da02,1706843634481504,7.0779834,0.81115609,1.0687624,9,740
da02,1706843634581435,7.073267,0.8182373,1.065104,9,741
da02,1706843634681501,7.0709872,0.81680781,1.0637143,9,742
da02,1706843634781544,7.0831666,0.80916023,1.0648779,11,743
da02,1706843634881508,7.0928464,0.81956065,1.0618604,12,744
da02,1706843634981436,7.092103,0.82045943,1.0706223,9,745
da02,1706843635081488,7.0861874,0.82300949,1.0652106,10,746
da02,1706843635181492,7.0857959,0.8353824,1.0661016,10,747
da02,1706843635281513,7.0977755,0.84745753,1.0635923,12,748
da02,1706843635381482,7.0827613,0.84605819,1.0717084,8,749
da02,1706843635481749,7.083096,0.8362205,1.0720233,10,750
da02,1706843635581511,7.07371,0.83258474,1.0594274,10,751
da02,1706843635681570,7.0717244,0.82490993,1.0673728,9,752
da02,1706843635781512,7.070158,0.82486635,1.0599686,10,753
da02,1706843635881494,7.078886,0.82748866,1.0667392,10,754
da02,1706843635981731,7.0924864,0.82286018,1.0643456,12,755
da02,1706843636081577,7.0791993,0.82617253,1.0653408,8,756
da02,1706843636181426,7.0793686,0.81339896,1.0726691,9,757
da02,1706843636282157,7.076673,0.81547177,1.0660336,10,758
da02,1706843636381496,7.0684967,0.81947637,1.0735509,8,759
da02,1706843636481540,7.0726671,0.82377452,1.0731739,10,760
da02,1706843636581420,7.0843649,0.81662583,1.076425,11,761
da02,1706843636681512,7.0742345,0.8226015,1.0782712,8,762
da02,1706843636781482,7.069294,0.82788748,1.0766816,9,763
da02,1706843636881518,7.0639839,0.836677,1.0762242,9,764
da02,1706843636981462,7.0632486,0.83020604,1.0809664,8,765
da02,1706843637081518,7.0610704,0.83244461,1.0821359,9,766
da02,1706843637181567,7.0580153,0.82779038,1.0763046,9,767
da02,1706843637281604,7.0586448,0.83253592,1.0763332,9,768
da02,1706843637381839,7.0499926,0.83481705,1.0821785,8,769
da02,1706843637481527,7.0582309,0.82140237,1.0805298,9,770
da02,1706843637581571,7.0650039,0.82298112,1.0776842,10,771
da02,1706843637681685,7.06998,0.83094269,1.0701698,11,772
da02,1706843637781662,7.0695591,0.83311141,1.0655922,10,773
da02,1706843637881540,7.0797162,0.82584953,1.0681884,11,774
da02,1706843637981580,7.0778832,0.83708286,1.0702187,10,775
da02,1706843638081635,7.0657821,0.84795856,1.0740991,8,776
da02,1706843638181500,7.0596137,0.84125805,1.0726206,8,777
da02,1706843638281632,7.0568509,0.838856,1.0743909,8,778
da02,1706843638381566,7.0555534,0.83632839,1.0740163,9,779
da02,1706843638481544,7.0633354,0.83718443,1.0711504,10,780
da02,1706843638581609,7.0528145,0.83352232,1.066772,8,781
da02,1706843638681620,7.0479684,0.83117092,1.0653311,8,782
da02,1706843638781534,7.0534892,0.82957917,1.0581572,10,783
da02,1706843638881636,7.0622349,0.82497543,1.0695076,9,784
da02,1706843638981586,7.0568805,0.82847118,1.0744281,8,785
da02,1706843639081564,7.0513783,0.82805794,1.0838971,7,786
da02,1706843639181553,7.0605736,0.83172226,1.079975,10,787
da02,1706843639282200,7.0722084,0.82555515,1.076871,11,788
da02,1706843639381753,7.0572381,0.82248962,1.0747617,7,789
da02,1706843639481604,7.0600581,0.82337874,1.0717387,9,790
da02,1706843639581640,7.0638094,0.81692982,1.0719057,9,791
da02,1706843639681529,7.0685024,0.8136096,1.07455,9,792
da02,1706843639781569,7.0658035,0.8169955,1.0824945,8,793
da02,1706843639881625,7.079607,0.81230193,1.0810474,11,794
da02,1706843639981494,7.0883322,0.81474441,1.0809326,11,795
da02,1706843640081657,7.0890651,0.81984532,1.0832757,10,796
da02,1706843640181585,7.0795007,0.80892277,1.0905894,7,797
da02,1706843640281549,7.0717411,0.81578928,1.0806432,9,798
da02,1706843640381588,7.0685306,0.82506567,1.0751138,9,799
da02,1706843640481634,7.0665851,0.82717055,1.0705519,9,800
da02,1706843640581510,7.0731907,0.82657391,1.0720271,10,801
da02,1706843640681657,7.0769005,0.83287746,1.0680215,10,802
da02,1706843640781662,7.086266,0.832414,1.0718845,11,803
da02,1706843640881559,7.0803447,0.82785082,1.0639768,10,804
da02,1706843640981636,7.0685616,0.83027756,1.0643171,8,805
da02,1706843641081705,7.0676107,0.84003031,1.0651257,10,806
da02,1706843641181600,7.0747151,0.83321267,1.0769221,9,807
da02,1706843641281682,7.0738792,0.83286649,1.0837712,9,808
da02,1706843641381618,7.0745192,0.82708585,1.0754735,10,809
da02,1706843641481894,7.0634613,0.82815987,1.0777256,8,810
da02,1706843641581647,7.06808,0.83327574,1.0749403,10,811
da02,1706843641681664,7.0732126,0.82894641,1.0673293,10,812
da02,1706843641781535,7.0538368,0.82349515,1.0657532,7,813
da02,1706843641881654,7.0475407,0.82376069,1.0535163,9,814
da02,1706843641981592,7.0512319,0.825813,1.0554005,9,815
da02,1706843642081803,7.0578675,0.82478476,1.0563008,10,816
da02,1706843642181583,7.0708513,0.82407564,1.0664198,10,817
da02,1706843642281743,7.08499,0.81501955,1.0653404,11,818
da02,1706843642381564,7.0689936,0.82134384,1.0676595,8,819
da02,1706843642481640,7.0658965,0.81760335,1.066901,9,820
da02,1706843642581667,7.0626287,0.82567251,1.0636808,9,821
da02,1706843642681600,7.0545487,0.82604343,1.0609231,8,822
da02,1706843642781557,7.0523453,0.82374781,1.0583025,9,823
da02,1706843642881657,7.0595,0.82138717,1.0564457,10,824
da02,1706843642981565,7.084867,0.82178205,1.0524639,13,825
da02,1706843643081581,7.0783653,0.82946795,1.0653926,8,826
da02,1706843643181617,7.08336,0.83907646,1.0764492,10,827
da02,1706843643281596,7.0855613,0.82124621,1.0822136,9,828
da02,1706843643381498,7.0806136,0.81756413,1.0772442,9,829
da02,1706843643481672,7.084754,0.82609111,1.0789702,10,830
da02,1706843643581581,7.071981,0.82218122,1.081004,8,831
da02,1706843643681596,7.0733337,0.82773495,1.0697443,10,832
da02,1706843643782250,7.0787454,0.81989163,1.0703577,10,833
da02,1706843643881577,7.079277,0.81959009,1.0696164,10,834
da02,1706843643981496,7.0788655,0.82239181,1.0638988,10,835
da02,1706843644081603,7.0731368,0.82847005,1.067318,9,836
da02,1706843644181548,7.0723529,0.82863796,1.0637792,10,837
da02,1706843644281525,7.0671439,0.83090276,1.0667841,9,838
da02,1706843644381601,7.0562754,0.83816069,1.0650675,8,839
da02,1706843644481575,7.0514326,0.82825589,1.0681738,8,840
da02,1706843644581501,7.0606179,0.83190405,1.064399,10,841
da02,1706843644681613,7.0695014,0.82825655,1.0691565,10,842
da02,1706843644781575,7.0646544,0.82875603,1.0690435,9,843
da02,1706843644881536,7.0688176,0.81949782,1.0665392,10,844
da02,1706843644981544,7.0584073,0.82217538,1.060979,8,845
da02,1706843645081535,7.04488,0.82630092,1.0628647,8,846
da02,1706843645181493,7.0551691,0.83973908,1.0623538,11,847
da02,1706843645281640,7.0536661,0.85190403,1.0650069,9,848
da02,1706843645381599,7.0547304,0.84235835,1.0742518,8,849
da02,1706843645481601,7.0651221,0.83385491,1.0758369,10,850
da02,1706843645581570,7.0794091,0.83256572,1.0607576,12,851
da02,1706843645681602,7.0724669,0.83059961,1.0520861,10,852
da02,1706843645781611,7.0762124,0.82052207,1.0545965,10,853
da02,1706843645881604,7.07691,0.82262415,1.0688452,9,854
da02,1706843645981686,7.0877824,0.82435614,1.0770795,11,855
da02,1706843646081652,7.0915909,0.83642519,1.0777155,11,856
da02,1706843646181585,7.0959439,0.8219505,1.0779327,10,857
da02,1706843646281711,7.0931859,0.83013022,1.0741419,10,858
da02,1706843646381689,7.0896325,0.83327532,1.0694237,10,859
da02,1706843646481601,7.0703058,0.82827973,1.0691763,7,860
da02,1706843646581697,7.059896,0.83052438,1.0761337,8,861
da02,1706843646681686,7.0723596,0.83177155,1.0748132,11,862
da02,1706843646781696,7.0744147,0.83297867,1.0743973,10,863
da02,1706843646881696,7.0675287,0.83525938,1.0754079,8,864
da02,1706843646981620,7.0669084,0.83930576,1.0719481,10,865
da02,1706843647083202,7.0749736,0.83652467,1.0628903,11,866
da02,1706843647181679,7.089407,0.83859444,1.0643214,12,867
da02,1706843647282626,7.0913854,0.83849454,1.0719624,10,868
da02,1706843647381480,7.0933242,0.83357495,1.077291,10,869
da02,1706843647481637,7.0848269,0.83169127,1.0704212,9,870
da02,1706843647581684,7.0864506,0.83257723,1.0716019,10,871
da02,1706843647681565,7.0969024,0.82550538,1.082984,10,872
da02,1706843647781594,7.0878825,0.82634932,1.0798821,9,873
da02,1706843647881593,7.0890346,0.83495831,1.0743829,11,874
da02,1706843647981570,7.0880966,0.828622,1.0868074,9,875
da02,1706843648081604,7.0983648,0.83782393,1.0892206,11,876
da02,1706843648181592,7.0938358,0.84195775,1.0904797,9,877
da02,1706843648281636,7.065733,0.84437329,1.0915266,8,878
da02,1706843648381578,7.0536728,0.82651073,1.0785782,8,879
da02,1706843648481621,7.0556183,0.81697786,1.0771983,9,880
da02,1706843648581588,7.0547075,0.81314623,1.0853728,8,881
da02,1706843648681568,7.0620475,0.81268084,1.0788463,10,882
da02,1706843648781600,7.0590777,0.81598669,1.0721632,9,883
da02,1706843648881640,7.0564666,0.8187831,1.0736856,8,884
da02,1706843648981593,7.0495892,0.818926,1.0780587,7,885
da02,1706843649081656,7.056211,0.82223827,1.0729619,10,886
da02,1706843649181637,7.0403838,0.83678579,1.070998,8,887
da02,1706843649281633,7.0317335,0.83799773,1.0717889,8,888
da02,1706843649381624,7.038372,0.82631713,1.0775751,8,889
da02,1706843649481617,7.0489149,0.82772893,1.0836937,9,890
da02,1706843649581599,7.0535355,0.81640059,1.0928166,8,891
da02,1706843649681731,7.0558085,0.81464005,1.0906671,9,892
da02,1706843649781671,7.06017,0.81526631,1.0826749,10,893
da02,1706843649881674,7.0664277,0.8206473,1.0762329,10,894
da02,1706843649981626,7.0656767,0.82980484,1.0756888,9,895
da02,1706843650081680,7.0591259,0.82909089,1.080727,8,896
da02,1706843650181584,7.0500221,0.82925469,1.0833235,7,897
da02,1706843650281656,7.0469971,0.82790411,1.0926676,7,898
da02,1706843650381638,7.0382023,0.83209211,1.0891411,8,899
da02,1706843650481682,7.038506,0.83194792,1.0873742,8,900
da02,1706843650581659,7.0436978,0.83155847,1.0821273,9,901
da02,1706843650681663,7.0434566,0.8274591,1.0793327,8,902
da02,1706843650781693,7.1859021,0.69116569,1.4556091,71,903
da02,1706843650881626,7.1562872,0.71622694,1.3648623,9,904
da02,1706843650981646,7.1291375,0.73420274,1.2965711,8,905
da02,1706843651081693,7.1209526,0.75277919,1.2350321,11,906
da02,1706843651181615,7.0896544,0.76634067,1.1953318,7,907
da02,1706843651281864,7.0810018,0.776705,1.1653919,9,908
da02,1706843651381892,7.0622725,0.78737187,1.1369765,7,909
da02,1706843651481716,7.0660033,0.8049373,1.1166061,10,910
da02,1706843651581694,7.0650549,0.81162608,1.1141111,8,911
da02,1706843651681700,7.0547638,0.82139474,1.1074383,8,912
da02,1706843651781648,7.0482206,0.82532734,1.1124769,8,913
da02,1706843651881690,7.047235,0.82240927,1.1031421,8,914
da02,1706843651981719,7.0402741,0.8262291,1.0870063,8,915
da02,1706843652081624,7.0492287,0.82654428,1.0868868,9,916
da02,1706843652181636,7.0526009,0.81999081,1.0893065,8,917
da02,1706843652281710,7.065485,0.81640929,1.0776553,11,918
da02,1706843652381659,7.0672288,0.82771671,1.0841771,9,919
da02,1706843652481644,7.0744672,0.82635188,1.0692605,11,920
da02,1706843652581722,7.069838,0.83144009,1.0713391,9,921
da02,1706843652681652,7.0741668,0.82000923,1.0838109,9,922
da02,1706843652781698,7.0624065,0.82469648,1.0860628,8,923
da02,1706843652881716,7.0706773,0.83404422,1.0852838,10,924
da02,1706843652981630,7.0761442,0.83957821,1.0818506,10,925
da02,1706843653081634,7.0754042,0.83392632,1.0836327,9,926
da02,1706843653181716,7.0755219,0.83567071,1.0854533,9,927
da02,1706843653281603,7.0833607,0.83302546,1.0786219,11,928
da02,1706843653381643,7.0792437,0.83277863,1.0739455,10,929
da02,1706843653481710,7.08729,0.82971191,1.0769223,10,930
da02,1706843653581588,7.0853262,0.82506591,1.076563,9,931
da02,1706843653681611,7.080287,0.82946515,1.068295,10,932
da02,1706843653781725,7.0754571,0.82707834,1.0681487,9,933
da02,1706843653881606,7.0671825,0.82967341,1.0744563,8,934
da02,1706843653981688,7.0685554,0.83549285,1.0734162,10,935
da02,1706843654081688,7.0701923,0.82606083,1.0656221,10,936
da02,1706843654181653,7.0659285,0.82747495,1.0688492,9,937
da02,1706843654281740,7.0663667,0.816233,1.0665519,9,938
da02,1706843654381677,7.0585241,0.81779742,1.0700086,8,939
da02,1706843654481679,7.062109,0.82331049,1.0614127,10,940
da02,1706843654581618,7.0555654,0.83173847,1.0625246,8,941
da02,1706843654682108,7.0603223,0.83110636,1.0599046,10,942
da02,1706843654781634,7.0588565,0.83430159,1.0591122,9,943
da02,1706843654881724,7.0529437,0.82800949,1.0595698,8,944
da02,1706843654981696,7.0529561,0.83120364,1.0612425,9,945
da02,1706843655081725,7.0522895,0.82756072,1.0696229,8,946
da02,1706843655181668,7.0463772,0.82996535,1.0802881,8,947
da02,1706843655281678,7.0496421,0.82440776,1.0902102,8,948
da02,1706843655381738,7.0632024,0.82306367,1.0831491,11,949
da02,1706843655481651,7.0713739,0.82727045,1.0774571,11,950
da02,1706843655581700,7.0695271,0.82580096,1.0774739,9,951
da02,1706843655681686,7.0707712,0.8278113,1.0676984,10,952
da02,1706843655781706,7.059782,0.83400726,1.0636656,8,953
da02,1706843655881739,7.061079,0.8382811,1.0745525,9,954
da02,1706843655981838,7.0521464,0.84215796,1.0753734,8,955
da02,1706843656081679,7.1643019,0.84621644,1.0595336,66,956
da02,1706843656181756,7.136075,0.8440268,1.0750296,8,957
da02,1706843656281748,7.1298566,0.84378576,1.0719852,11,958
da02,1706843656381643,7.11647,0.83635163,1.0745447,9,959
da02,1706843656481703,7.1049714,0.82664245,1.0742919,9,960
da02,1706843656581736,7.0881581,0.83044684,1.0797333,8,961
da02,1706843656681807,7.0940094,0.82800424,1.073714,11,962
da02,1706843656781692,7.08381,0.8278417,1.0707642,9,963
da02,1706843656881702,7.0798731,0.83407122,1.0747304,9,964
da02,1706843656981777,7.0790291,0.82684064,1.0721177,10,965
da02,1706843657081718,7.0741591,0.82321924,1.0730448,9,966
da02,1706843657181682,7.0625458,0.81814021,1.0751098,7,967
da02,1706843657282065,7.0598793,0.81742907,1.0734825,9,968
da02,1706843657381718,7.0719247,0.82456058,1.0725049,11,969
da02,1706843657481700,7.0876508,0.82028931,1.0697232,12,970
da02,1706843657581682,7.0791311,0.81641906,1.0697863,9,971
da02,1706843657681746,7.0723143,0.81611592,1.0732814,8,972
da02,1706843657781700,7.0629373,0.82001352,1.0681838,9,973
da02,1706843657881758,7.0673084,0.82650906,1.0588092,11,974
da02,1706843657981714,7.0639291,0.81771028,1.0605618,9,975
da02,1706843658081783,7.06467,0.82129228,1.0604005,10,976
da02,1706843658181749,7.0744772,0.81958497,1.0642118,10,977
da02,1706843658282280,7.0864019,0.82290643,1.0599098,12,978
da02,1706843658381730,7.0790062,0.81542671,1.0562775,9,979
da02,1706843658481681,7.0801349,0.82220435,1.0633272,10,980
da02,1706843658581742,7.0771403,0.8287577,1.0649813,9,981
da02,1706843658681642,7.079453,0.83597326,1.0658485,10,982
da02,1706843658781754,7.0777583,0.84021777,1.0669603,10,983
da02,1706843658881655,7.0635843,0.83905321,1.0799593,8,984
da02,1706843658981702,7.0683465,0.83021861,1.0768116,10,985
da02,1706843659081703,7.062274,0.82946873,1.0736715,9,986
da02,1706843659181684,7.0723681,0.82046336,1.075138,10,987
da02,1706843659281658,7.0768657,0.81556261,1.0712498,10,988
da02,1706843659381664,7.0614719,0.81646097,1.0771571,8,989
da02,1706843659481670,7.0631924,0.82106876,1.078048,9,990
da02,1706843659581663,7.0654159,0.81368166,1.0776242,9,991
da02,1706843659681647,7.071003,0.82534969,1.0843592,10,992
da02,1706843659781685,7.0911837,0.82475036,1.070125,13,993
da02,1706843659881630,7.0897784,0.82215637,1.0650384,10,994
da02,1706843659981671,7.091351,0.82320547,1.0665702,10,995
da02,1706843660081731,7.09516,0.8281523,1.0659038,11,996
da02,1706843660181706,7.0906873,0.83440632,1.0629315,10,997
da02,1706843660281753,7.0829325,0.82549936,1.0726813,8,998
da02,1706843660381747,7.0767188,0.82146668,1.0720662,9,999
da02,1706843660481653,7.0788155,0.82638514,1.0724255,10,1000
da02,1706843660581688,7.0831208,0.827597,1.0611526,11,1001
da02,1706843660681677,7.0726175,0.82596147,1.066707,8,1002
da02,1706843660781642,7.0728617,0.81811732,1.0667366,9,1003
da02,1706843660881650,7.061933,0.81504738,1.0755819,7,1004
da02,1706843660981720,7.056921,0.82745188,1.0708444,9,1005
da02,1706843661081694,7.0647345,0.83130103,1.066402,10,1006
da02,1706843661181674,7.0589948,0.84182662,1.0685228,9,1007
da02,1706843661281701,7.0469751,0.83282512,1.0667526,7,1008
da02,1706843661381699,7.0539689,0.8262825,1.0650852,10,1009
da02,1706843661481683,7.0511203,0.82572067,1.0710645,8,1010
da02,1706843661581709,7.0543046,0.826905,1.0696089,9,1011
da02,1706843661681664,7.0539522,0.83143622,1.0767471,8,1012
da02,1706843661781784,7.0502987,0.83260453,1.0746418,8,1013
da02,1706843661881704,7.0472465,0.8293485,1.0743716,8,1014
da02,1706843661981734,7.0479264,0.831813,1.0736816,9,1015
da02,1706843662081734,7.0636907,0.83797431,1.0720803,11,1016
da02,1706843662181816,7.0605836,0.84133178,1.0665205,9,1017
da02,1706843662281794,7.0747247,0.84475452,1.0674988,11,1018
da02,1706843662381880,7.0723596,0.84307361,1.0649179,10,1019
da02,1706843662483354,7.0690041,0.84445423,1.0591635,10,1020
da02,1706843662581729,7.0762215,0.83621371,1.0583755,11,1021
da02,1706843662681844,7.0724082,0.83213973,1.060709,9,1022
da02,1706843662782106,7.0640645,0.83656865,1.0561203,9,1023
da02,1706843662881776,7.0616918,0.83607721,1.0669395,8,1024
da02,1706843662981807,7.0693445,0.82128567,1.0606937,10,1025
da02,1706843663081769,7.0672865,0.81872773,1.0579609,9,1026
da02,1706843663181698,7.0680547,0.81569231,1.0587718,9,1027
da02,1706843663281890,7.0661931,0.82118124,1.0700538,8,1028
da02,1706843663381741,7.0497088,0.81875819,1.0754429,8,1029
da02,1706843663481725,7.0540152,0.81977224,1.0822194,9,1030
da02,1706843663581806,7.0740724,0.82679987,1.0764627,12,1031
da02,1706843663681716,7.0835385,0.817372,1.0763562,10,1032
da02,1706843663781704,7.0851593,0.818918,1.0663767,11,1033
da02,1706843663881840,7.071877,0.81827956,1.0746727,7,1034
da02,1706843663981754,7.064487,0.82317108,1.0679528,9,1035
da02,1706843664081759,7.0654044,0.82948273,1.0684506,9,1036
da02,1706843664181828,7.0573707,0.83030641,1.0787327,8,1037
da02,1706843664281718,7.0631242,0.83526361,1.0746477,10,1038
da02,1706843664381720,7.0627065,0.82354254,1.0742503,9,1039
da02,1706843664481862,7.064496,0.82614452,1.0617865,10,1040
da02,1706843664581748,7.0758438,0.82746911,1.0523874,12,1041
da02,1706843664681669,7.0849333,0.83315527,1.0719817,10,1042
da02,1706843664781912,7.0755262,0.82867354,1.0714288,8,1043
da02,1706843664881709,7.07532,0.8265124,1.0734339,9,1044
da02,1706843664981707,7.08999,0.83635324,1.0675802,12,1045
da02,1706843665081841,7.0826797,0.8356362,1.0649017,9,1046
da02,1706843665181730,7.076509,0.82903671,1.0738157,8,1047
da02,1706843665281716,7.0738363,0.82226294,1.0743774,9,1048
da02,1706843665381827,7.0693641,0.82840735,1.0713792,9,1049
da02,1706843665481774,7.0728931,0.82854885,1.0849571,9,1050
da02,1706843665581712,7.0859737,0.828849,1.0813416,11,1051
da02,1706843665681792,7.0827026,0.83155829,1.0736909,10,1052
da02,1706843665781757,7.0798583,0.83390242,1.0744817,9,1053
da02,1706843665881703,7.0836229,0.82680815,1.0670682,11,1054
da02,1706843665981783,7.0703225,0.82569063,1.074504,7,1055
da02,1706843666081747,7.07417,0.81944764,1.0748212,10,1056
da02,1706843666181728,7.0723791,0.81916994,1.0813918,9,1057
da02,1706843666281840,7.0695996,0.81370878,1.0837843,8,1058
da02,1706843666381778,7.0570617,0.82073957,1.0804479,8,1059
da02,1706843666481741,7.0584431,0.81903607,1.0779564,9,1060
da02,1706843666581772,7.0585928,0.82520103,1.0799563,9,1061
da02,1706843666681736,7.05804,0.82389265,1.0733976,9,1062
da02,1706843666781744,7.0558958,0.83553034,1.0755653,9,1063
da02,1706843666881759,7.0641508,0.82497054,1.0735996,10,1064
da02,1706843666981758,7.0677547,0.83491939,1.0784701,9,1065
da02,1706843667081833,7.0623236,0.82471055,1.0848696,8,1066
da02,1706843667181806,7.07649,0.82862824,1.0736624,12,1067
da02,1706843667281898,7.0822306,0.82399362,1.0665338,11,1068
da02,1706843667381809,7.0652895,0.83299381,1.0616852,8,1069
da02,1706843667481759,7.070394,0.82609206,1.0580114,10,1070
da02,1706843667581849,7.0691295,0.82792568,1.0612284,9,1071
da02,1706843667681809,7.0751462,0.8249222,1.0605446,10,1072
da02,1706843667781815,7.0703068,0.83054054,1.0496539,10,1073
da02,1706843667881860,7.0706525,0.8276031,1.0470932,10,1074
da02,1706843667981848,7.0677352,0.83277273,1.0533775,9,1075
da02,1706843668081777,7.0690551,0.83220112,1.0595663,9,1076
da02,1706843668181863,7.0588856,0.83795834,1.0665985,8,1077
da02,1706843668281810,7.0571427,0.83123237,1.0591879,9,1078
da02,1706843668381890,7.0680079,0.83114916,1.0622734,10,1079
da02,1706843668481785,7.0734739,0.83028585,1.0675027,10,1080
da02,1706843668581887,7.0813718,0.83269304,1.0689692,11,1081
da02,1706843668681856,7.0789413,0.82913584,1.0729216,9,1082
da02,1706843668781886,7.0808506,0.83287835,1.0744839,10,1083
da02,1706843668881093,7.0704904,0.83256674,1.0725816,8,1084
da02,1706843668981055,7.068531,0.82684165,1.0641512,10,1085
da02,1706843669081186,7.0787745,0.83350736,1.0635115,11,1086
da02,1706843669181190,7.0821662,0.84259981,1.0590671,11,1087
da02,1706843669281354,7.0719676,0.83270961,1.0675191,8,1088
da02,1706843669381053,7.0810728,0.8315773,1.0628082,11,1089
da02,1706843669481090,7.078774,0.82379949,1.0706733,9,1090
da02,1706843669582290,7.0815687,0.82382578,1.0545957,11,1091
da02,1706843669682276,7.0803227,0.81805712,1.0528985,10,1092
da02,1706843669781967,7.0629253,0.81833822,1.0598961,7,1093
da02,1706843669881832,7.0647836,0.81540024,1.0602232,9,1094
da02,1706843669981826,7.0622063,0.82248658,1.0631456,9,1095
da02,1706843670081793,7.0606422,0.8285411,1.0667531,9,1096
da02,1706843670181812,7.0731907,0.83209908,1.0809479,10,1097
da02,1706843670282084,7.0708375,0.83284217,1.0735965,10,1098
da02,1706843670381801,7.0702033,0.83450115,1.0719491,9,1099
da02,1706843670481920,7.0694084,0.83167863,1.064447,10,1100
da02,1706843670581839,7.062664,0.83200574,1.071313,8,1101
da02,1706843670681806,7.063314,0.833512,1.0677786,10,1102
da02,1706843670781854,7.0675454,0.83989978,1.0671742,10,1103
da02,1706843670881869,7.0579476,0.83144641,1.0645204,8,1104
da02,1706843670981818,7.0586967,0.82854104,1.0691078,9,1105
da02,1706843671081806,7.0610967,0.83131009,1.0647956,10,1106
da02,1706843671181796,7.0627093,0.82138479,1.0604221,10,1107
da02,1706843671281787,7.0550909,0.81683195,1.0577638,8,1108
da02,1706843671381766,7.05574,0.82054704,1.0664644,8,1109
da02,1706843671481797,7.0447297,0.82874858,1.0778844,8,1110
da02,1706843671581752,7.0591021,0.82896775,1.0697958,11,1111
da02,1706843671681797,7.0644045,0.83537591,1.0683149,10,1112
da02,1706843671781810,7.07684,0.83877879,1.0697857,11,1113
da02,1706843671881774,7.0706162,0.83181357,1.0653539,9,1114
da02,1706843671982096,7.068573,0.829584,1.067348,9,1115
da02,1706843672081832,7.0628853,0.82522607,1.0703431,8,1116
da02,1706843672181852,7.0680356,0.83069813,1.0704519,10,1117
da02,1706843672281835,7.0726786,0.83407962,1.0688423,10,1118
da02,1706843672381807,7.0704193,0.83653,1.069034,9,1119
da02,1706843672481862,7.0626645,0.83525336,1.0761008,8,1120
da02,1706843672581752,7.0641632,0.83074027,1.0682547,10,1121
da02,1706843672681826,7.0744357,0.83082485,1.0650305,11,1122
da02,1706843672781840,7.0671353,0.83395243,1.078775,8,1123
da02,1706843672881902,7.0712166,0.83607769,1.0839996,9,1124
da02,1706843672981876,7.0746708,0.83846039,1.081743,10,1125
da02,1706843673081862,7.0650768,0.83751166,1.0759354,8,1126
da02,1706843673181884,7.0605865,0.83424956,1.0675335,9,1127
da02,1706843673281894,7.0664496,0.827349,1.0726738,9,1128
da02,1706843673381894,7.06852,0.82554239,1.070583,10,1129
da02,1706843673481992,7.0710173,0.83532357,1.0800201,9,1130
da02,1706843673582098,7.0715213,0.83417475,1.071979,10,1131
da02,1706843673681886,7.0734205,0.8340708,1.0670772,10,1132
da02,1706843673781230,7.0615835,0.827803,1.0661447,8,1133
da02,1706843673881352,7.0621505,0.82850009,1.0621345,10,1134
da02,1706843673981069,7.0596719,0.81960493,1.0582334,9,1135
da02,1706843674081182,7.0560427,0.82787663,1.0591766,9,1136
da02,1706843674181030,7.0605521,0.83599848,1.0637512,10,1137
da02,1706843674281066,7.0495434,0.83594292,1.0664095,7,1138
da02,1706843674381022,7.0679641,0.81713533,1.0635874,11,1139
da02,1706843674482117,7.0711946,0.814118,1.0748365,9,1140
da02,1706843674581849,7.0670471,0.81932235,1.0695845,9,1141
da02,1706843674681874,7.0709114,0.81539357,1.0765946,9,1142
da02,1706843674781866,7.0637937,0.8198173,1.0766199,8,1143
da02,1706843674881976,7.0692177,0.81961238,1.0664928,11,1144
da02,1706843674981852,7.0742908,0.8260836,1.0759327,9,1145
da02,1706843675081911,7.0780239,0.83652687,1.0810932,10,1146
da02,1706843675181920,7.0663948,0.83940059,1.0768425,8,1147
da02,1706843675281941,7.0680733,0.83607906,1.073018,10,1148
da02,1706843675381895,7.0637417,0.84643757,1.0885868,8,1149
da02,1706843675481968,7.0558548,0.8366937,1.086815,8,1150
da02,1706843675581865,7.054379,0.83735657,1.07922,9,1151
da02,1706843675681994,7.0566092,0.81909484,1.0808189,8,1152
da02,1706843675781925,7.0568328,0.82565248,1.0772564,9,1153
da02,1706843675881897,7.0774465,0.82566595,1.066929,13,1154
da02,1706843675981948,7.0711784,0.81518447,1.0686986,8,1155
da02,1706843676081982,7.0705132,0.81789988,1.0671914,9,1156
da02,1706843676181855,7.0646386,0.82171386,1.069272,8,1157
da02,1706843676281938,7.0675845,0.81869572,1.0683739,10,1158
da02,1706843676381987,7.0620871,0.81927007,1.0794369,8,1159
da02,1706843676481874,7.0651574,0.8250798,1.0774614,10,1160
da02,1706843676581883,7.0530758,0.82324523,1.0790529,7,1161
da02,1706843676681853,7.0618587,0.82711142,1.0646533,11,1162
da02,1706843676781903,7.062746,0.82757086,1.0658482,9,1163
da02,1706843676881919,7.0632606,0.83681846,1.0735103,9,1164
da02,1706843676981914,7.0499549,0.84240013,1.0901891,9,1165
da02,1706843677081872,7.0561614,0.83341908,1.0940186,9,1166
da02,1706843677181933,7.0582309,0.82369745,1.0840117,9,1167
da02,1706843677281900,7.0711107,0.82665128,1.0807217,11,1168
da02,1706843677381831,7.0650659,0.82942832,1.0759873,9,1169
da02,1706843677481918,7.050807,0.82082671,1.0882391,8,1170
da02,1706843677581936,7.0509124,0.82951128,1.0866091,9,1171
da02,1706843677681879,7.0559106,0.83909392,1.0826079,10,1172
da02,1706843677781924,7.0503664,0.83081108,1.0833784,8,1173
da02,1706843677883474,7.0426059,0.83472389,1.0767066,8,1174
da02,1706843677981862,7.0542426,0.845298,1.07483,10,1175
da02,1706843678081924,7.0570707,0.83899939,1.068983,10,1176
da02,1706843678181920,7.0586085,0.84573793,1.0786301,9,1177
da02,1706843678281944,7.0671864,0.84283322,1.0674764,11,1178
da02,1706843678381932,7.0810866,0.82907015,1.0663881,11,1179
da02,1706843678481930,7.0887136,0.82700157,1.0599406,11,1180
da02,1706843678583180,7.0891852,0.81594855,1.0622497,10,1181
da02,1706843678682007,7.0798955,0.81354,1.0631332,9,1182
da02,1706843678781890,7.0732174,0.81694263,1.0704195,8,1183
da02,1706843678882037,7.0648489,0.81503874,1.0639715,9,1184
da02,1706843678981132,7.0689492,0.80693042,1.073378,9,1185
da02,1706843679081084,7.0593529,0.80858755,1.0709206,8,1186
da02,1706843679181114,7.06855,0.81190884,1.0706238,10,1187
da02,1706843679281430,7.064415,0.81048936,1.0732011,8,1188
da02,1706843679381056,7.0627942,0.81245303,1.073164,9,1189
da02,1706843679481164,7.0700178,0.81027591,1.0787241,9,1190
da02,1706843679581123,7.0796647,0.81138742,1.0701519,11,1191
da02,1706843679681966,7.0841513,0.81475383,1.071456,10,1192
da02,1706843679781953,7.0774169,0.82686061,1.0717224,9,1193
da02,1706843679881924,7.0617929,0.83055413,1.0755217,8,1194
da02,1706843679981951,7.0568891,0.83449233,1.0845451,8,1195
da02,1706843680081994,7.0551853,0.83338523,1.0881861,8,1196
da02,1706843680181884,7.0638037,0.83652818,1.077042,11,1197
da02,1706843680282412,7.0577703,0.83085167,1.0692878,9,1198
da02,1706843680381859,7.07661,0.8287732,1.0635515,12,1199
da02,1706843680481977,7.0723634,0.82354635,1.0662674,9,1200
da02,1706843680581872,7.0793386,0.826456,1.0793271,9,1201
da02,1706843680681845,7.0807676,0.831276,1.0744504,10,1202
da02,1706843680781872,7.0788112,0.83219707,1.0757344,9,1203
da02,1706843680881880,7.0736752,0.8231014,1.077093,8,1204
da02,1706843680981840,7.0842195,0.82814276,1.0694984,12,1205
da02,1706843681081934,7.0688572,0.8274045,1.0783521,8,1206
da02,1706843681181960,7.0570607,0.82049686,1.0817984,7,1207
da02,1706843681281967,7.0707045,0.81942016,1.0749098,11,1208
da02,1706843681381871,7.0701532,0.82105029,1.0756373,9,1209
da02,1706843681481880,7.0769091,0.82756829,1.0811899,10,1210
da02,1706843681581869,7.0736647,0.82717073,1.0768435,9,1211
da02,1706843681681879,7.0652986,0.8158884,1.0780692,8,1212
da02,1706843681781865,7.0623312,0.81539017,1.0729642,9,1213
da02,1706843681881914,7.0735288,0.81447875,1.064433,11,1214
da02,1706843681981864,7.0660534,0.82434022,1.0703917,8,1215
da02,1706843682081906,7.0485997,0.83318758,1.0658216,8,1216
da02,1706843682181891,7.0577149,0.83401591,1.074966,9,1217
da02,1706843682281884,7.0585475,0.82708007,1.0834657,8,1218
da02,1706843682381868,7.0620975,0.83243155,1.079803,10,1219
da02,1706843682481917,7.071651,0.83651829,1.0791975,10,1220
da02,1706843682581862,7.0660729,0.84513783,1.0685087,10,1221
da02,1706843682681844,7.0785851,0.83901632,1.0688052,11,1222
da02,1706843682781928,7.0787511,0.83549768,1.0602098,10,1223
da02,1706843682881870,7.08312,0.829831,1.0656589,10,1224
da02,1706843682981879,7.0619626,0.82894629,1.0798334,8,1225
da02,1706843683081920,7.0620642,0.82855356,1.078567,9,1226
da02,1706843683181954,7.0658951,0.8324073,1.0792741,10,1227
da02,1706843683281877,7.1930923,0.83623546,1.0633227,67,1228
da02,1706843683381971,7.1671782,0.81646955,1.0654975,10,1229
da02,1706843683481978,7.1402535,0.81661832,1.0608678,9,1230
da02,1706843683581866,7.1168895,0.82410616,1.0656298,8,1231
da02,1706843683681922,7.1024675,0.82679653,1.0661809,9,1232
da02,1706843683781892,7.0961127,0.8355242,1.0752872,9,1233
da02,1706843683881930,7.0837297,0.84163243,1.0775651,8,1234
da02,1706843683981898,7.0848732,0.83966666,1.0744979,10,1235
da02,1706843684081911,7.0853353,0.83854157,1.0749335,10,1236
da02,1706843684181910,7.0921865,0.83701807,1.0798018,10,1237
da02,1706843684281992,7.0953894,0.8377195,1.0819808,10,1238
da02,1706843684381898,7.1005726,0.83345252,1.0789093,11,1239
da02,1706843684482091,7.094058,0.83348024,1.0763365,10,1240
da02,1706843684581925,7.0800252,0.83227688,1.072565,8,1241
da02,1706843684681938,7.0775,0.8325814,1.0718597,9,1242
da02,1706843684782440,7.070241,0.83344328,1.0779903,8,1243
da02,1706843684881981,7.0760784,0.82229722,1.0748036,10,1244
da02,1706843684982479,7.0772767,0.82139426,1.0729508,10,1245
da02,1706843685082056,7.0728097,0.81462854,1.09126,7,1246
da02,1706843685181936,7.078392,0.80900609,1.0748702,11,1247
da02,1706843685281953,7.0836411,0.810433,1.0640271,11,1248
da02,1706843685381984,7.0794969,0.81242371,1.0694997,9,1249
da02,1706843685481946,7.0828133,0.82001388,1.0689044,10,1250
da02,1706843685581904,7.0731964,0.81732732,1.0663222,9,1251
da02,1706843685681971,7.0761995,0.81651819,1.0811224,9,1252
da02,1706843685781989,7.0801344,0.8122502,1.0730224,10,1253
da02,1706843685881950,7.0811024,0.81315994,1.0661629,10,1254
da02,1706843685981970,7.0760508,0.81597018,1.0669069,9,1255
da02,1706843686081987,7.0646429,0.81761128,1.0667778,8,1256
da02,1706843686181889,7.0523047,0.81799752,1.0738032,8,1257
da02,1706843686281938,7.0524573,0.82249308,1.0867823,8,1258
da02,1706843686381946,7.0681338,0.81342053,1.0786802,11,1259
da02,1706843686482068,7.0608106,0.82687211,1.0825109,8,1260
da02,1706843686581971,7.0676093,0.8321237,1.0642014,11,1261
da02,1706843686681948,7.0768757,0.84079605,1.0649332,11,1262
da02,1706843686781921,7.0647521,0.84336394,1.0626348,8,1263
da02,1706843686881987,7.0705438,0.82334417,1.056747,10,1264
da02,1706843686981904,7.0689487,0.8194744,1.0646646,9,1265
da02,1706843687081945,7.0794744,0.82195234,1.0782686,10,1266
da02,1706843687181982,7.0824633,0.82418174,1.0733436,10,1267
da02,1706843687282039,7.0782108,0.82422948,1.075797,9,1268
da02,1706843687381905,7.0714831,0.83094776,1.0769042,9,1269
da02,1706843687481942,7.0784941,0.82460952,1.0686182,11,1270
da02,1706843687581926,7.0774808,0.82796651,1.0689815,10,1271
da02,1706843687681942,7.0879416,0.82543468,1.0637286,12,1272
da02,1706843687781886,7.0819387,0.82557052,1.0637475,9,1273
da02,1706843687881954,7.0674267,0.831825,1.0734862,8,1274
da02,1706843687981934,7.0741911,0.83201742,1.0646662,11,1275
da02,1706843688081945,7.0669,0.83934754,1.0723677,8,1276
da02,1706843688181940,7.0576072,0.84524548,1.0703707,8,1277
da02,1706843688281942,7.0586691,0.8486715,1.066449,10,1278
da02,1706843688381912,7.0561905,0.84103495,1.0724789,8,1279
da02,1706843688482003,7.0632987,0.82343894,1.0736333,9,1280
da02,1706843688582022,7.0646496,0.82079291,1.0622859,10,1281
da02,1706843688681973,7.0568628,0.82050222,1.0616102,8,1282
da02,1706843688782089,7.052702,0.81090188,1.0628607,8,1283
da02,1706843688882030,7.049397,0.81496435,1.0635039,8,1284
da02,1706843688981945,7.04019,0.81115133,1.0674809,7,1285
da02,1706843689081976,7.0476246,0.81676888,1.0642607,10,1286
da02,1706843689181995,7.0508323,0.82439023,1.0559337,10,1287
da02,1706843689281964,7.0513182,0.83180749,1.063427,9,1288
da02,1706843689382554,7.0555263,0.83599639,1.0612649,10,1289
da02,1706843689482045,7.0572472,0.83269936,1.0680746,9,1290
da02,1706843689581924,7.0665751,0.83155245,1.0602512,11,1291
da02,1706843689682031,7.0595627,0.82181877,1.0614763,8,1292
da02,1706843689781982,7.063673,0.82552725,1.0608864,10,1293
da02,1706843689881938,7.0626454,0.82225823,1.0608364,9,1294
da02,1706843689982495,7.0636158,0.82573384,1.0799958,8,1295
da02,1706843690082088,7.0617723,0.82650369,1.0779293,9,1296
da02,1706843690181965,7.06002,0.82633829,1.0749725,9,1297
da02,1706843690282040,7.0587215,0.82506794,1.0761881,9,1298
da02,1706843690381983,7.0487986,0.83381611,1.0686209,8,1299
da02,1706843690482104,7.0511975,0.84638464,1.0687398,9,1300
da02,1706843690581972,7.0481582,0.84822613,1.0777385,8,1301
da02,1706843690681982,7.0513058,0.84454083,1.0725204,9,1302
da02,1706843690781921,7.049768,0.84657854,1.0698918,9,1303
da02,1706843690881994,7.0503283,0.83649164,1.0726521,8,1304
da02,1706843690981983,7.0620933,0.83811551,1.0672184,11,1305
da02,1706843691082008,7.0675173,0.83592361,1.0628729,10,1306
da02,1706843691181975,7.0703416,0.83989632,1.0579213,10,1307
da02,1706843691282554,7.0817866,0.83508521,1.0608647,11,1308
da02,1706843691381968,7.0814309,0.83881515,1.0650388,10,1309
da02,1706843691482007,7.0704145,0.84518123,1.0708531,8,1310
da02,1706843691581996,7.0676913,0.83582443,1.07933,8,1311
da02,1706843691681992,7.0587626,0.8320986,1.080941,8,1312
da02,1706843691782032,7.0604062,0.83246225,1.0746378,10,1313
da02,1706843691881988,7.0643058,0.83350986,1.0707574,10,1314
da02,1706843691981925,7.0663795,0.83948588,1.0710145,10,1315
da02,1706843692081992,7.0772223,0.83849263,1.0709739,11,1316
da02,1706843692182091,7.0781975,0.827897,1.0758836,9,1317
da02,1706843692281998,7.0792155,0.82745922,1.0755253,10,1318
da02,1706843692381914,7.0727077,0.827382,1.0797136,8,1319
da02,1706843692481979,7.0663753,0.82322133,1.0768744,8,1320
da02,1706843692581960,7.0520225,0.82594895,1.0779182,8,1321
da02,1706843692681996,7.05824,0.81398082,1.0762234,9,1322
da02,1706843692782211,7.0706768,0.82081342,1.0817703,10,1323
da02,1706843692882188,7.0803843,0.82898617,1.0767258,11,1324
da02,1706843692981958,7.0819764,0.83055925,1.0728196,10,1325
da02,1706843693081992,7.08193,0.83730721,1.0720028,10,1326
da02,1706843693181986,7.0774484,0.83335412,1.0695959,9,1327
da02,1706843693283665,7.0584331,0.83208615,1.066155,7,1328
da02,1706843693382031,7.0651455,0.82646787,1.0806364,9,1329
da02,1706843693482054,7.2078967,0.70501155,1.3797247,71,1330
da02,1706843693582018,7.182281,0.73200107,1.304757,10,1331
da02,1706843693682032,7.1478319,0.74800926,1.2346299,9,1332
da02,1706843693781977,7.1457014,0.75950128,1.2013178,11,1333
da02,1706843693882013,7.1340585,0.77660716,1.1674601,11,1334
da02,1706843693981982,7.1158218,0.78521883,1.1380357,9,1335
da02,1706843694082014,7.1024771,0.79463792,1.1218594,9,1336
da02,1706843694182137,7.0863438,0.80311435,1.1105034,8,1337
da02,1706843694282010,7.0673504,0.81272793,1.1049197,8,1338
da02,1706843694381945,7.0579476,0.82421118,1.0906087,9,1339
da02,1706843694482050,7.0484204,0.82298684,1.0875589,7,1340
da02,1706843694581970,7.0438485,0.82729763,1.0913377,8,1341
da02,1706843694681989,7.0526361,0.8299734,1.0895336,9,1342
da02,1706843694782056,7.0467477,0.8251254,1.0816398,8,1343
da02,1706843694882007,7.0480108,0.823819,1.0749487,9,1344
da02,1706843694981938,7.0455422,0.82046932,1.0852987,7,1345
da02,1706843695082004,7.0492344,0.829402,1.072443,10,1346
da02,1706843695181980,7.0746031,0.83326554,1.0856307,11,1347
da02,1706843695281988,7.0682192,0.82503468,1.077879,9,1348
da02,1706843695381982,7.0582356,0.83373427,1.0768943,8,1349
da02,1706843695482071,7.0599318,0.8380987,1.080663,9,1350
da02,1706843695582035,7.0658112,0.8403247,1.0819861,10,1351
da02,1706843695682062,7.067193,0.8405081,1.0769119,10,1352
da02,1706843695782009,7.0825853,0.82808739,1.0783668,11,1353
da02,1706843695881998,7.07264,0.82373351,1.0761586,8,1354
da02,1706843695982238,7.0750003,0.827721,1.073032,10,1355
da02,1706843696082057,7.0692215,0.82120216,1.0860549,7,1356
da02,1706843696181928,7.0475912,0.830737,1.0823448,8,1357
da02,1706843696282178,7.0566282,0.83033365,1.0817819,10,1358
da02,1706843696382029,7.0496325,0.83212292,1.0779717,8,1359
da02,1706843696482083,7.0414066,0.82961208,1.0874267,8,1360
da02,1706843696581982,7.0547276,0.82579017,1.0850202,10,1361
da02,1706843696682006,7.0445337,0.82116467,1.0815662,7,1362
da02,1706843696781964,7.0513229,0.82057118,1.0710274,10,1363
da02,1706843696882030,7.0445189,0.82475227,1.0740153,8,1364
da02,1706843696981962,7.0491748,0.83390653,1.0896748,8,1365
da02,1706843697082015,7.0540452,0.82627666,1.0963107,8,1366
da02,1706843697181996,7.0499072,0.83358347,1.0897428,8,1367
da02,1706843697282076,7.0580525,0.82836169,1.0848507,10,1368
da02,1706843697381982,7.0518603,0.82954127,1.0796095,8,1369
da02,1706843697482000,7.059031,0.830147,1.0852195,9,1370
da02,1706843697581963,7.0625143,0.83137828,1.080021,10,1371
da02,1706843697682008,7.0644174,0.82625651,1.0870349,8,1372
da02,1706843697782064,7.0578132,0.82573831,1.0802306,8,1373
da02,1706843697882007,7.06602,0.83474797,1.0926163,9,1374
da02,1706843697981963,7.0720758,0.8275376,1.0696741,11,1375
da02,1706843698082080,7.0656905,0.83572072,1.0657467,9,1376
da02,1706843698182024,7.0679326,0.83294195,1.0657444,10,1377
da02,1706843698282148,7.056716,0.82656169,1.0664948,8,1378
da02,1706843698381972,7.0718069,0.83364952,1.0712676,11,1379
da02,1706843698482014,7.0681067,0.84335053,1.0647361,10,1380
da02,1706843698582122,7.0735483,0.83943689,1.0693498,10,1381
da02,1706843698682222,7.0534778,0.84625423,1.0747974,8,1382
da02,1706843698782210,7.0442977,0.84024686,1.077414,7,1383
da02,1706843698882230,7.0630364,0.83576661,1.0704058,12,1384
da02,1706843698982164,7.062459,0.8351391,1.074607,9,1385
da02,1706843699082219,7.0728006,0.83109081,1.0752221,10,1386
da02,1706843699182322,7.0652075,0.83162171,1.0717938,9,1387
da02,1706843699282306,7.0496936,0.82812887,1.0719337,7,1388
da02,1706843699382216,7.0414181,0.82892126,1.0721825,7,1389
da02,1706843699482732,7.0311279,0.824546,1.0808562,8,1390
da02,1706843699582172,7.04193,0.82900959,1.0823214,9,1391
da02,1706843699682223,7.0359869,0.82917714,1.0848283,8,1392
da02,1706843699782206,7.0517354,0.825457,1.0941674,9,1393
da02,1706843699882252,7.0451927,0.82918853,1.0889744,8,1394
da02,1706843699982194,7.0594425,0.82926637,1.0818852,11,1395
da02,1706843700082402,7.0548034,0.82941782,1.090603,7,1396
da02,1706843700182218,7.0563207,0.82813954,1.0890292,9,1397
da02,1706843700282208,7.0633025,0.82053477,1.0843171,10,1398
da02,1706843700382192,7.0707445,0.82165188,1.0747977,11,1399
da02,1706843700482233,7.0602741,0.82225132,1.0716507,8,1400
da02,1706843700582154,7.0618663,0.82686186,1.0808436,9,1401
da02,1706843700682311,7.0558982,0.824991,1.0904428,7,1402
da02,1706843700782209,7.0649176,0.81745821,1.0834343,10,1403
da02,1706843700882203,7.071887,0.82150805,1.0862032,10,1404
da02,1706843700982186,7.0845022,0.82095891,1.0791006,11,1405
da02,1706843701082233,7.078618,0.820728,1.0724697,9,1406
da02,1706843701182180,7.0763721,0.82838953,1.0732564,9,1407
da02,1706843701282203,7.0757732,0.83746648,1.0784948,9,1408
da02,1706843701382190,7.0785017,0.838073,1.070729,11,1409
da02,1706843701482769,7.0864778,0.82619947,1.0710026,11,1410
da02,1706843701582186,7.0774632,0.82167053,1.0610986,9,1411
da02,1706843701682198,7.0713277,0.82756734,1.0627557,9,1412
da02,1706843701782153,7.0789413,0.83479089,1.0606306,11,1413
da02,1706843701882200,7.0756607,0.82657856,1.0644885,9,1414
da02,1706843701982220,7.0673704,0.82711744,1.0633832,9,1415
da02,1706843702082232,7.0620017,0.82225388,1.0670162,8,1416
da02,1706843702182214,7.062542,0.81865668,1.0723666,9,1417
da02,1706843702282866,7.0671425,0.81754225,1.0707688,10,1418
da02,1706843702382230,7.0621352,0.81927252,1.0636586,9,1419
da02,1706843702482353,7.076714,0.82411057,1.0663503,11,1420
da02,1706843702582131,7.069778,0.819324,1.0599891,9,1421
da02,1706843702682139,7.0682254,0.82658041,1.0627625,9,1422
da02,1706843702782105,7.0724635,0.82910252,1.0650824,10,1423
da02,1706843702882152,7.0733628,0.82984126,1.0670149,10,1424
da02,1706843702982118,7.083868,0.81554919,1.0628496,11,1425
da02,1706843703082118,7.08229,0.82044709,1.0629643,10,1426
da02,1706843703182104,7.0682034,0.81980389,1.0675652,7,1427
da02,1706843703282116,7.0821786,0.81479836,1.0685389,11,1428
da02,1706843703382077,7.0767241,0.8251009,1.0636591,10,1429
da02,1706843703482151,7.0726042,0.83497977,1.0683455,9,1430
da02,1706843703582133,7.0673904,0.83114022,1.0763593,8,1431
da02,1706843703682146,7.0539947,0.82742268,1.075778,7,1432
da02,1706843703782227,7.0691357,0.82725161,1.0697919,11,1433
da02,1706843703882160,7.0694027,0.82317096,1.0755668,9,1434
da02,1706843703982090,7.0555582,0.84118485,1.0791607,8,1435
da02,1706843704082133,7.059536,0.8388859,1.0778548,9,1436
da02,1706843704182079,7.0545955,0.83146453,1.0733298,8,1437
da02,1706843704282136,7.0489225,0.82994872,1.0768015,8,1438
da02,1706843704382093,7.0576644,0.82763392,1.0618204,11,1439
da02,1706843704482151,7.0605083,0.81708258,1.0702269,8,0
da02,1706843704582654,7.0570431,0.822443,1.0529985,10,1
da02,1706843704682134,7.0571351,0.82931924,1.0529662,9,2
da02,1706843704782082,7.0652657,0.83344066,1.0544066,10,3
da02,1706843704882135,7.0641675,0.83115673,1.0618819,9,4
da02,1706843704982097,7.0595379,0.82862878,1.0707587,8,5
da02,1706843705082140,7.0587993,0.82304615,1.0730108,9,6
da02,1706843705182135,7.0544424,0.81804436,1.0779769,8,7
da02,1706843705282317,7.0575809,0.81829917,1.061084,10,8
da02,1706843705382217,7.0619249,0.81541544,1.0570621,10,9
da02,1706843705482267,7.0642781,0.82182616,1.058219,10,10
da02,1706843705582238,7.0693822,0.83338153,1.0604792,10,11
da02,1706843705682268,7.0662193,0.82436389,1.0646023,9,12
da02,1706843705782264,7.0614285,0.82443124,1.0552571,9,13
da02,1706843705882237,7.0651326,0.82182163,1.0657891,9,14
da02,1706843705982213,7.0609465,0.82658279,1.0624055,9,15
da02,1706843706082230,7.0696821,0.82990986,1.0618993,11,16
da02,1706843706182203,7.0640125,0.83075279,1.0615081,9,17
da02,1706843706282296,7.070858,0.83075488,1.0645543,10,18
da02,1706843706382290,7.0761371,0.82178116,1.064018,10,19
da02,1706843706482296,7.0589428,0.82528263,1.0634239,8,20
da02,1706843706582200,7.0440297,0.8363902,1.0714585,8,21
da02,1706843706682226,7.0371771,0.83294994,1.0635179,8,22
da02,1706843706782290,7.0339212,0.8329491,1.0642134,8,23
da02,1706843706882232,7.04679,0.83052111,1.0650884,10,24
da02,1706843706982210,7.0434318,0.83004081,1.064427,8,25
da02,1706843707082264,7.0393353,0.83336627,1.0680821,8,26
da02,1706843707182248,7.0459981,0.82212478,1.0728204,9,27
da02,1706843707282719,7.0599923,0.82732433,1.0708569,11,28
da02,1706843707382184,7.0703492,0.8378579,1.0792235,10,29
da02,1706843707482201,7.0724664,0.8412711,1.0777595,10,30
da02,1706843707582212,7.0683689,0.84036845,1.080779,9,31
da02,1706843707682229,7.2180796,0.69127315,1.4213638,72,32
da02,1706843707782255,7.1794395,0.72935587,1.3448416,8,33
da02,1706843707882227,7.15547,0.75775135,1.2683948,11,34
da02,1706843707982203,7.1230741,0.77284193,1.2140481,8,35
da02,1706843708082237,7.1010704,0.7841602,1.1764776,8,36
da02,1706843708182226,7.1040258,0.796273,1.1483957,11,37
da02,1706843708282593,7.0978274,0.80221188,1.1346687,9,38
da02,1706843708382224,7.0897703,0.8055113,1.1210746,9,39
da02,1706843708482244,7.0737815,0.80978411,1.1039124,8,40
da02,1706843708582209,7.0736327,0.81044817,1.1036159,9,41
da02,1706843708683828,7.0719943,0.81130028,1.1026287,9,42
da02,1706843708782256,7.0765371,0.81208611,1.0891443,10,43
da02,1706843708882243,7.0804896,0.82648981,1.0820796,11,44
da02,1706843708982218,7.0820737,0.82756758,1.0764741,10,45
da02,1706843709082244,7.0805578,0.82640386,1.0862238,9,46
da02,1706843709182238,7.081738,0.8255747,1.0891721,9,47
da02,1706843709282273,7.0645308,0.8134988,1.081229,7,48
da02,1706843709382234,7.0666022,0.82116407,1.07397,10,49
da02,1706843709482280,7.0847979,0.82002646,1.0675149,12,50
da02,1706843709582768,7.0776758,0.82113332,1.064422,9,51
da02,1706843709682284,7.0750136,0.82159078,1.0663637,9,52
da02,1706843709782290,7.0650239,0.82067424,1.0733113,8,53
da02,1706843709882084,7.0619078,0.83236283,1.0775937,9,54
da02,1706843709982022,7.061667,0.82922828,1.0789127,9,55
da02,1706843710082370,7.0548058,0.8386597,1.0906492,8,56
da02,1706843710182149,7.0358419,0.833676,1.0904518,8,57
da02,1706843710282170,7.0390944,0.82868761,1.0863287,8,58
da02,1706843710382148,7.051187,0.81794846,1.0837067,10,59
da02,1706843710482156,7.0650258,0.82536089,1.075344,11,60
da02,1706843710582156,7.0583653,0.8415184,1.0704821,9,61
da02,1706843710682182,7.0793018,0.84014034,1.0687876,12,62
da02,1706843710782138,7.0753465,0.84327823,1.0735345,9,63
da02,1706843710882172,7.0747814,0.83896083,1.0743227,9,64
da02,1706843710982233,7.0773859,0.83845466,1.0661917,11,65
da02,1706843711082266,7.078629,0.83198518,1.0747601,9,66
da02,1706843711182228,7.066443,0.83641911,1.0672513,9,67
da02,1706843711283084,7.0703897,0.83503079,1.0618497,10,68
da02,1706843711382286,7.068563,0.820733,1.0688006,8,69
da02,1706843711482271,7.0699978,0.82732815,1.0660614,10,70
da02,1706843711582289,7.0692182,0.82854134,1.0607435,10,71
da02,1706843711682307,7.0762248,0.83438772,1.0590189,11,72
da02,1706843711782479,7.081624,0.8298502,1.0510901,11,73
da02,1706843711882350,7.0667977,0.83440179,1.0511434,8,74
da02,1706843711982358,7.080626,0.83171183,1.0607094,11,75
da02,1706843712082384,7.087512,0.83418679,1.0587808,11,76
da02,1706843712182247,7.078846,0.83807158,1.0613861,9,77
da02,1706843712282278,7.067347,0.84352863,1.0642228,8,78
da02,1706843712382268,7.0690589,0.84547853,1.0705889,9,79
da02,1706843712482282,7.1975827,0.8449592,1.0564187,67,80
da02,1706843712582244,7.1799059,0.8408348,1.053454,12,81
da02,1706843712682270,7.1565609,0.84287822,1.0488992,11,82
da02,1706843712782440,7.1376109,0.83679396,1.0610975,9,83
da02,1706843712882350,7.105402,0.83839989,1.0630074,8,84
da02,1706843712982254,7.0952706,0.84382695,1.0710001,9,85
da02,1706843713082304,7.0874171,0.84048468,1.0695606,9,86
da02,1706843713182302,7.0935264,0.83104205,1.0646856,11,87
da02,1706843713282858,7.0938721,0.82349569,1.0669104,10,88
da02,1706843713382237,7.0959215,0.82495284,1.0729017,10,89
da02,1706843713482293,7.0890474,0.82631916,1.0744927,9,90
da02,1706843713582250,7.0867829,0.83793849,1.0657544,11,91
da02,1706843713682320,7.0982733,0.84088153,1.0555321,13,92
da02,1706843713782245,7.0989079,0.83275342,1.0653079,10,93
da02,1706843713882305,7.0952244,0.82511884,1.0668733,10,94
da02,1706843713982254,7.0773897,0.82939804,1.0598644,9,95
da02,1706843714082746,7.0682054,0.83408755,1.060325,9,96
da02,1706843714182256,7.055398,0.82775712,1.0654892,7,97
da02,1706843714282974,7.0573955,0.83058953,1.0852069,8,98
da02,1706843714382294,7.0472546,0.82737756,1.084862,7,99
da02,1706843714482755,7.0459967,0.8321588,1.0839216,8,100
da02,1706843714582804,7.0508976,0.82797152,1.0830142,9,101
da02,1706843714682291,7.0531926,0.8393265,1.0874406,9,102
da02,1706843714782271,7.0589318,0.83641869,1.0796393,10,103
da02,1706843714882288,7.06944,0.82943493,1.0758337,10,104
da02,1706843714982273,7.07414,0.83170861,1.0660065,11,105
da02,1706843715082321,7.0646491,0.83462137,1.072472,8,106
da02,1706843715182307,7.0735087,0.83923268,1.0816694,10,107
da02,1706843715282311,7.0692644,0.83214313,1.0777591,9,108
da02,1706843715382275,7.0587096,0.83494306,1.0780811,8,109
da02,1706843715482307,7.05977,0.82406968,1.0744404,9,110
da02,1706843715582287,7.054368,0.82182574,1.0738645,8,111
da02,1706843715682295,7.0759087,0.81898087,1.0832117,11,112
da02,1706843715782401,7.0813875,0.81826,1.0729957,11,113
da02,1706843715882324,7.0697327,0.82270563,1.0721265,8,114
da02,1706843715982275,7.0561767,0.81845349,1.076744,7,115
da02,1706843716082301,7.0568752,0.82588047,1.0794177,9,116
da02,1706843716182270,7.05899,0.827767,1.0772831,9,117
da02,1706843716282308,7.0503,0.82786852,1.0856042,8,118
da02,1706843716382297,7.0442839,0.82087916,1.0831327,7,119
da02,1706843716482315,7.0635123,0.81071055,1.0839189,11,120
da02,1706843716582294,7.05587,0.82185704,1.0845597,8,121
da02,1706843716682308,7.0743065,0.82834578,1.0784695,12,122
da02,1706843716782270,7.0659523,0.829881,1.0807824,8,123
da02,1706843716882334,7.0817361,0.81674767,1.0764911,11,124
da02,1706843716982297,7.0741673,0.82193905,1.0839304,8,125
da02,1706843717082333,7.0755672,0.8102265,1.0903937,8,126
da02,1706843717182296,7.0664339,0.82013369,1.0783837,9,127
da02,1706843717282401,7.0607419,0.82753646,1.0728753,9,128
da02,1706843717382332,7.0691843,0.82421106,1.0816807,9,129
da02,1706843717482316,7.0642676,0.83469486,1.0775901,9,130
da02,1706843717582324,7.0711303,0.82925403,1.0714147,10,131
da02,1706843717682339,7.0728097,0.82624394,1.0679569,10,132
da02,1706843717782316,7.072556,0.82205659,1.0714512,9,133
da02,1706843717882340,7.0612483,0.82285637,1.0795083,7,134
da02,1706843717982336,7.0595546,0.82807869,1.0776094,9,135
da02,1706843718082312,7.063385,0.8238458,1.0735779,10,136
da02,1706843718182319,7.0630789,0.82811475,1.0711725,9,137
da02,1706843718282302,7.0767412,0.82589638,1.0680848,11,138
da02,1706843718382302,7.080368,0.82934892,1.0702146,10,139
da02,1706843718482308,7.08494,0.83684659,1.0679115,11,140
da02,1706843718582301,7.102252,0.84268177,1.0631399,13,141
da02,1706843718682320,7.0995851,0.83752,1.0575124,11,142
da02,1706843718782296,7.0956697,0.83327049,1.0511148,11,143
da02,1706843718882348,7.0911956,0.82921261,1.0602986,9,144
da02,1706843718982301,7.0832658,0.82611978,1.0645354,9,145
da02,1706843719082330,7.0792336,0.82306808,1.0695242,9,146
da02,1706843719182300,7.0835361,0.81714183,1.071591,10,147
da02,1706843719282371,7.0706644,0.81696588,1.0747783,8,148
da02,1706843719382294,7.0715542,0.825585,1.0747055,10,149
da02,1706843719482327,7.0677724,0.82309312,1.0653306,10,150
da02,1706843719582812,7.0702734,0.82277668,1.059973,10,151
da02,1706843719682332,7.0633945,0.81971353,1.0699568,8,152
da02,1706843719782302,7.06475,0.81564617,1.0739332,9,153
da02,1706843719882315,7.0672092,0.819006,1.0722432,10,154
da02,1706843719982326,7.0706611,0.81668204,1.0703243,10,155
da02,1706843720082352,7.0659661,0.81633544,1.0698934,9,156
da02,1706843720182334,7.07495,0.82409936,1.0690285,11,157
da02,1706843720282372,7.0762792,0.82493579,1.0883487,8,158
da02,1706843720382374,7.0724821,0.82141566,1.0862669,9,159
da02,1706843720482412,7.078764,0.82227504,1.0835421,10,160
da02,1706843720582321,7.0705662,0.81752139,1.0779984,9,161
da02,1706843720682320,7.0766521,0.81335521,1.076895,10,162
da02,1706843720782326,7.0600557,0.81940526,1.0679313,8,163
da02,1706843720882333,7.0667624,0.819968,1.0727121,10,164
da02,1706843720982308,7.0696249,0.81366044,1.0671914,10,165
da02,1706843721082345,7.0747056,0.81722081,1.0636283,10,166
da02,1706843721182327,7.0785279,0.81874216,1.0643758,10,167
da02,1706843721282328,7.0787444,0.81804669,1.056185,10,168
da02,1706843721382332,7.0814734,0.82502425,1.0530411,11,169
da02,1706843721482341,7.08213,0.81817746,1.0648879,9,170
da02,1706843721582314,7.080307,0.8107686,1.0812283,8,171
da02,1706843721682345,7.0842113,0.81690252,1.0794353,10,172
da02,1706843721782355,7.0806756,0.81881118,1.0762919,9,173
da02,1706843721882384,7.0895267,0.82160485,1.0640578,12,174
da02,1706843721982328,7.0911651,0.82165217,1.0692586,10,175
da02,1706843722082348,7.0968566,0.83301693,1.0644164,12,176
da02,1706843722182364,7.087018,0.836094,1.0649546,9,177
da02,1706843722282418,7.073359,0.82561255,1.060475,8,178
da02,1706843722382408,7.0774508,0.82723475,1.0703108,9,179
da02,1706843722482427,7.0767345,0.82769752,1.0695264,10,180
da02,1706843722582436,7.0820012,0.82476836,1.0664991,11,181
da02,1706843722682377,7.0789022,0.83139127,1.0725802,9,182
da02,1706843722782329,7.0801291,0.8274374,1.0809619,9,183
da02,1706843722882406,7.0565681,0.83461493,1.0844381,8,184
da02,1706843722982336,7.0565977,0.8252756,1.0863596,8,185
da02,1706843723082331,7.0588369,0.8239826,1.0776302,10,186
da02,1706843723182362,7.0715833,0.82574666,1.0755736,11,187
da02,1706843723282376,7.0672932,0.83032346,1.0670766,10,188
da02,1706843723382354,7.0582118,0.81933647,1.0754844,7,189
da02,1706843723482375,7.061439,0.82811815,1.0731399,10,190
da02,1706843723582349,7.0596218,0.83652735,1.0705184,9,191
da02,1706843723682364,7.0631976,0.8447957,1.0654172,10,192
da02,1706843723782356,7.0703387,0.83341068,1.0725628,9,193
da02,1706843723882398,7.087491,0.83592945,1.0686058,12,194
da02,1706843723982344,7.0896931,0.8290332,1.0716025,10,195
da02,1706843724083980,7.0848012,0.8244977,1.080721,8,196
da02,1706843724182392,7.0849009,0.82760727,1.0709904,11,197
da02,1706843724282931,7.0683417,0.82027429,1.0738325,7,198
da02,1706843724382390,7.0790696,0.821441,1.0809841,10,199
da02,1706843724482370,7.0771728,0.82410741,1.0754354,10,200
da02,1706843724582835,7.0608525,0.82812661,1.0758486,8,201
da02,1706843724682364,7.0666103,0.82613647,1.0761904,10,202
da02,1706843724782370,7.061789,0.82225013,1.0818216,8,203
da02,1706843724882410,7.0715022,0.82443982,1.0754708,11,204
da02,1706843724982360,7.190486,0.81703645,1.0590755,67,205
da02,1706843725082512,7.1705608,0.8290897,1.0656674,11,206
da02,1706843725182362,7.148478,0.82953376,1.0606618,10,207
da02,1706843725282389,7.1311378,0.83059,1.0585891,10,208
da02,1706843725382362,7.1033497,0.825527,1.0628328,7,209
da02,1706843725482486,7.1063766,0.83550632,1.0644306,11,210
da02,1706843725582352,7.0930305,0.83682621,1.064888,9,211
da02,1706843725682412,7.0808415,0.83105969,1.0636613,9,212
da02,1706843725782357,7.0694895,0.82218134,1.0657245,8,213
da02,1706843725882375,7.0771408,0.8321752,1.0697595,10,214
da02,1706843725982387,7.0650949,0.82897007,1.0751141,7,215
da02,1706843726082407,7.0670562,0.83046764,1.0762322,9,216
da02,1706843726182400,7.07895,0.82841462,1.0697774,11,217
da02,1706843726282403,7.0747161,0.83377635,1.0690567,9,218
da02,1706843726382387,7.0689692,0.83142883,1.0658671,9,219
da02,1706843726482392,7.069263,0.82861459,1.0619792,10,220
da02,1706843726582360,7.0795107,0.82367033,1.0545373,11,221
da02,1706843726682357,7.0882421,0.82552993,1.0579917,11,222
da02,1706843726782360,7.0783219,0.82705992,1.0634193,8,223
da02,1706843726882383,7.0632863,0.82665366,1.0626798,8,224
da02,1706843726982506,7.065,0.8250038,1.0633683,9,225
da02,1706843727082364,7.06318,0.82672834,1.063076,9,226
da02,1706843727182504,7.0595622,0.82343525,1.0772021,7,227
da02,1706843727282384,7.054822,0.83066511,1.0813138,8,228
da02,1706843727382352,7.0563779,0.82456696,1.0882266,8,229
da02,1706843727482375,7.0524282,0.83158129,1.081966,9,230
da02,1706843727582358,7.0607791,0.82275939,1.076299,10,231
da02,1706843727682390,7.0727987,0.81395245,1.0775511,10,232
da02,1706843727782364,7.0746794,0.82293934,1.0813532,9,233
da02,1706843727882531,7.0690427,0.81659222,1.0692201,9,234
da02,1706843727982369,7.0719891,0.81709439,1.0725471,9,235
da02,1706843728082356,7.0757308,0.81711483,1.0758156,10,236
da02,1706843728182396,7.0742788,0.82120979,1.0742977,9,237
da02,1706843728282248,7.0748048,0.8182981,1.0759246,9,238
da02,1706843728382377,7.07941,0.81655717,1.074989,10,239
da02,1706843728482547,7.0823965,0.82125479,1.0712445,10,240
da02,1706843728582356,7.0727863,0.82390136,1.0660659,9,241
da02,1706843728682360,7.0588703,0.81787056,1.0690923,7,242
da02,1706843728782357,7.058259,0.81730729,1.0611206,10,243
da02,1706843728882390,7.0776224,0.82454866,1.0654678,12,244
da02,1706843728982368,7.0811052,0.82272273,1.070231,10,245
da02,1706843729082610,7.0760469,0.82311827,1.07375,9,246
da02,1706843729182416,7.0707808,0.82043457,1.0707721,9,247
da02,1706843729282420,7.0614142,0.82251281,1.0648988,9,248
da02,1706843729382432,7.06891,0.82230252,1.0739532,9,249
da02,1706843729482437,7.0773635,0.81510162,1.0715806,10,250
da02,1706843729582916,7.0782661,0.81373405,1.0736072,9,251
da02,1706843729682443,7.0713506,0.81003594,1.0661333,9,252
da02,1706843729782431,7.0721779,0.81367838,1.0660343,10,253
da02,1706843729882431,7.0639057,0.82267809,1.063908,9,254
da02,1706843729982425,7.0653715,0.82645446,1.0733283,9,255
da02,1706843730082449,7.070457,0.8200205,1.0739394,10,256
da02,1706843730182392,7.0695181,0.82520723,1.0787525,9,257
da02,1706843730282391,7.0735421,0.82135016,1.0749305,10,258
da02,1706843730382390,7.058075,0.82941,1.0765821,8,259
da02,1706843730482385,7.0626178,0.82555568,1.0817828,9,260
da02,1706843730582421,7.0611863,0.83934504,1.0886329,8,261
da02,1706843730682443,7.0829587,0.83476615,1.0896701,12,262
da02,1706843730782438,7.0871134,0.82404727,1.088459,10,263
da02,1706843730882481,7.0811725,0.83346963,1.0852336,9,264
da02,1706843730982425,7.07193,0.82966453,1.0792741,9,265
da02,1706843731082410,7.0823259,0.82144982,1.0689226,11,266
da02,1706843731182385,7.0871291,0.830097,1.0804383,10,267
da02,1706843731282406,7.0913577,0.82394469,1.0785359,10,268
da02,1706843731382401,7.0987396,0.82089663,1.075359,11,269
da02,1706843731482408,7.0974169,0.81399971,1.0769445,10,270
da02,1706843731582396,7.0879874,0.81139451,1.0684072,9,271
da02,1706843731682408,7.0900621,0.81177169,1.0680292,10,272
da02,1706843731782398,7.0903592,0.81875545,1.0701729,10,273
da02,1706843731882401,7.078711,0.82534724,1.070147,9,274
da02,1706843731982403,7.0798221,0.69400263,1.0431569,70,275
da02,1706843732082468,7.0911961,0.72799611,1.0424567,12,276
da02,1706843732182392,7.0951214,0.7511251,1.0497917,11,277
da02,1706843732282412,7.098156,0.76286042,1.0535386,11,278
da02,1706843732382428,7.0852947,0.78487581,1.0643152,8,279
da02,1706843732482414,7.0869136,0.78960347,1.0683056,10,280
da02,1706843732582431,7.0815554,0.79831988,1.0682281,9,281
da02,1706843732682431,7.0698223,0.809987,1.0692835,8,282
da02,1706843732782434,7.0839109,0.82586426,1.0592203,13,283
da02,1706843732882436,7.0773258,0.8295809,1.0644878,9,284
da02,1706843732982412,7.0729179,0.82302904,1.0666189,9,285
da02,1706843733082418,7.0696316,0.81704116,1.0603188,9,286
da02,1706843733182416,7.0616674,0.82097894,1.0761509,8,287
da02,1706843733282432,7.0618534,0.82143629,1.0792391,9,288
da02,1706843733382453,7.060957,0.81503075,1.0797216,8,289
da02,1706843733482450,7.0744,0.81574684,1.0682813,12,290
da02,1706843733582424,7.0622091,0.82078737,1.0691942,8,291
da02,1706843733682445,7.0668206,0.82362205,1.0698198,10,292
da02,1706843733782426,7.080647,0.82709038,1.060711,12,293
da02,1706843733883092,7.0779848,0.82760316,1.0588241,10,294
da02,1706843733982436,7.0703659,0.82112014,1.0642942,8,295
da02,1706843734082380,7.0817833,0.82326752,1.0625873,11,296
da02,1706843734182404,7.0791259,0.82875663,1.074131,9,297
da02,1706843734282428,7.0688486,0.82758337,1.0743467,8,298
da02,1706843734382436,7.0488019,0.83738863,1.075037,8,299
da02,1706843734482420,7.0680323,0.8276282,1.0714343,11,300
da02,1706843734582433,7.066267,0.82454026,1.077731,8,301
da02,1706843734682948,7.0631561,0.83936852,1.079676,9,302
da02,1706843734782418,7.0732045,0.84330273,1.0705907,11,303
da02,1706843734882438,7.0827656,0.83991838,1.0638012,11,304
da02,1706843734982444,7.0718284,0.84347516,1.0626026,9,305
da02,1706843735082427,7.0723443,0.84899682,1.0515422,11,306
da02,1706843735182466,7.0735912,0.84322321,1.0727558,8,307
da02,1706843735283008,7.0824542,0.82934862,1.0636158,11,308
da02,1706843735382439,7.0793395,0.82926577,1.0647864,9,309
da02,1706843735482425,7.0645008,0.82453382,1.0674807,7,310
da02,1706843735582432,7.0782137,0.82289177,1.0588444,12,311
da02,1706843735682418,7.0831914,0.81100959,1.0704672,9,312
da02,1706843735782422,7.0838218,0.80843687,1.0717937,10,313
da02,1706843735882412,7.0868287,0.81399912,1.0795766,10,314
da02,1706843735982430,7.0883007,0.82116812,1.0802507,10,315
da02,1706843736082429,7.0936384,0.827019,1.0748509,11,316
da02,1706843736182440,7.0827188,0.83003742,1.0778425,8,317
da02,1706843736282440,7.0751247,0.84272081,1.0821458,9,318
da02,1706843736382434,7.0786796,0.84792089,1.0815694,10,319
da02,1706843736482422,7.0789318,0.83537328,1.0752269,10,320
da02,1706843736582436,7.0726471,0.82438105,1.0691,9,321
da02,1706843736682446,7.0785389,0.82263321,1.0689025,10,322
da02,1706843736782486,7.0727015,0.81667757,1.0698707,9,323
da02,1706843736882526,7.0697069,0.82091737,1.0628371,10,324
da02,1706843736982426,7.0699029,0.81279933,1.0723867,8,325
da02,1706843737082443,7.0684962,0.81045979,1.0722563,9,326
da02,1706843737182448,7.0639086,0.8142423,1.0786052,8,327
da02,1706843737282475,7.0579114,0.81073356,1.0731963,8,328
da02,1706843737382416,7.0613461,0.81266618,1.0760919,9,329
da02,1706843737482435,7.0655432,0.80814791,1.0772718,9,330
da02,1706843737582444,7.0525951,0.81127489,1.0806271,8,331
da02,1706843737682435,7.0440583,0.81139421,1.0821167,7,332
da02,1706843737782446,7.0643997,0.81376755,1.074729,12,333
da02,1706843737882442,7.07004,0.81585521,1.0627092,11,334
da02,1706843737982446,7.0787797,0.82184738,1.0691614,10,335
da02,1706843738082442,7.1930437,0.821382,1.0686332,67,336
da02,1706843738182447,7.1601462,0.81313133,1.0697395,9,337
da02,1706843738282430,7.1326,0.81962168,1.0740088,8,338
da02,1706843738382466,7.1133823,0.82977545,1.0722157,9,339
da02,1706843738482503,7.114964,0.8200258,1.0678362,11,340
da02,1706843738582448,7.0996094,0.81620288,1.0721594,8,341
da02,1706843738682443,7.0809617,0.83009934,1.0712726,8,342
da02,1706843738782461,7.0709372,0.83117485,1.079195,8,343
da02,1706843738882478,7.0691528,0.83094776,1.083297,9,344
da02,1706843738982482,7.0664024,0.82442987,1.0796772,9,345
da02,1706843739082526,7.0567231,0.81800765,1.0683819,8,346
da02,1706843739182469,7.0505648,0.81654739,1.064431,8,347
da02,1706843739282468,7.0479088,0.811286,1.0735898,7,348
da02,1706843739382648,7.0431895,0.81220448,1.0738275,8,349
da02,1706843739484095,7.0484428,0.81113684,1.0736872,9,350
da02,1706843739582482,7.0458221,0.81443465,1.0664326,9,351
da02,1706843739682994,7.0439577,0.81125659,1.0630205,8,352
da02,1706843739782488,7.0333409,0.81544584,1.0688387,8,353
da02,1706843739882512,7.026895,0.8182559,1.0701209,8,354
da02,1706843739982630,7.0494776,0.82518977,1.0732436,11,355
da02,1706843740082510,7.0450449,0.82646108,1.0657086,9,356
da02,1706843740182508,7.0420408,0.83043826,1.0583937,9,357
da02,1706843740282466,7.0482354,0.83195764,1.059136,10,358
da02,1706843740382588,7.0494065,0.83525109,1.0650843,9,359
da02,1706843740482471,7.0500307,0.82797277,1.0766425,8,360
da02,1706843740582466,7.0525241,0.8404386,1.0830483,9,361
da02,1706843740682468,7.0608511,0.82940233,1.0771106,10,362
da02,1706843740782464,7.048841,0.84171891,1.0853832,8,363
da02,1706843740882469,7.0491934,0.83658653,1.0842884,8,364
da02,1706843740982469,7.0589709,0.83588225,1.0795404,10,365
da02,1706843741082476,7.0729222,0.83023173,1.0715547,11,366
da02,1706843741182471,7.077251,0.8239938,1.0726838,10,367
da02,1706843741282466,7.0698628,0.81389779,1.080886,7,368
da02,1706843741382501,7.0738974,0.80726755,1.0710443,10,369
da02,1706843741482491,7.075664,0.809027,1.066002,10,370
da02,1706843741582496,7.0685449,0.81176376,1.0597298,9,371
da02,1706843741682478,7.0688891,0.81719655,1.0622334,9,372
da02,1706843741782480,7.0634022,0.8223049,1.0659181,8,373
da02,1706843741882464,7.0539632,0.82565248,1.075044,8,374
da02,1706843741982488,7.0585861,0.83586109,1.0711826,10,375
da02,1706843742082508,7.0569715,0.85045725,1.0744991,9,376
da02,1706843742182489,7.0550332,0.83450359,1.079849,8,377
da02,1706843742282508,7.0561805,0.82784414,1.0784905,9,378
da02,1706843742382529,7.0709014,0.8162871,1.0796436,10,379
da02,1706843742482503,7.0656781,0.81859136,1.0917721,7,380
da02,1706843742582537,7.0502415,0.83024222,1.0958531,8,381
da02,1706843742682478,7.049458,0.82868963,1.0976484,8,382
da02,1706843742782936,7.0573344,0.82509357,1.0859551,10,383
da02,1706843742882519,7.0661635,0.82946789,1.0888304,10,384
da02,1706843742982944,7.0647359,0.83284688,1.070226,10,385
da02,1706843743082500,7.0713677,0.83342218,1.0752457,10,386
da02,1706843743182509,7.0676508,0.82784724,1.0653869,10,387
da02,1706843743282495,7.0568008,0.82797134,1.0690558,8,388
da02,1706843743382494,7.0524898,0.82664561,1.0677919,8,389
da02,1706843743482496,7.0444112,0.81922263,1.0648957,8,390
da02,1706843743582485,7.0649056,0.82368624,1.0756456,11,391
da02,1706843743682489,7.0573263,0.82904929,1.071046,9,392
da02,1706843743782498,7.0559812,0.82451648,1.066299,9,393
da02,1706843743882504,7.0616283,0.83231121,1.0798624,9,394
da02,1706843743982473,7.0762615,0.83835334,1.0799809,11,395
da02,1706843744082498,7.0764346,0.84644395,1.0825882,10,396
da02,1706843744182491,7.0720873,0.84582174,1.0758375,9,397
da02,1706843744282508,7.0705614,0.83033615,1.0820789,8,398
da02,1706843744382536,7.072927,0.84086013,1.0790293,10,399
da02,1706843744482628,7.0752497,0.83716136,1.081674,9,400
da02,1706843744582396,7.0732484,0.83024716,1.0782384,9,401
da02,1706843744682411,7.0736928,0.8464303,1.0707453,11,402
da02,1706843744782359,7.087286,0.84715289,1.0670575,12,403
da02,1706843744882534,7.08181,0.84257728,1.0714439,9,404
da02,1706843744982443,7.0834718,0.83820295,1.0616448,11,405
da02,1706843745082371,7.0750775,0.83957171,1.0645032,9,406
da02,1706843745182339,7.0549059,0.82951277,1.0771239,8,407
da02,1706843745282347,7.0628862,0.82983476,1.0727572,10,408
da02,1706843745382331,7.0597191,0.82765412,1.0786188,8,409
da02,1706843745482360,7.0658569,0.83874655,1.0952417,9,410
da02,1706843745582332,7.0734911,0.82664216,1.0977427,9,411
da02,1706843745682362,7.0838904,0.81651849,1.090659,11,412
da02,1706843745782340,7.0824518,0.81103712,1.0881972,9,413
da02,1706843745882424,7.066853,0.80973917,1.0846865,7,414
da02,1706843745982404,7.052949,0.82418841,1.0735909,8,415
da02,1706843746082412,7.048883,0.82116979,1.0718269,8,416
da02,1706843746182343,7.040864,0.82033944,1.0710247,7,417
da02,1706843746282950,7.0443492,0.819417,1.0804685,8,418
da02,1706843746382339,7.0546889,0.8159408,1.0683362,11,419
da02,1706843746482358,7.0527496,0.82139546,1.0666982,9,420
da02,1706843746582346,7.0635014,0.82829076,1.0620697,11,421
da02,1706843746682385,7.0581884,0.83167917,1.0740823,8,422
da02,1706843746782348,7.0519133,0.83535153,1.0764359,8,423
da02,1706843746882369,7.0474062,0.8257767,1.0742583,8,424
da02,1706843746982336,7.0577211,0.82217091,1.0702368,10,425
da02,1706843747082351,7.0656505,0.8291173,1.0791148,9,426
da02,1706843747182343,7.0698094,0.8261022,1.0848109,9,427
da02,1706843747282355,7.0702424,0.82645452,1.0817311,9,428
da02,1706843747382424,7.0655613,0.82926524,1.080248,9,429
da02,1706843747482345,7.0749326,0.84023494,1.0687283,12,430
da02,1706843747582349,7.0806022,0.83525205,1.0738133,10,431
da02,1706843747682367,7.0709534,0.84141147,1.0767564,8,432
da02,1706843747782338,7.0741625,0.8383956,1.0700263,10,433
da02,1706843747882368,7.0827179,0.83128721,1.0783716,10,434
da02,1706843747982357,7.0689106,0.82755828,1.0801675,7,435
da02,1706843748082418,7.056993,0.82736152,1.0814941,7,436
da02,1706843748182408,7.0445876,0.83049613,1.0883472,8,437
da02,1706843748282416,7.0386443,0.83522451,1.0818447,8,438
da02,1706843748382350,7.0366244,0.82980812,1.0772706,8,439
da02,1706843748482373,7.0477457,0.82368559,1.0699742,10,440
da02,1706843748582340,7.0449252,0.82310581,1.0622495,9,441
da02,1706843748682396,7.0518808,0.82945085,1.0638908,10,442
da02,1706843748782380,7.0721569,0.82996327,1.0602152,12,443
da02,1706843748882426,7.0652022,0.82373369,1.0519069,9,444
da02,1706843748982348,7.058845,0.82010037,1.0538689,8,445
da02,1706843749082384,7.0649414,0.82790291,1.0698777,9,446
da02,1706843749182353,7.0561409,0.83559239,1.0643272,9,447
da02,1706843749282390,7.0708237,0.82774448,1.0632101,11,448
da02,1706843749382362,7.0730758,0.81804454,1.053256,10,449
da02,1706843749482366,7.0717869,0.82895231,1.0623513,9,450
da02,1706843749582391,7.0836568,0.825009,1.0659375,11,451
da02,1706843749682468,7.0802345,0.82598633,1.0703186,9,452
da02,1706843749782424,7.0775409,0.83453375,1.0761968,9,453
da02,1706843749882433,7.0779324,0.83430827,1.074023,10,454
da02,1706843749982422,7.073957,0.83716136,1.0642998,10,455
da02,1706843750082416,7.0720968,0.84150916,1.0612417,10,456
da02,1706843750182384,7.086165,0.8378424,1.0618886,12,457
da02,1706843750282410,7.0695219,0.83660179,1.0632966,8,458
da02,1706843750382433,7.0646415,0.8360852,1.0726165,8,459
da02,1706843750482494,7.0645056,0.82901931,1.0803617,8,460
da02,1706843750582382,7.0563903,0.82589847,1.0775585,8,461
da02,1706843750682409,7.0570722,0.82929409,1.071701,9,462
da02,1706843750782376,7.0512486,0.82232428,1.0786465,7,463
da02,1706843750882400,7.0632558,0.82148367,1.0747429,11,464
da02,1706843750982382,7.0611506,0.8214525,1.0722251,9,465
da02,1706843751082407,7.0656495,0.82335311,1.0744705,9,466
da02,1706843751182390,7.0679746,0.81917852,1.0708737,10,467
da02,1706843751282396,7.0612397,0.82079381,1.0705597,8,468
da02,1706843751382418,7.0598769,0.82947433,1.0768673,9,469
da02,1706843751482411,7.0671368,0.82042855,1.0745761,10,470
da02,1706843751582390,7.0698442,0.81735605,1.0734015,10,471
da02,1706843751682469,7.0660167,0.82287025,1.0688704,9,472
da02,1706843751782401,7.0693278,0.82335168,1.06403,10,473
da02,1706843751882482,7.0648336,0.82817382,1.0559683,10,474
da02,1706843751982371,7.0738845,0.82212818,1.0577314,10,475
da02,1706843752082604,7.0691404,0.82081425,1.0591111,9,476
da02,1706843752182412,7.0751448,0.81842858,1.0661592,10,477
da02,1706843752282414,7.0758324,0.81697834,1.0674409,10,478
da02,1706843752382385,7.0792527,0.82641834,1.0659995,10,479
da02,1706843752482397,7.0696735,0.8272962,1.0748731,8,480
da02,1706843752582372,7.0828371,0.82302254,1.077436,11,481
da02,1706843752682413,7.0628347,0.82722557,1.0856223,8,482
da02,1706843752782371,7.0497494,0.82752275,1.0775523,8,483
da02,1706843752882427,7.0460577,0.82624322,1.0820634,8,484
da02,1706843752982398,7.065053,0.82671136,1.0842609,11,485
da02,1706843753082487,7.0646996,0.83100384,1.080598,9,486
da02,1706843753182454,7.0701561,0.835505,1.0692571,11,487
da02,1706843753282470,7.0793958,0.82839221,1.0688326,11,488
da02,1706843753382504,7.068212,0.83146024,1.0655711,9,489
da02,1706843753482417,7.0701742,0.83160955,1.0673814,10,490
da02,1706843753582376,7.0719481,0.83699924,1.0640397,10,491
da02,1706843753682418,7.0921297,0.83862507,1.0690223,12,492
da02,1706843753782380,7.0936456,0.82620084,1.0678079,10,493
da02,1706843753882405,7.0896354,0.82728934,1.0701081,10,494
da02,1706843753982407,7.0804148,0.83405405,1.0664549,9,495
da02,1706843754082426,7.0713625,0.830076,1.0689813,8,496
da02,1706843754182410,7.0737653,0.82496482,1.0716577,9,497
da02,1706843754282452,7.0659523,0.8258763,1.0725546,8,498
da02,1706843754382455,7.0780134,0.83168459,1.0691841,11,499
da02,1706843754482464,7.0777483,0.84144241,1.0744907,10,500
da02,1706843754582378,7.0755157,0.8319428,1.0773336,9,501
da02,1706843754682476,7.0794835,0.83179373,1.0613393,11,502
da02,1706843754782403,7.0863681,0.82787538,1.0598274,11,503
da02,1706843754884034,7.0854053,0.82410485,1.0586381,10,504
da02,1706843754982453,7.07634,0.81586379,1.0682995,8,505
da02,1706843755082444,7.0678806,0.81902605,1.0738376,8,506
da02,1706843755182410,7.068841,0.81776482,1.0762162,9,507
da02,1706843755282574,7.0658135,0.81265134,1.076405,9,508
da02,1706843755382410,7.0767612,0.82060158,1.0757475,11,509
da02,1706843755482617,7.077703,0.82575011,1.0716755,10,510
da02,1706843755582443,7.0827513,0.82221377,1.0639942,11,511
da02,1706843755682444,7.0777488,0.81792128,1.0611352,9,512
da02,1706843755782436,7.0555854,0.82344157,1.0628909,8,513
da02,1706843755882428,7.056653,0.81619722,1.0609506,9,514
da02,1706843755982686,7.0640841,0.82538152,1.0700481,10,515
da02,1706843756082504,7.0595551,0.81982881,1.0716639,8,516
da02,1706843756182406,7.0675054,0.82370847,1.0687506,10,517
da02,1706843756282436,7.0669446,0.82725656,1.0696466,9,518
da02,1706843756382512,7.0742564,0.8259685,1.0621245,11,519
da02,1706843756482469,7.0753956,0.83243,1.05736,10,520
da02,1706843756582512,7.0792594,0.84097373,1.0606092,10,521
da02,1706843756682493,7.0826564,0.84038,1.0543191,11,522
da02,1706843756782498,7.078886,0.82702267,1.059768,9,523
da02,1706843756882506,7.083549,0.82759964,1.0640283,10,524
da02,1706843756982458,7.0723877,0.83642751,1.0673262,8,525
da02,1706843757082443,7.0826068,0.82872736,1.0681733,11,526
da02,1706843757182440,7.08484,0.82699645,1.0688345,10,527
da02,1706843757282977,7.0613108,0.82766694,1.0651734,8,528
da02,1706843757382450,7.0625615,0.83769357,1.0668143,10,529
da02,1706843757482590,7.0696974,0.84043014,1.0699984,10,530
da02,1706843757582452,7.0789094,0.84226263,1.0612905,12,531
da02,1706843757682440,7.0716376,0.84373349,1.0646064,9,532
da02,1706843757782437,7.0766129,0.838251,1.0661594,10,533
da02,1706843757882492,7.0842013,0.83155811,1.0706354,10,534
da02,1706843757982440,7.0835032,0.81933153,1.0708212,9,535
da02,1706843758082473,7.0739164,0.82767153,1.0686175,9,536
da02,1706843758182454,7.0823984,0.83558917,1.0699692,11,537
da02,1706843758282453,7.078558,0.83246064,1.0667396,10,538
da02,1706843758382449,7.0673342,0.82695836,1.071831,8,539
da02,1706843758482445,7.0801687,0.83474559,1.0691216,12,540
da02,1706843758582451,7.0786023,0.84334612,1.0757751,9,541
da02,1706843758682473,7.0653272,0.84366685,1.0831792,8,542
da02,1706843758782426,7.0657911,0.836275,1.0759395,10,543
da02,1706843758882458,7.0580449,0.83513284,1.0701774,9,544
da02,1706843758982424,7.0587749,0.71342677,1.0467762,70,545
da02,1706843759082471,7.0643535,0.73637444,1.0508744,10,546
da02,1706843759182480,7.0791097,0.76342285,1.0596013,11,547
da02,1706843759282483,7.0688887,0.77519673,1.0661763,8,548
da02,1706843759382538,7.0686512,0.79684877,1.0682362,9,549
da02,1706843759482514,7.0609703,0.80480331,1.0664898,8,550
da02,1706843759582520,7.0490646,0.81432045,1.0820321,8,551
da02,1706843759682549,7.0515804,0.82057577,1.0788467,9,552
da02,1706843759782448,7.0611176,0.82459217,1.0806606,10,553
da02,1706843759882462,7.0627675,0.83727622,1.0764328,10,554
da02,1706843759982450,7.0753369,0.83272851,1.076062,11,555
da02,1706843760082454,7.0712771,0.83338386,1.0626607,10,556
da02,1706843760182478,7.0633483,0.83067733,1.0667908,8,557
da02,1706843760282476,7.0662451,0.82351339,1.0723256,9,558
da02,1706843760382461,7.0651693,0.83121675,1.0713387,9,559
da02,1706843760482460,7.0615225,0.82308275,1.0757782,8,560
da02,1706843760582490,7.0713444,0.8194043,1.0804925,10,561
da02,1706843760682492,7.0639706,0.83179075,1.0787102,9,562
da02,1706843760782462,7.0575347,0.82647264,1.080508,8,563
da02,1706843760882510,7.0606575,0.822574,1.0912038,8,564
da02,1706843760982486,7.0595918,0.82073271,1.0928495,8,565
da02,1706843761082540,7.0497808,0.81251121,1.0867893,7,566
da02,1706843761182492,7.0541105,0.81400347,1.082782,9,567
da02,1706843761282512,7.0626793,0.81789422,1.0705026,11,568
da02,1706843761382521,7.0645638,0.81734139,1.0651033,10,569
da02,1706843761482711,7.0662546,0.82330781,1.0604657,10,570
da02,1706843761582582,7.0729938,0.82152289,1.052441,11,571
da02,1706843761682553,7.0825663,0.82350796,1.0615155,10,572
da02,1706843761782689,7.0909915,0.82055157,1.0628524,11,573
da02,1706843761882514,7.0965052,0.82018507,1.0658766,11,574
da02,1706843761982460,7.0775623,0.82965142,1.0733677,8,575
da02,1706843762082480,7.0696092,0.82639831,1.0752136,8,576
da02,1706843762182444,7.0704794,0.82290322,1.0858924,8,577
da02,1706843762282492,7.0654421,0.82137859,1.0805222,9,578
da02,1706843762382540,7.0591955,0.83135164,1.0845584,8,579
da02,1706843762482476,7.0657873,0.82714,1.0720967,11,580
da02,1706843762582478,7.0663795,0.83245939,1.0715586,9,581
da02,1706843762682487,7.0536075,0.82913357,1.0773888,8,582
da02,1706843762782462,7.052011,0.82680815,1.0720512,9,583
da02,1706843762882484,7.0479918,0.83436173,1.0705035,8,584
da02,1706843762982462,7.0477109,0.83629668,1.0724875,8,585
da02,1706843763082484,7.0453033,0.83209455,1.076555,8,586
da02,1706843763182514,7.0525174,0.83808261,1.0726153,10,587
da02,1706843763282502,7.053411,0.83803564,1.0693268,9,588
da02,1706843763382499,7.0614309,0.83324254,1.0647917,10,589
da02,1706843763482475,7.0597725,0.82926154,1.0530816,10,590
da02,1706843763582484,7.0605145,0.82320708,1.0529507,9,591
da02,1706843763682516,7.0633082,0.822103,1.0495659,10,592
da02,1706843763782517,7.0759635,0.83102888,1.0602608,11,593
da02,1706843763882604,7.0840697,0.83031672,1.0573643,11,594
da02,1706843763982518,7.0851464,0.83006054,1.0589867,10,595
da02,1706843764082544,7.0793953,0.83281296,1.0564413,10,596
da02,1706843764182482,7.0832214,0.82936013,1.0545859,11,597
da02,1706843764282502,7.0605178,0.82899088,1.0631522,8,598
da02,1706843764382521,7.0689869,0.83105469,1.0535069,11,599
da02,1706843764482494,7.0791054,0.83549625,1.0627327,11,600
da02,1706843764582486,7.0752211,0.83870959,1.0648202,9,601
da02,1706843764682538,7.0784712,0.83182269,1.0821044,9,602
da02,1706843764782490,7.0662131,0.82083273,1.0857059,7,603
da02,1706843764882518,7.0542417,0.81965393,1.0939122,8,604
da02,1706843764982503,7.05863,0.81711406,1.0909177,9,605
da02,1706843765082505,7.0499568,0.82442808,1.0858603,8,606
da02,1706843765182511,7.0389409,0.8275336,1.0940341,8,607
da02,1706843765282594,7.0353227,0.82331282,1.0815308,8,608
da02,1706843765382570,7.0444589,0.81873596,1.0812794,9,609
da02,1706843765482520,7.0498238,0.81345892,1.0720785,10,610
da02,1706843765582511,7.0486784,0.82208395,1.076799,8,611
da02,1706843765682520,7.060565,0.81977069,1.0781008,10,612
da02,1706843765782551,7.0544682,0.82569706,1.0777336,8,613
da02,1706843765882650,7.0584054,0.82319355,1.0705265,10,614
da02,1706843765982520,7.0573139,0.83502293,1.0731194,9,615
da02,1706843766082595,7.0763683,0.82631505,1.0609396,12,616
da02,1706843766182552,7.0675368,0.82401496,1.0510546,9,617
da02,1706843766288725,7.065165,0.8203339,1.0596347,8,618
da02,1706843766382590,7.0725594,0.81885195,1.0603994,10,619
da02,1706843766482489,7.0785303,0.81397974,1.0647476,10,620
da02,1706843766582454,7.0768647,0.81173623,1.068692,9,621
da02,1706843766682481,7.0606937,0.81436938,1.0693396,7,622
da02,1706843766782516,7.0561643,0.81678581,1.0742552,8,623
da02,1706843766882554,7.0458555,0.8229714,1.0812413,8,624
da02,1706843766982483,7.0518517,0.82555741,1.0859601,9,625
da02,1706843767082492,7.0548186,0.82559448,1.0956222,8,626
da02,1706843767182481,7.0630651,0.835533,1.0830463,11,627
da02,1706843767282486,7.0568657,0.82814246,1.0872064,7,628
da02,1706843767382382,7.0669365,0.8351692,1.083022,11,629
da02,1706843767482520,7.0669618,0.83214569,1.0765291,10,630
da02,1706843767582521,7.0630965,0.83350754,1.0801489,8,631
da02,1706843767682501,7.0651536,0.83536434,1.0793254,9,632
da02,1706843767782622,7.0610056,0.8344357,1.0794195,8,633
da02,1706843767882632,7.0713077,0.83092,1.0815613,10,634
da02,1706843767982658,7.0675511,0.82933974,1.0711769,10,635
da02,1706843768082886,7.0646138,0.83594829,1.0697184,9,636
da02,1706843768182677,7.0774908,0.83212417,1.0697125,11,637
da02,1706843768283208,7.0690212,0.83657384,1.06258,9,638
da02,1706843768382718,7.07148,0.8391639,1.0687029,9,639
da02,1706843768482636,7.0581574,0.8346476,1.0624943,8,640
da02,1706843768582632,7.0588727,0.82982111,1.0672309,9,641
da02,1706843768682756,7.0583591,0.82061273,1.0617683,9,642
da02,1706843768782615,7.05939,0.82004154,1.0680928,9,643
da02,1706843768882596,7.06241,0.82302845,1.069554,9,644
da02,1706843768982584,7.0603151,0.83486533,1.0762053,9,645
da02,1706843769082604,7.0679617,0.84051394,1.0815887,10,646
da02,1706843769182640,7.0669703,0.83579087,1.0730051,10,647
da02,1706843769282662,7.0728779,0.82254052,1.0720481,10,648
da02,1706843769382662,7.0687137,0.8240841,1.0757648,9,649
da02,1706843769482665,7.0694866,0.81930184,1.080743,9,650
da02,1706843769582636,7.0641274,0.829209,1.0712982,9,651
da02,1706843769682622,7.0581641,0.81629044,1.0735703,8,652
da02,1706843769783167,7.0699267,0.81882036,1.0762141,10,653
da02,1706843769882675,7.0718522,0.8206144,1.0798427,9,654
da02,1706843769982612,7.0596008,0.82068306,1.0781319,8,655
da02,1706843770082826,7.05227,0.82333481,1.0835302,7,656
da02,1706843770182630,7.0556207,0.82023185,1.0823659,9,657
da02,1706843770284208,7.0530367,0.82602435,1.0879561,8,658
da02,1706843770382668,7.0525746,0.83348644,1.0787963,9,659
da02,1706843770482662,7.0609126,0.82311481,1.0660589,11,660
da02,1706843770582636,7.0633802,0.83534378,1.0751958,9,661
da02,1706843770682646,7.0708232,0.83046305,1.074796,10,662
da02,1706843770782657,7.062531,0.83445615,1.0766704,8,663
da02,1706843770882720,7.0696959,0.83574617,1.0804462,10,664
da02,1706843770982724,7.0663452,0.83286893,1.0817014,9,665
da02,1706843771082723,7.055419,0.83320677,1.08442,8,666
da02,1706843771182881,7.0475845,0.83426106,1.0802534,8,667
da02,1706843771282729,7.0674977,0.82377315,1.0798179,11,668
da02,1706843771382721,7.0562987,0.825293,1.0788335,8,669
da02,1706843771482861,7.0502172,0.82422537,1.0767686,8,670
da02,1706843771582712,7.0452313,0.82604355,1.0748937,8,671
da02,1706843771682695,7.0465221,0.82258755,1.0757082,8,672
da02,1706843771782701,7.0412908,0.82595384,1.0709645,8,673
da02,1706843771882713,7.0434961,0.827029,1.0703994,9,674
da02,1706843771982696,7.0404344,0.83670223,1.0741297,8,675
da02,1706843772082688,7.0556579,0.824025,1.0699793,10,676
da02,1706843772182832,7.0482616,0.82026863,1.0683213,8,677
da02,1706843772282693,7.0522208,0.81715685,1.0771405,8,678
da02,1706843772382702,7.0595546,0.80627632,1.0750256,9,679
da02,1706843772482698,7.0734391,0.80355841,1.0630375,12,680
da02,1706843772582843,7.0744872,0.81036806,1.0589646,10,681
da02,1706843772682695,7.0687084,0.81943536,1.0639087,9,682
da02,1706843772782696,7.0674758,0.82334435,1.060817,10,683
da02,1706843772882715,7.0646491,0.825831,1.0639073,9,684
da02,1706843772982700,7.0637956,0.81984162,1.0672327,9,685
da02,1706843773082705,7.0649533,0.82248574,1.070241,9,686
da02,1706843773182913,7.0706782,0.82747149,1.0849378,9,687
da02,1706843773282733,7.0654821,0.83152312,1.081973,9,688
da02,1706843773382750,7.0608258,0.83414084,1.0848961,8,689
da02,1706843773482735,7.0600662,0.83243245,1.0826522,9,690
da02,1706843773582765,7.0685973,0.83690995,1.0767676,11,691
da02,1706843773682913,7.0765605,0.83537126,1.0830344,10,692
da02,1706843773782783,7.0822616,0.82900524,1.081102,10,693
da02,1706843773882765,7.0732875,0.84008324,1.0830673,8,694
da02,1706843773982791,7.0701528,0.83843374,1.076517,9,695
da02,1706843774082764,7.0785494,0.83582389,1.0735925,11,696
da02,1706843774182739,7.0748563,0.83563578,1.06808,10,697
da02,1706843774282724,7.0748396,0.82947612,1.0739987,9,698
da02,1706843774382754,7.0706272,0.82563037,1.0658464,9,699
da02,1706843774482728,7.064281,0.83121252,1.072125,8,700
da02,1706843774582763,7.0811286,0.82715094,1.067682,12,701
da02,1706843774682760,7.0763278,0.83398426,1.0640618,10,702
da02,1706843774783259,7.0695295,0.84747803,1.0777677,8,703
da02,1706843774882750,7.0768652,0.84709448,1.0724686,11,704
da02,1706843774982738,7.0784745,0.84703434,1.0834509,9,705
da02,1706843775082720,7.0799904,0.83020329,1.0787669,10,706
da02,1706843775182760,7.0756888,0.8204841,1.0863107,8,707
da02,1706843775282739,7.0673642,0.82370442,1.0763209,9,708
da02,1706843775383088,7.069653,0.81566083,1.0836142,9,709
da02,1706843775482741,7.0735521,0.81979436,1.0803583,10,710
da02,1706843775582758,7.06686,0.82646054,1.0840565,8,711
da02,1706843775682850,7.06077,0.82702893,1.0780592,9,712
da02,1706843775782778,7.0588436,0.8293196,1.0785413,9,713
da02,1706843775882776,7.0521631,0.82497752,1.0796348,8,714
da02,1706843775982772,7.0593996,0.82006264,1.0717473,10,715
da02,1706843776082762,7.0377893,0.83664358,1.0668972,9,716
da02,1706843776182912,7.0382442,0.82989633,1.0537864,9,717
da02,1706843776282760,7.0477891,0.82483262,1.0567597,10,718
da02,1706843776382780,7.0489216,0.83889836,1.0587038,9,719
da02,1706843776482783,7.0491633,0.84006405,1.066101,8,720
da02,1706843776582787,7.0517168,0.83422732,1.0764823,8,721
da02,1706843776682782,7.0577664,0.83592129,1.0762938,10,722
da02,1706843776782806,7.0547452,0.8322469,1.0739715,9,723
da02,1706843776882808,7.0717206,0.81999218,1.0784444,11,724
da02,1706843776982933,7.0713258,0.82000768,1.0751919,9,725
da02,1706843777082811,7.0767679,0.81556976,1.0850879,9,726
da02,1706843777182896,7.0720339,0.81736243,1.0862315,8,727
da02,1706843777283362,7.0654445,0.81830233,1.0852193,8,728
da02,1706843777382818,7.0616922,0.8156423,1.0868925,8,729
da02,1706843777482758,7.0737247,0.81949145,1.0825204,11,730
da02,1706843777582772,7.0727935,0.821904,1.075181,10,731
da02,1706843777682798,7.072094,0.82368231,1.0734603,9,732
da02,1706843777782820,7.0683908,0.83240825,1.0766557,9,733
da02,1706843777882792,7.0728884,0.83879328,1.0670334,11,734
da02,1706843777982812,7.0710473,0.83067751,1.0810291,8,735
da02,1706843778082818,7.0771489,0.83967668,1.0780896,11,736
da02,1706843778182838,7.0999637,0.82799882,1.0872662,12,737
da02,1706843778282842,7.0887418,0.82191169,1.0726652,10,738
da02,1706843778382831,7.0924368,0.82678813,1.0717906,11,739
da02,1706843778482810,7.0874548,0.83552706,1.0759676,9,740
da02,1706843778582980,7.0754638,0.83340478,1.0771313,8,741
da02,1706843778682812,7.0752459,0.8323561,1.0708597,10,742
da02,1706843778782819,7.058991,0.83689266,1.0759306,8,743
da02,1706843778882849,7.0598536,0.83339328,1.0752805,9,744
da02,1706843778982814,7.0663552,0.82184148,1.0781434,9,745
da02,1706843779082821,7.0680923,0.81952089,1.0767092,9,746
da02,1706843779182799,7.0612922,0.82329,1.0756594,8,747
da02,1706843779283352,7.0643015,0.81946778,1.0782783,9,748
da02,1706843779382843,7.0686851,0.82784206,1.0795202,10,749
da02,1706843779482812,7.0824642,0.82760131,1.0720848,12,750
da02,1706843779582772,7.0636468,0.83296561,1.0743876,8,751
da02,1706843779682784,7.0651617,0.83645135,1.0743243,9,752
da02,1706843779782713,7.0565519,0.8284567,1.0747192,8,753
da02,1706843779883217,7.0572729,0.82327628,1.0860335,8,754
da02,1706843779982711,7.0472093,0.83954358,1.0772331,8,755
da02,1706843780082681,7.0563626,0.83468193,1.081017,9,756
da02,1706843780182690,7.0587683,0.82311147,1.0825217,9,757
da02,1706843780282693,7.0619078,0.82756734,1.0811049,9,758
da02,1706843780382736,7.05689,0.81471539,1.0744169,8,759
da02,1706843780482698,7.0482731,0.82294291,1.0800672,8,760
da02,1706843780582710,7.0585651,0.83200741,1.0758411,10,761
da02,1706843780682672,7.0610633,0.82946616,1.0646408,10,762
da02,1706843780782704,7.065587,0.82822615,1.0722134,9,763
da02,1706843780882688,7.0628242,0.83095968,1.0755712,9,764
da02,1706843780982704,7.0818729,0.82619852,1.0834348,11,765
da02,1706843781082708,7.10002,0.831481,1.0624261,14,766
da02,1706843781182778,7.0969844,0.83883226,1.0577773,11,767
da02,1706843781282744,7.1039333,0.84326166,1.0631589,11,768
da02,1706843781382756,7.096498,0.84527832,1.069791,9,769
da02,1706843781482960,7.084116,0.842317,1.0636392,9,770
da02,1706843781582770,7.0843468,0.83973491,1.0767648,9,771
da02,1706843781682736,7.0795522,0.84046692,1.0684464,10,772
da02,1706843781783005,7.072679,0.83086389,1.0598823,9,773
da02,1706843781882791,7.0662446,0.83255541,1.0641547,8,774
da02,1706843781982726,7.0655355,0.83870435,1.070435,9,775
da02,1706843782082731,7.0715303,0.8427524,1.0644612,11,776
da02,1706843782182716,7.0734711,0.83482111,1.0747956,9,777
da02,1706843782282741,7.0859942,0.83277375,1.0798639,11,778
da02,1706843782382768,7.0843263,0.8296935,1.0681514,10,779
da02,1706843782482742,7.0819054,0.82726014,1.0747676,9,780
da02,1706843782582730,7.0686088,0.8286984,1.0723478,8,781
da02,1706843782682890,7.0696249,0.83476162,1.0718348,10,782
da02,1706843782782715,7.0757666,0.83865684,1.0686545,11,783
da02,1706843782882798,7.0773416,0.83898956,1.059847,11,784
da02,1706843782982742,7.0757833,0.84282482,1.0652097,9,785
da02,1706843783082718,7.081532,0.84241176,1.0740496,10,786
da02,1706843783182718,7.0748191,0.83936244,1.0762175,9,787
da02,1706843783282765,7.0727987,0.83973849,1.0766608,9,788
da02,1706843783383160,7.0793495,0.83788091,1.0781113,10,789
da02,1706843783482738,7.0740514,0.82965463,1.0720084,9,790
da02,1706843783582746,7.0703206,0.83207637,1.071329,9,791
da02,1706843783682753,7.0784039,0.82472771,1.0627776,11,792
da02,1706843783782732,7.0683432,0.82231927,1.0651174,8,793
da02,1706843783882755,7.063592,0.8122834,1.0686823,8,794
da02,1706843783982725,7.0797029,0.82274032,1.0583407,13,795
da02,1706843784082758,7.0856652,0.82752174,1.049729,12,796
da02,1706843784182752,7.0685492,0.81838679,1.0485736,8,797
da02,1706843784282774,7.0662479,0.82026756,1.0526674,9,798
da02,1706843784382768,7.0702176,0.823975,1.0588371,10,799
da02,1706843784482738,7.0698643,0.82003468,1.0546082,10,800
da02,1706843784582734,7.0721569,0.82455248,1.0581948,10,801
da02,1706843784682854,7.0700803,0.8260622,1.056172,10,802
da02,1706843784782746,7.0604634,0.83036995,1.0653987,8,803
da02,1706843784883328,7.0663395,0.82556093,1.0714266,9,804
da02,1706843784982734,7.0837293,0.8262524,1.0755149,11,805
da02,1706843785082722,7.065238,0.81586844,1.0730178,7,806
da02,1706843785182735,7.0588593,0.81414378,1.0810902,7,807
da02,1706843785282746,7.0467753,0.81873846,1.0859424,8,808
da02,1706843785382973,7.0529704,0.82096046,1.078795,10,809
da02,1706843785482741,7.0649877,0.81671816,1.0748514,10,810
da02,1706843785582728,7.0627613,0.82097489,1.0630804,10,811
da02,1706843785684332,7.0662313,0.81477016,1.0626872,10,812
da02,1706843785782791,7.06331,0.82089609,1.0646271,9,813
da02,1706843785882822,7.0615611,0.82175535,1.0660431,9,814
da02,1706843785983148,7.06387,0.8112092,1.0627794,9,815
da02,1706843786082784,7.073595,0.80338842,1.0697123,10,816
da02,1706843786182780,7.0680394,0.81420064,1.0719695,9,817
da02,1706843786282750,7.0764933,0.82364959,1.0671718,11,818
da02,1706843786382792,7.0674663,0.8342011,1.0711077,8,819
da02,1706843786482892,7.0660634,0.84038818,1.0670018,10,820
da02,1706843786582749,7.0570188,0.84272134,1.0614326,9,821
da02,1706843786682748,7.0756788,0.83125436,1.069561,11,822
da02,1706843786782744,7.0658574,0.83095396,1.0702333,8,823
da02,1706843786882760,7.0657454,0.83048379,1.0662477,10,824
da02,1706843786982756,7.0697751,0.83613491,1.0667018,10,825
da02,1706843787082732,7.066844,0.8294239,1.07137,8,826
da02,1706843787182762,7.0780988,0.82046449,1.0728804,10,827
da02,1706843787282752,7.0681491,0.81685573,1.0757821,8,828
da02,1706843787382736,7.0714254,0.81172144,1.0681691,10,829
da02,1706843787482982,7.0676475,0.81487435,1.0686997,9,830
da02,1706843787582758,7.0633,0.81647861,1.0679832,9,831
da02,1706843787682772,7.0726619,0.81784445,1.0681517,10,832
da02,1706843787782890,7.0659518,0.81642145,1.070946,8,833
da02,1706843787882803,7.0738473,0.820825,1.0652158,11,834
da02,1706843787982773,7.0805521,0.81995177,1.0732838,10,835
da02,1706843788082772,7.0877252,0.83165109,1.0752726,11,836
da02,1706843788182769,7.07758,0.82976389,1.0784081,8,837
da02,1706843788282772,7.0664387,0.83503139,1.0800523,8,838
da02,1706843788382993,7.0655227,0.8263678,1.0803909,9,839
da02,1706843788482806,7.065908,0.82437485,1.0817727,9,840
da02,1706843788582766,7.0569849,0.82724512,1.0828153,8,841
da02,1706843788682926,7.0620909,0.83028644,1.0858902,9,842
da02,1706843788782779,7.0697117,0.83561558,1.0857269,10,843
da02,1706843788882771,7.0563951,0.83677423,1.0832571,8,844
da02,1706843788982770,7.0582409,0.83634853,1.0753284,10,845
da02,1706843789082769,7.0653195,0.83488983,1.0865844,9,846
da02,1706843789182688,7.0687761,0.83343112,1.08524,9,847
da02,1706843789282821,7.0702386,0.8312006,1.0841511,9,848
da02,1706843789382856,7.0759997,0.82284409,1.0876663,9,849
da02,1706843789482748,7.0868783,0.84125286,1.0892899,11,850
da02,1706843789582835,7.0756931,0.84371614,1.0838085,9,851
da02,1706843789682850,7.0758114,0.83854026,1.0841274,9,852
da02,1706843789782682,7.0712724,0.83695805,1.0710818,10,853
da02,1706843789883360,7.0870872,0.83640659,1.0594997,13,854
da02,1706843789982903,7.0822411,0.84606171,1.0681791,9,855
da02,1706843790082725,7.0815759,0.83508289,1.0693041,9,856
da02,1706843790182715,7.0797844,0.83579528,1.0732894,9,857
da02,1706843790283269,7.0724111,0.83100444,1.078658,8,858
da02,1706843790382722,7.0570555,0.8235839,1.0740056,7,859
da02,1706843790482714,7.0672307,0.82052308,1.0770577,10,860
da02,1706843790582804,7.0644207,0.82602394,1.0692345,10,861
da02,1706843790682746,7.0540991,0.82021117,1.0763602,7,862
da02,1706843790783166,7.0703297,0.82068026,1.0809366,11,863
da02,1706843790882766,7.0625978,0.82336605,1.0850277,8,864
da02,1706843790982756,7.0594764,0.82508814,1.0809469,9,865
da02,1706843791082721,7.0568871,0.81773597,1.0815865,8,866
da02,1706843791182810,7.0655951,0.81653482,1.074412,10,867
da02,1706843791282744,7.0609107,0.82295954,1.0716197,9,868
da02,1706843791382782,7.0602918,0.81278861,1.0767589,8,869
da02,1706843791482776,7.0612335,0.81381875,1.0765932,9,870
da02,1706843791582664,7.0611305,0.81761533,1.0713018,9,871
da02,1706843791682760,7.0561924,0.81403852,1.0653316,9,872
da02,1706843791782779,7.0506291,0.80869132,1.0618037,8,873
da02,1706843791882726,7.0517969,0.80395728,1.0676395,8,874
da02,1706843791982788,7.0644741,0.804714,1.0678852,10,875
da02,1706843792082792,7.0711064,0.81799567,1.0639657,11,876
da02,1706843792182710,7.0576963,0.8299613,1.0625906,8,877
da02,1706843792282779,7.0558629,0.82550818,1.0702764,8,878
da02,1706843792382829,7.0579019,0.82333976,1.0755234,9,879
da02,1706843792482704,7.0723767,0.82263386,1.0854156,10,880
da02,1706843792582786,7.0646319,0.81775129,1.0834856,8,881
da02,1706843792682811,7.0702858,0.81311977,1.0826086,10,882
da02,1706843792782733,7.0797839,0.81797522,1.0782565,11,883
da02,1706843792882842,7.0820127,0.81517553,1.0766592,10,884
da02,1706843792982794,7.0724511,0.82266229,1.0750117,9,885
da02,1706843793082838,7.0714498,0.82462829,1.0722854,9,886
da02,1706843793182738,7.0625052,0.8371101,1.0798315,8,887
da02,1706843793282846,7.0628433,0.83544707,1.0761842,9,888
da02,1706843793382779,7.0607295,0.83867496,1.0716884,9,889
da02,1706843793482886,7.0569811,0.8332215,1.0663764,9,890
da02,1706843793582838,7.0562611,0.84139752,1.0734398,9,891
da02,1706843793682752,7.0618176,0.84851587,1.0635453,11,892
da02,1706843793782862,7.06704,0.83619183,1.0641538,10,893
da02,1706843793884309,7.0663204,0.82911015,1.0702198,9,894
da02,1706843793982782,7.069015,0.83728564,1.0745071,10,895
da02,1706843794082835,7.0726876,0.83645934,1.0649241,11,896
da02,1706843794182789,7.0732455,0.82898712,1.0674922,9,897
da02,1706843794282754,7.0653014,0.82139248,1.069694,8,898
da02,1706843794382831,7.0709157,0.80796868,1.0698833,10,899
da02,1706843794482760,7.0730276,0.80988008,1.0716381,9,900
da02,1706843794582734,7.0562887,0.81333959,1.0708165,7,901
da02,1706843794682862,7.0409365,0.82196772,1.0639919,8,902
da02,1706843794782816,7.0623183,0.82800871,1.0681293,11,903
da02,1706843794882823,7.0618663,0.83267194,1.0740049,9,904
da02,1706843794982888,7.0567131,0.82754916,1.0718404,8,905
da02,1706843795082866,7.0540462,0.82035255,1.0688753,9,906
da02,1706843795182729,7.0594416,0.829979,1.0720735,10,907
da02,1706843795282822,7.0549488,0.82213634,1.0731299,8,908
da02,1706843795382854,7.0696044,0.81012309,1.0776572,10,909
da02,1706843795482735,7.0757885,0.81798041,1.0685134,11,910
da02,1706843795582856,7.0810404,0.80883956,1.0656967,10,911
da02,1706843795682728,7.08514,0.81622517,1.0654172,11,912
da02,1706843795782723,7.0782256,0.82353795,1.0619136,9,913
da02,1706843795882861,7.0843868,0.81263953,1.065294,10,914
da02,1706843795982754,7.0818295,0.82349133,1.0641695,10,915
da02,1706843796082764,7.0789814,0.81816787,1.0593091,10,916
da02,1706843796182846,7.0905738,0.81996852,1.0579779,12,917
da02,1706843796282744,7.0804849,0.82025439,1.0675342,8,918
da02,1706843796382720,7.0890207,0.81733519,1.0735083,10,919
da02,1706843796482848,7.0801888,0.81193805,1.0757143,8,920
da02,1706843796582748,7.0775862,0.81956369,1.0749513,9,921
da02,1706843796682758,7.0665436,0.82063067,1.0828756,7,922
da02,1706843796782777,7.0715389,0.82772511,1.0709654,11,923
da02,1706843796882818,7.0715842,0.82202631,1.0809386,8,924
da02,1706843796982730,7.0682454,0.81663918,1.0737826,9,925
da02,1706843797082850,7.0783262,0.81613308,1.0702108,11,926
da02,1706843797182788,7.072505,0.81410205,1.0639892,9,927
da02,1706843797282764,7.0684605,0.81436861,1.0762426,8,928
da02,1706843797382902,7.0630331,0.82249272,1.0695655,9,929
da02,1706843797482770,7.0521984,0.82393885,1.0724968,7,930
da02,1706843797582807,7.0569987,0.82713646,1.0656492,10,931
da02,1706843797682915,7.0612793,0.83429921,1.0720334,9,932
da02,1706843797782782,7.0489564,0.8346222,1.0767438,8,933
da02,1706843797882734,7.0591321,0.8374179,1.0722399,10,934
da02,1706843797982867,7.0576882,0.83265954,1.0689454,9,935
da02,1706843798082818,7.0617857,0.83958572,1.0710779,10,936
da02,1706843798182741,7.0746636,0.83226418,1.0638083,11,937
da02,1706843798282816,7.0754228,0.82957786,1.0701774,9,938
da02,1706843798382848,7.0659261,0.83713907,1.0743285,8,939
da02,1706843798482734,7.0573039,0.84097683,1.0721389,8,940
da02,1706843798582790,7.0599179,0.84849757,1.0658671,10,941
da02,1706843798682795,7.0604172,0.82673395,1.0581303,9,942
da02,1706843798782777,7.0697532,0.81951004,1.071663,9,943
da02,1706843798882793,7.0690122,0.82257253,1.0801141,9,944
da02,1706843798982946,7.0719223,0.82496095,1.0780097,10,945
da02,1706843799082778,7.0763364,0.82338268,1.0937793,8,946
da02,1706843799182796,7.0660739,0.81867188,1.0890093,8,947
da02,1706843799282791,7.0685987,0.81862211,1.091462,9,948
da02,1706843799383222,7.0635519,0.82310623,1.0775138,9,949
da02,1706843799482852,7.0736351,0.82208753,1.0736268,11,950
da02,1706843799582880,7.0654979,0.8218863,1.0684772,9,951
da02,1706843799682892,7.0690751,0.83785832,1.0699779,10,952
da02,1706843799782890,7.0556011,0.83435631,1.0689502,7,953
da02,1706843799882892,7.052824,0.82583588,1.0656606,9,954
da02,1706843799982781,7.0460477,0.82718283,1.0744832,8,955
da02,1706843800082878,7.049315,0.83025736,1.0693946,9,956
da02,1706843800182774,7.0602202,0.83000839,1.0715195,10,957
da02,1706843800282778,7.0683808,0.83094013,1.0734758,10,958
da02,1706843800382903,7.0844164,0.83212322,1.0828778,11,959
da02,1706843800482839,7.079627,0.83240426,1.0874749,9,960
da02,1706843800582809,7.0802336,0.83419544,1.0853082,10,961
da02,1706843800682916,7.0689321,0.82898557,1.0947838,7,962
da02,1706843800782833,7.0632057,0.82145768,1.0823058,9,963
da02,1706843800882843,7.0484915,0.82248497,1.070183,8,964
da02,1706843800982904,7.0607648,0.82422137,1.0680591,11,965
da02,1706843801084556,7.0444283,0.82444227,1.0677192,8,966
da02,1706843801182928,7.0551367,0.81930047,1.0635861,10,967
da02,1706843801283439,7.0599103,0.82737076,1.0625185,10,968
da02,1706843801382870,7.0550823,0.80926251,1.0690981,7,969
da02,1706843801482829,7.0589123,0.80744934,1.0705549,9,970
da02,1706843801582870,7.0604453,0.81841344,1.0721047,9,971
da02,1706843801682774,7.0685639,0.82233983,1.0625824,11,972
da02,1706843801782780,7.0717683,0.81355971,1.0613525,10,973
da02,1706843801882901,7.0645065,0.81393778,1.0675467,8,974
da02,1706843801982769,7.076108,0.8256827,1.0678524,11,975
da02,1706843802082772,7.0717597,0.83462095,1.0776914,8,976
da02,1706843802182844,7.078217,0.82991111,1.0839655,10,977
da02,1706843802282814,7.0704503,0.82851297,1.0773395,9,978
da02,1706843802382820,7.0649595,0.83044577,1.0744966,9,979
da02,1706843802482870,7.0708861,0.82567269,1.0704156,10,980
da02,1706843802582821,7.0763597,0.829984,1.0658096,11,981
da02,1706843802682826,7.0896387,0.83552831,1.0685548,12,982
da02,1706843802782860,7.0895529,0.84249783,1.075179,10,983
da02,1706843802882922,7.0907779,0.83995658,1.0734857,10,984
da02,1706843802982817,7.0786362,0.84162688,1.0715861,9,985
da02,1706843803082856,7.0856266,0.84208751,1.0583555,12,986
da02,1706843803182799,7.0775509,0.83273053,1.076457,7,987
da02,1706843803282885,7.0721064,0.838533,1.0698837,10,988
da02,1706843803382816,7.0727644,0.83395988,1.0647125,10,989
da02,1706843803482808,7.0716305,0.83645731,1.0656523,9,990
da02,1706843803582896,7.0708838,0.83158731,1.0679781,9,991
da02,1706843803682807,7.0538678,0.83367336,1.0747018,8,992
da02,1706843803782843,7.0449586,0.83155555,1.07875,8,993
da02,1706843803882828,7.0546627,0.83097243,1.0753002,10,994
da02,1706843803982809,7.0592508,0.8308509,1.0760082,9,995
da02,1706843804082921,7.0619187,0.83151186,1.0744421,9,996
da02,1706843804182888,7.0474887,0.835504,1.0775146,8,997
da02,1706843804282808,7.0548429,0.84545344,1.0773135,10,998
da02,1706843804382940,7.0549116,0.83491647,1.0765275,9,999
da02,1706843804482920,7.0635381,0.84107435,1.0656209,11,1000
da02,1706843804582840,7.0704193,0.84419316,1.0581199,11,1001
da02,1706843804682914,7.0853057,0.83722293,1.0636578,11,1002
da02,1706843804782926,7.0800486,0.82877749,1.0657096,9,1003
da02,1706843804883536,7.0658741,0.81890494,1.0726676,7,1004
da02,1706843804982978,7.07613,0.81930673,1.0724498,11,1005
da02,1706843805082919,7.0646691,0.82232547,1.0754578,8,1006
da02,1706843805182875,7.07549,0.83049822,1.0709419,11,1007
da02,1706843805282931,7.0740814,0.83239847,1.0672181,10,1008
da02,1706843805382898,7.0719309,0.83041608,1.0674124,9,1009
da02,1706843805482938,7.0630651,0.82917911,1.0720617,8,1010
da02,1706843805582901,7.0573411,0.84168607,1.0759237,8,1011
da02,1706843805682917,7.0421343,0.8449567,1.0810564,8,1012
da02,1706843805782936,7.0570946,0.84444833,1.0770339,11,1013
da02,1706843805882989,7.0671511,0.8428849,1.0814966,10,1014
da02,1706843805982918,7.0686951,0.83532768,1.0754447,10,1015
da02,1706843806082890,7.0490952,0.84170169,1.076524,8,1016
da02,1706843806182903,7.0519,0.8463524,1.0738142,9,1017
da02,1706843806282901,7.0682483,0.84628808,1.07223,11,1018
da02,1706843806382950,7.0571394,0.84639436,1.0642455,9,1019
da02,1706843806482860,7.0485034,0.843412,1.0637146,8,1020
da02,1706843806582806,7.05804,0.84246838,1.0672113,10,1021
da02,1706843806682858,7.058681,0.84246051,1.0653509,9,1022
da02,1706843806782842,7.0723267,0.83325219,1.0666919,11,1023
da02,1706843806882964,7.0777187,0.840808,1.073507,10,1024
da02,1706843806982911,7.0735126,0.83673644,1.0686297,9,1025
da02,1706843807082867,7.0639195,0.83093262,1.0708526,8,1026
da02,1706843807182907,7.0788541,0.83215857,1.0663006,12,1027
da02,1706843807282907,7.0912509,0.82970953,1.0653259,12,1028
da02,1706843807382896,7.084085,0.82576352,1.0666149,9,1029
da02,1706843807482836,7.082727,0.83326352,1.0762837,9,1030
da02,1706843807582845,7.078155,0.82358074,1.0707104,9,1031
da02,1706843807682864,7.0681367,0.82255757,1.0752223,8,1032
da02,1706843807782838,7.0774193,0.82476133,1.0627239,12,1033
da02,1706843807882859,7.0668497,0.82195127,1.0664232,8,1034
da02,1706843807982869,7.0732641,0.82934159,1.074927,10,1035
da02,1706843808082838,7.0567875,0.830953,1.0716057,8,1036
da02,1706843808182876,7.0544143,0.82705045,1.0673604,9,1037
da02,1706843808282891,7.0557747,0.81890392,1.0643027,9,1038
da02,1706843808382868,7.0497112,0.82609403,1.0756897,8,1039
da02,1706843808482889,7.0547934,0.82568073,1.0772713,9,1040
da02,1706843808582866,7.0624857,0.8228541,1.0703982,10,1041
da02,1706843808682892,7.0632825,0.81987137,1.0725169,9,1042
da02,1706843808782902,7.0668511,0.82368869,1.0702147,10,1043
da02,1706843808882970,7.0690813,0.83025062,1.0723311,10,1044
da02,1706843808982840,7.0728354,0.82209724,1.0793554,9,1045
da02,1706843809082874,7.0805182,0.82699591,1.0692562,11,1046
da02,1706843809182861,7.0837288,0.822007,1.0620996,11,1047
da02,1706843809282943,7.0811472,0.81738329,1.0677564,9,1048
da02,1706843809382932,7.0826054,0.81852883,1.061245,11,1049
da02,1706843809482890,7.0841022,0.81785727,1.0608286,10,1050
da02,1706843809582915,7.068861,0.81412441,1.062458,8,1051
da02,1706843809682924,7.0687561,0.81825823,1.0590874,10,1052
da02,1706843809782860,7.0741205,0.81615561,1.0599085,10,1053
da02,1706843809882926,7.0788603,0.81719267,1.0636864,10,1054
da02,1706843809983492,7.09118,0.82410771,1.0613973,12,1055
da02,1706843810082881,7.0784936,0.83346885,1.0625898,9,1056
da02,1706843810182848,7.0770025,0.84056991,1.0652634,10,1057
da02,1706843810282893,7.0770864,0.84139627,1.0730963,9,1058
da02,1706843810382914,7.0707445,0.83708966,1.0764812,8,1059
da02,1706843810483030,7.0901532,0.83767885,1.0631758,13,1060
da02,1706843810582911,7.0731406,0.84362459,1.0613184,8,1061
da02,1706843810682884,7.0765581,0.83925188,1.068113,10,1062
da02,1706843810782891,7.0867238,0.84207892,1.0683225,11,1063
da02,1706843810882897,7.0841022,0.83619231,1.072154,9,1064
da02,1706843810982952,7.0723147,0.82564038,1.0769343,7,1065
da02,1706843811082888,7.0810828,0.8176415,1.069791,11,1066
da02,1706843811182933,7.0651579,0.83187813,1.0715332,8,1067
da02,1706843811282998,7.0585942,0.83963633,1.0729549,8,1068
da02,1706843811382922,7.0501542,0.82783157,1.0719062,8,1069
da02,1706843811482922,7.0612874,0.82331967,1.0768076,10,1070
da02,1706843811582942,7.0531631,0.824623,1.0735168,8,1071
da02,1706843811682864,7.0430064,0.84154373,1.076187,8,1072
da02,1706843811782862,7.0409007,0.84232938,1.0866995,8,1073
da02,1706843811882999,7.0396829,0.84381139,1.0769516,9,1074
da02,1706843811982880,7.049871,0.84424353,1.0767342,10,1075
da02,1706843812082840,7.0575814,0.84019977,1.06379,11,1076
da02,1706843812182976,7.0534997,0.83319503,1.0641792,8,1077
da02,1706843812283414,7.0518308,0.835494,1.0601532,9,1078
da02,1706843812382870,7.0570235,0.84097391,1.0630614,10,1079
da02,1706843812482963,7.0605893,0.84093934,1.0703082,9,1080
da02,1706843812582874,7.0601482,0.84497535,1.0753393,9,1081
da02,1706843812682868,7.0660276,0.8421309,1.0768907,10,1082
da02,1706843812782985,7.0670891,0.83207858,1.0839763,8,1083
da02,1706843812882882,7.0653133,0.82040268,1.0798558,9,1084
da02,1706843812982944,7.0611739,0.8198334,1.082534,8,1085
da02,1706843813083014,7.0484834,0.82202142,1.0714432,8,1086
da02,1706843813182854,7.0534739,0.82414764,1.069609,9,1087
da02,1706843813282872,7.0540848,0.82986087,1.0640123,10,1088
da02,1706843813383014,7.0499172,0.81414348,1.0650014,8,1089
da02,1706843813482850,7.0502715,0.82234079,1.0608444,9,1090
da02,1706843813582988,7.0609603,0.81620312,1.0777687,9,1091
da02,1706843813682972,7.060132,0.82124722,1.0742382,9,1092
da02,1706843813782850,7.0654445,0.81274027,1.0700943,10,1093
da02,1706843813882924,7.0723724,0.8123731,1.0743966,10,1094
da02,1706843813982966,7.0671587,0.81870413,1.0747472,9,1095
da02,1706843814082890,7.0601153,0.82860732,1.078802,8,1096
da02,1706843814182866,7.0649643,0.82084769,1.0844892,9,1097
da02,1706843814283417,7.0627832,0.82283908,1.0812994,9,1098
da02,1706843814382897,7.0622935,0.82434958,1.0786188,9,1099
da02,1706843814483052,7.0632672,0.83640969,1.0696824,10,1100
da02,1706843814583036,7.0643811,0.81952959,1.0774927,8,1101
da02,1706843814683380,7.0592928,0.82148665,1.0703939,9,1102
da02,1706843814782933,7.0703821,0.81858695,1.0827084,9,1103
da02,1706843814883042,7.0702291,0.82338607,1.0874285,9,1104
da02,1706843814982971,7.0726123,0.8158468,1.0792781,10,1105
da02,1706843815082858,7.0693283,0.81609547,1.07877,9,1106
da02,1706843815182917,7.0580044,0.82146585,1.0722171,8,1107
da02,1706843815282896,7.059021,0.8274855,1.0667282,10,1108
da02,1706843815382905,7.0527687,0.81764984,1.0625105,8,1109
da02,1706843815482944,7.0635939,0.81982553,1.0646743,10,1110
da02,1706843815582940,7.0568676,0.81672388,1.0761847,7,1111
da02,1706843815682914,7.0650654,0.82399416,1.0718206,10,1112
da02,1706843815782962,7.0794883,0.81723219,1.0628204,12,1113
da02,1706843815882896,7.0866408,0.82444495,1.0607284,11,1114
da02,1706843815983176,7.0779047,0.82446653,1.0558391,9,1115
da02,1706843816082993,7.0731173,0.83380556,1.0572547,9,1116
da02,1706843816182917,7.0589561,0.83433408,1.0577332,8,1117
da02,1706843816282921,7.0663171,0.82966155,1.0695478,9,1118
da02,1706843816382987,7.0631609,0.82118285,1.072744,8,1119
da02,1706843816484532,7.0737615,0.81920272,1.0632182,11,1120
da02,1706843816582956,7.0854154,0.82517529,1.0663861,11,1121
da02,1706843816682928,7.0923414,0.82253206,1.0681719,11,1122
da02,1706843816782929,7.0822258,0.820723,1.0682789,9,1123
da02,1706843816882966,7.0798855,0.82550472,1.0601155,10,1124
da02,1706843816982976,7.0835142,0.82718825,1.0659734,10,1125
da02,1706843817082930,7.0888224,0.8359803,1.0658866,11,1126
da02,1706843817183094,7.0924516,0.84072191,1.0640275,11,1127
da02,1706843817283054,7.0867763,0.84112448,1.0699836,9,1128
da02,1706843817382940,7.0802693,0.83921462,1.0667043,9,1129
da02,1706843817483057,7.078794,0.84003824,1.0679119,10,1130
da02,1706843817583106,7.0929928,0.84616029,1.0607172,13,1131
da02,1706843817682928,7.0847869,0.85192537,1.0627118,9,1132
da02,1706843817782914,7.071454,0.85099161,1.0592581,9,1133
da02,1706843817882946,7.0711184,0.84323388,1.0645887,9,1134
da02,1706843817982927,7.0816326,0.83381921,1.0698926,10,1135
da02,1706843818082903,7.0637903,0.83690721,1.071016,8,1136
da02,1706843818182898,7.051105,0.8418963,1.0674375,8,1137
da02,1706843818282922,7.0500278,0.84306467,1.0705571,8,1138
da02,1706843818382917,7.0571704,0.8486011,1.0647947,10,1139
da02,1706843818482918,7.0576925,0.84402138,1.0689861,9,1140
da02,1706843818582927,7.0629392,0.84358907,1.0845631,8,1141
da02,1706843818682906,7.0551829,0.72038764,1.0691934,70,1142
da02,1706843818783025,7.0743194,0.73613584,1.0781145,11,1143
da02,1706843818883005,7.0761805,0.76645792,1.0797716,10,1144
da02,1706843818983072,7.0818634,0.78518039,1.0773879,11,1145
da02,1706843819083059,7.067739,0.80229968,1.0813162,8,1146
da02,1706843819183026,7.0569944,0.80095446,1.0785226,8,1147
da02,1706843819283068,7.06607,0.80242723,1.0765859,10,1148
da02,1706843819383106,7.0568461,0.80329436,1.0791651,7,1149
da02,1706843819483047,7.0757213,0.81924582,1.0783893,12,1150
da02,1706843819583098,7.071187,0.82360804,1.0671359,10,1151
da02,1706843819683082,7.0639334,0.82940537,1.063028,9,1152
da02,1706843819783076,7.0594029,0.82394207,1.0743474,8,1153
da02,1706843819883091,7.0559897,0.82211626,1.0759484,8,1154
da02,1706843819983114,7.0484962,0.81993413,1.0769467,7,1155
da02,1706843820083603,7.0581512,0.8181662,1.0712037,10,1156
da02,1706843820183114,7.0530815,0.82188,1.0728745,8,1157
da02,1706843820283094,7.060719,0.82595366,1.0716175,10,1158
da02,1706843820383064,7.06868,0.83354586,1.0678127,11,1159
da02,1706843820483113,7.0682669,0.83090019,1.0689067,9,1160
da02,1706843820583115,7.068315,0.82850766,1.0783681,8,1161
da02,1706843820683068,7.0737166,0.8283273,1.0757889,10,1162
da02,1706843820783136,7.0619769,0.83654505,1.0780969,8,1163
da02,1706843820883170,7.0566154,0.84060794,1.0705719,9,1164
da02,1706843820983162,7.0730305,0.83640456,1.0677321,11,1165
da02,1706843821083152,7.0692525,0.83194983,1.0614974,9,1166
da02,1706843821183659,7.0594749,0.83404428,1.0679765,8,1167
da02,1706843821283144,7.0613446,0.83239406,1.0693887,9,1168
da02,1706843821383118,7.0594134,0.82435596,1.0729731,8,1169
da02,1706843821483156,7.0564642,0.81642395,1.0780005,8,1170
da02,1706843821583132,7.1601505,0.81183076,1.05854,66,1171
da02,1706843821683140,7.1264677,0.82120383,1.0629917,8,1172
da02,1706843821783102,7.117476,0.81046319,1.0717436,9,1173
da02,1706843821883119,7.1109772,0.81327862,1.0752958,10,1174
da02,1706843821983120,7.114975,0.810277,1.0805649,11,1175
da02,1706843822083118,7.1078672,0.81991726,1.07301,11,1176
da02,1706843822183136,7.097403,0.83637482,1.0704148,10,1177
da02,1706843822283110,7.0958395,0.839508,1.0651261,11,1178
da02,1706843822383187,7.0874739,0.83650351,1.0637482,9,1179
da02,1706843822483123,7.0938106,0.836649,1.0642107,11,1180
da02,1706843822583150,7.0959668,0.83152848,1.0584797,11,1181
da02,1706843822683176,7.0921569,0.83055848,1.0614229,10,1182
da02,1706843822783148,7.0784206,0.84118277,1.0727314,8,1183
da02,1706843822883160,7.0797052,0.84154862,1.0718755,10,1184
da02,1706843822983173,7.0705166,0.83158255,1.0705899,8,1185
da02,1706843823083142,7.0639567,0.82710069,1.0717268,8,1186
da02,1706843823183141,7.0505695,0.82963181,1.0716567,8,1187
da02,1706843823283669,7.0490279,0.82337379,1.0756143,8,1188
da02,1706843823383133,7.0538054,0.82960463,1.0779953,9,1189
da02,1706843823483507,7.0549574,0.8189072,1.0780991,8,1190
da02,1706843823583139,7.068943,0.82152659,1.0921481,10,1191
da02,1706843823683139,7.0669851,0.81890839,1.0815517,9,1192
da02,1706843823783133,7.0589952,0.81874317,1.0733174,9,1193
da02,1706843823883180,7.0574527,0.82652736,1.0684931,9,1194
da02,1706843823983148,7.058877,0.83749586,1.078647,9,1195
da02,1706843824083135,7.0723224,0.84081626,1.0689298,12,1196
da02,1706843824183150,7.07432,0.8442623,1.0676655,10,1197
da02,1706843824283132,7.071826,0.83193034,1.0529622,10,1198
da02,1706843824383134,7.0748715,0.82792008,1.0511178,10,1199
da02,1706843824483102,7.075377,0.81545913,1.0561231,9,1200
da02,1706843824583111,7.0755115,0.82184517,1.0610244,10,1201
da02,1706843824683117,7.0662084,0.81789118,1.0668901,8,1202
da02,1706843824783122,7.0797591,0.81856483,1.0786763,10,1203
da02,1706843824883104,7.0819674,0.81788427,1.073902,10,1204
da02,1706843824983140,7.0673208,0.83285487,1.0719179,8,1205
da02,1706843825083638,7.1938949,0.69655389,1.4342837,71,1206
da02,1706843825183118,7.163012,0.72408926,1.3372406,10,1207
da02,1706843825283132,7.1389642,0.75219589,1.2682712,10,1208
da02,1706843825383218,7.1217146,0.77137655,1.2220688,9,1209
da02,1706843825483122,7.1085196,0.778286,1.1838855,9,1210
da02,1706843825583130,7.1010966,0.7966271,1.1524647,10,1211
da02,1706843825683123,7.0825438,0.80950117,1.1268724,8,1212
da02,1706843825783145,7.0645461,0.81419265,1.1122901,7,1213
da02,1706843825883149,7.0768695,0.80418843,1.0957533,11,1214
da02,1706843825983148,7.0674605,0.81332415,1.0854648,9,1215
da02,1706843826083406,7.0665817,0.8153218,1.0872741,9,1216
da02,1706843826183170,7.0616241,0.82320756,1.0778391,9,1217
da02,1706843826283754,7.058795,0.82043129,1.0855155,8,1218
da02,1706843826383164,7.0590963,0.81168681,1.0772378,9,1219
da02,1706843826483128,7.0609732,0.82124752,1.0743673,10,1220
da02,1706843826583133,7.0596995,0.82872814,1.0755402,9,1221
da02,1706843826683124,7.0538182,0.8313725,1.0678539,9,1222
da02,1706843826783166,7.0610218,0.82445812,1.0677325,10,1223
da02,1706843826883194,7.0568905,0.81838822,1.0685302,8,1224
da02,1706843826983134,7.0517311,0.82235962,1.0812598,8,1225
da02,1706843827083177,7.0382905,0.83015662,1.0784547,8,1226
da02,1706843827183225,7.0431442,0.82940573,1.085423,8,1227
da02,1706843827283638,7.0495062,0.82744509,1.0793777,9,1228
da02,1706843827383118,7.0486689,0.81798893,1.0814079,8,1229
da02,1706843827483150,7.0501995,0.81878656,1.0848126,8,1230
da02,1706843827583204,7.0554662,0.82547241,1.0793977,10,1231
da02,1706843827683181,7.0635548,0.83194906,1.0887437,9,1232
da02,1706843827783263,7.0654879,0.8341707,1.0895699,9,1233
da02,1706843827883226,7.0651908,0.82309085,1.0954653,8,1234
da02,1706843827983237,7.0680013,0.81978613,1.0804762,10,1235
da02,1706843828083193,7.0692787,0.82020229,1.0829607,9,1236
da02,1706843828183152,7.0616851,0.83087945,1.0815256,8,1237
da02,1706843828283145,7.0530453,0.83284914,1.0843488,8,1238
da02,1706843828383230,7.0625057,0.84014148,1.0842712,10,1239
da02,1706843828483130,7.0510454,0.83681065,1.0810741,7,1240
da02,1706843828583139,7.05986,0.84195572,1.0855172,10,1241
da02,1706843828683140,7.0740581,0.82993853,1.071957,12,1242
da02,1706843828783145,7.0660963,0.83411336,1.0704396,9,1243
da02,1706843828883157,7.0758929,0.83220792,1.0700852,11,1244
da02,1706843828983191,7.0728517,0.83284044,1.0768307,9,1245
da02,1706843829083132,7.0561118,0.83388811,1.0796109,8,1246
da02,1706843829183202,7.0546846,0.828495,1.0754578,9,1247
da02,1706843829283164,7.0606022,0.81664371,1.0757678,9,1248
da02,1706843829383147,7.0745149,0.81654787,1.070127,11,1249
da02,1706843829483142,7.0632162,0.811638,1.0736197,7,1250
da02,1706843829583196,7.0760937,0.812024,1.0708785,11,1251
da02,1706843829683150,7.08756,0.82059145,1.0659949,12,1252
da02,1706843829783198,7.0831518,0.823849,1.0631462,10,1253
da02,1706843829883216,7.0687914,0.82574457,1.0649796,8,1254
da02,1706843829983196,7.0508304,0.8262955,1.0706266,8,1255
da02,1706843830083919,7.0598707,0.82063645,1.0808882,9,1256
da02,1706843830183206,7.0696173,0.82578927,1.0820134,10,1257
da02,1706843830283140,7.0617113,0.82418656,1.09132,7,1258
da02,1706843830383198,7.0584788,0.82040888,1.0980253,7,1259
da02,1706843830483140,7.0727682,0.82947457,1.0862967,12,1260
da02,1706843830583216,7.0766721,0.82949752,1.0731387,11,1261
da02,1706843830683190,7.0757031,0.83309817,1.0754843,9,1262
da02,1706843830783213,7.0784316,0.83591533,1.0688342,11,1263
da02,1706843830883200,7.07684,0.82598174,1.0635121,10,1264
da02,1706843830983252,7.0777969,0.824113,1.0758554,9,1265
da02,1706843831083206,7.0784435,0.83061856,1.0724896,10,1266
da02,1706843831183240,7.0813193,0.82876849,1.0748044,10,1267
da02,1706843831283258,7.070034,0.83241636,1.0790704,8,1268
da02,1706843831383289,7.0642529,0.8327145,1.066818,9,1269
da02,1706843831483172,7.0590734,0.83910441,1.0763751,8,1270
da02,1706843831583234,7.0613751,0.83916926,1.0778273,9,1271
da02,1706843831683166,7.0731039,0.83637023,1.0780888,11,1272
da02,1706843831783224,7.0793691,0.82565403,1.0711863,11,1273
da02,1706843831884824,7.066011,0.82368839,1.0775378,7,1274
da02,1706843831983234,7.0593767,0.8245036,1.0821137,8,1275
da02,1706843832083190,7.062264,0.83416086,1.0864714,9,1276
da02,1706843832183222,7.0661774,0.827638,1.0861055,9,1277
da02,1706843832283224,7.0598917,0.82711226,1.0857819,8,1278
da02,1706843832383288,7.063251,0.82233447,1.0858703,9,1279
da02,1706843832483219,7.0572367,0.82801467,1.0822164,8,1280
da02,1706843832583282,7.0493088,0.83114362,1.0762091,8,1281
da02,1706843832683223,7.0588617,0.81980413,1.0723484,10,1282
da02,1706843832783278,7.0566964,0.82024544,1.0631554,9,1283
da02,1706843832883290,7.0632572,0.81169111,1.0515606,11,1284
da02,1706843832983336,7.0534997,0.81588489,1.0548843,8,1285
da02,1706843833083228,7.056015,0.82403737,1.0551407,10,1286
da02,1706843833183217,7.0461283,0.82806021,1.0641309,8,1287
da02,1706843833283208,7.0433974,0.8233285,1.063334,8,1288
da02,1706843833383280,7.0439854,0.82165605,1.0676882,8,1289
da02,1706843833483221,7.0447035,0.82680047,1.0665768,9,1290
da02,1706843833583191,7.0392385,0.82527834,1.0757976,8,1291
da02,1706843833683036,7.0484843,0.82476175,1.0705503,10,1292
da02,1706843833783029,7.0595441,0.82810277,1.0769074,10,1293
da02,1706843833883021,7.0718822,0.82026088,1.0674071,11,1294
da02,1706843833983018,7.0767975,0.81837416,1.0751159,9,1295
da02,1706843834083031,7.0647092,0.82529241,1.0889865,8,1296
da02,1706843834183022,7.0618281,0.82575697,1.0898095,8,1297
da02,1706843834283636,7.0592952,0.82545048,1.07765,9,1298
da02,1706843834383120,7.0490437,0.82429355,1.076794,7,1299
da02,1706843834483072,7.0573649,0.82023871,1.0861504,9,1300
da02,1706843834583017,7.0565486,0.83173257,1.0806518,9,1301
da02,1706843834683024,7.0594392,0.82912952,1.0986208,7,1302
da02,1706843834783028,7.0569196,0.817406,1.0900301,8,1303
da02,1706843834883040,7.0629878,0.81209326,1.0863955,9,1304
da02,1706843834983023,7.06735,0.8204549,1.0838171,10,1305
da02,1706843835083080,7.0672274,0.82216328,1.0888637,9,1306
da02,1706843835183033,7.05569,0.82558304,1.0849363,8,1307
da02,1706843835283032,7.0620446,0.82051677,1.0757234,10,1308
da02,1706843835383027,7.0607233,0.81357825,1.0794754,8,1309
da02,1706843835483025,7.0549922,0.81955755,1.0794433,8,1310
da02,1706843835583046,7.1795406,0.81906849,1.056357,67,1311
da02,1706843835682998,7.1681828,0.82173526,1.0707268,11,1312
da02,1706843835783056,7.1485515,0.82775271,1.0677271,10,1313
da02,1706843835883123,7.1172953,0.83802861,1.0665262,8,1314
da02,1706843835983027,7.0940704,0.83336651,1.0691904,8,1315
da02,1706843836083060,7.0942435,0.82748437,1.0709894,10,1316
da02,1706843836183058,7.0937681,0.83458847,1.0825379,9,1317
da02,1706843836283103,7.0929041,0.82730538,1.0733794,10,1318
da02,1706843836383126,7.0668597,0.83713931,1.0781425,8,1319
da02,1706843836483053,7.0648689,0.84101051,1.0808398,9,1320
da02,1706843836583080,7.0603743,0.84011936,1.0874888,8,1321
da02,1706843836683008,7.0569143,0.845157,1.0791078,9,1322
da02,1706843836783066,7.0502396,0.84283179,1.0808166,8,1323
da02,1706843836883119,7.0464106,0.83886659,1.0810678,8,1324
da02,1706843836983068,7.0588069,0.8368575,1.0789526,10,1325
da02,1706843837083068,7.0653691,0.83907712,1.0741694,10,1326
da02,1706843837183051,7.0734477,0.83440113,1.0741111,10,1327
da02,1706843837283064,7.0644269,0.84187073,1.0776573,8,1328
da02,1706843837383254,7.0599947,0.82092428,1.0739843,8,1329
da02,1706843837483186,7.0605664,0.82249838,1.0817784,8,1330
da02,1706843837583175,7.0666833,0.828276,1.0800772,10,1331
da02,1706843837683166,7.0594783,0.82943696,1.0833354,8,1332
da02,1706843837783046,7.0652723,0.82186687,1.0827727,9,1333
da02,1706843837883043,7.0652094,0.82919818,1.0850718,9,1334
da02,1706843837983040,7.0482059,0.82442814,1.0804551,7,1335
da02,1706843838083029,7.0549116,0.81888765,1.0712447,10,1336
da02,1706843838183039,7.0533423,0.82095879,1.0729967,8,1337
da02,1706843838283052,7.0450392,0.81605667,1.0729362,7,1338
da02,1706843838383069,7.0457306,0.80800116,1.0659463,9,1339
da02,1706843838483040,7.0509915,0.8150757,1.0723895,9,1340
da02,1706843838583063,7.0454659,0.816233,1.0656993,8,1341
da02,1706843838683049,7.0461669,0.82458931,1.066867,9,1342
da02,1706843838783062,7.0512733,0.83089197,1.0703865,9,1343
da02,1706843838883139,7.0543633,0.83417475,1.0664012,10,1344
da02,1706843838983074,7.0685673,0.83298421,1.0757748,10,1345
da02,1706843839083058,7.0733242,0.82005787,1.0716845,10,1346
da02,1706843839183078,7.0630617,0.81463754,1.0810376,7,1347
da02,1706843839283109,7.069108,0.81078446,1.0807726,10,1348
da02,1706843839383095,7.0807781,0.81545889,1.0862881,10,1349
da02,1706843839483102,7.0728326,0.81280422,1.0787187,9,1350
da02,1706843839583054,7.0777688,0.82136655,1.0837747,10,1351
da02,1706843839683053,7.0747147,0.82102138,1.0794728,9,1352
da02,1706843839783058,7.0735531,0.82190031,1.07632,9,1353
da02,1706843839883038,7.0724764,0.81169516,1.0694379,9,1354
da02,1706843839983044,7.0598679,0.8031022,1.069598,7,1355
da02,1706843840083096,7.0566907,0.80837613,1.0703545,8,1356
da02,1706843840183072,7.0515556,0.81718642,1.068122,8,1357
da02,1706843840283096,7.0552139,0.83103734,1.0618098,10,1358
da02,1706843840383159,7.0541615,0.84054923,1.06411,9,1359
da02,1706843840483077,7.0527258,0.83940154,1.0759908,8,1360
da02,1706843840583074,7.0432167,0.84226811,1.0718405,8,1361
da02,1706843840683072,7.0362206,0.83646303,1.0852406,8,1362
da02,1706843840783080,7.0522494,0.83502728,1.0931879,9,1363
da02,1706843840883080,7.0521426,0.83005577,1.0946313,8,1364
da02,1706843840983058,7.0431824,0.83483946,1.0906742,8,1365
da02,1706843841083078,7.0526667,0.82629204,1.0872259,9,1366
da02,1706843841183091,7.0724487,0.82236451,1.0749024,12,1367
da02,1706843841283111,7.0631185,0.82013375,1.0793573,8,1368
da02,1706843841383189,7.0687127,0.817512,1.0829471,9,1369
da02,1706843841483116,7.0620542,0.82699156,1.0832307,8,1370
da02,1706843841583696,7.0547762,0.83406782,1.0840435,8,1371
da02,1706843841683034,7.0617409,0.82647961,1.0798746,10,1372
da02,1706843841783061,7.0523505,0.82803977,1.0840966,8,1373
da02,1706843841883153,7.0465932,0.8202762,1.0803046,8,1374
da02,1706843841983112,7.045331,0.81373477,1.0789566,8,1375
da02,1706843842083099,7.0450263,0.81593567,1.0825162,8,1376
da02,1706843842183020,7.0493803,0.81767553,1.0802197,9,1377
da02,1706843842283087,7.0500035,0.81710929,1.0735304,9,1378
da02,1706843842383122,7.0514674,0.82559609,1.0787199,9,1379
da02,1706843842483111,7.0584526,0.82315218,1.0707105,10,1380
da02,1706843842583155,7.052237,0.82109869,1.0751654,8,1381
da02,1706843842683110,7.0610261,0.81338209,1.0756767,10,1382
da02,1706843842783105,7.0637126,0.81357855,1.0700316,10,1383
da02,1706843842883259,7.068006,0.81145042,1.0796696,9,1384
da02,1706843842983227,7.0501366,0.81904721,1.0713074,8,1385
da02,1706843843083201,7.0696816,0.82329667,1.0626245,12,1386
da02,1706843843183260,7.0781131,0.83017689,1.0536648,12,1387
da02,1706843843283222,7.0773144,0.82427531,1.0590478,9,1388
da02,1706843843383363,7.0712996,0.82387471,1.0669935,8,1389
da02,1706843843483209,7.0686555,0.82631522,1.0606792,10,1390
da02,1706843843583334,7.044992,0.83003074,1.0663024,8,1391
da02,1706843843683210,7.0382161,0.83336061,1.0662924,8,1392
da02,1706843843783245,7.048758,0.83755428,1.0653175,10,1393
da02,1706843843883220,7.0551972,0.83655649,1.0661427,10,1394
da02,1706843843983231,7.0726533,0.83258134,1.0778538,10,1395
da02,1706843844083195,7.0791554,0.83931118,1.0698581,11,1396
da02,1706843844183233,7.0637512,0.84483218,1.0666349,8,1397
da02,1706843844283190,7.0616679,0.82997054,1.0633641,9,1398
da02,1706843844383252,7.0576158,0.83111638,1.0691559,8,1399
da02,1706843844483190,7.0537858,0.83384585,1.0717727,8,1400
da02,1706843844583259,7.0478354,0.83773184,1.0726128,8,1401
da02,1706843844683194,7.0476551,0.83441472,1.0650415,9,1402
da02,1706843844783227,7.0547605,0.83385479,1.0631989,10,1403
da02,1706843844883416,7.062777,0.83309132,1.0623136,10,1404
da02,1706843844983257,7.0741153,0.832913,1.0706027,10,1405
da02,1706843845083212,7.061686,0.82952976,1.0722477,8,1406
da02,1706843845183811,7.0729885,0.82727534,1.072135,11,1407
da02,1706843845283749,7.0825987,0.82558447,1.0755644,10,1408
da02,1706843845383268,7.0919857,0.83217067,1.0801747,11,1409
da02,1706843845483233,7.094192,0.82622027,1.0837897,10,1410
da02,1706843845583278,7.0835595,0.82685161,1.0810654,9,1411
da02,1706843845683248,7.0778337,0.82957077,1.0829679,9,1412
da02,1706843845783237,7.0867314,0.81795013,1.0857159,10,1413
da02,1706843845883208,7.0814371,0.81845909,1.0809287,9,1414
da02,1706843845983253,7.0823607,0.8229875,1.0824982,10,1415
da02,1706843846083224,7.0892262,0.82386053,1.0826439,11,1416
da02,1706843846183240,7.0738463,0.81862116,1.0823092,7,1417
da02,1706843846283210,7.0838976,0.82847518,1.0772395,11,1418
da02,1706843846384714,7.0934019,0.83175546,1.0779543,11,1419
da02,1706843846483220,7.0777016,0.82611483,1.0702155,8,1420
da02,1706843846583244,7.0878539,0.8396796,1.0697964,12,1421
da02,1706843846683222,7.0737567,0.84284544,1.0725479,8,1422
da02,1706843846783239,7.085391,0.84516805,1.0703392,11,1423
da02,1706843846883218,7.0775714,0.85039049,1.0725989,9,1424
da02,1706843846983255,7.0828886,0.84924686,1.0723753,11,1425
da02,1706843847083218,7.0849428,0.84909511,1.074169,10,1426
da02,1706843847183236,7.0712752,0.84469581,1.072944,8,1427
da02,1706843847284801,7.0622215,0.8380506,1.0706495,8,1428
da02,1706843847383316,7.0683336,0.83855218,1.0610716,11,1429
da02,1706843847483212,7.0661559,0.83088058,1.0644073,9,1430
da02,1706843847583278,7.0622158,0.82621533,1.0678434,8,1431
da02,1706843847683213,7.0641537,0.82689112,1.071748,9,1432
da02,1706843847783296,7.0662832,0.83344328,1.0675931,10,1433
da02,1706843847885239,7.0469823,0.83400553,1.0635616,8,1434
da02,1706843847983362,7.0600038,0.83132762,1.0713505,10,1435
da02,1706843848083288,7.0714145,0.82451093,1.0690023,11,1436
da02,1706843848183286,7.083488,0.81607741,1.0654262,11,1437
da02,1706843848283214,7.086874,0.827205,1.0708563,10,1438
da02,1706843848383528,7.0908546,0.81765318,1.0689161,10,1439
da02,1706843848483281,7.07494,0.82181156,1.0745239,7,0
da02,1706843848583326,7.0621953,0.82687235,1.0693961,8,1
da02,1706843848683293,7.0668874,0.82373059,1.0647659,10,2
da02,1706843848783310,7.0619631,0.82155651,1.0774188,7,3
da02,1706843848883274,7.0491009,0.82432306,1.0793715,8,4
da02,1706843848983318,7.0564504,0.83327872,1.0900481,9,5
da02,1706843849083272,7.060276,0.82394892,1.0983423,8,6
da02,1706843849183312,7.046598,0.82957351,1.085052,8,7
da02,1706843849283280,7.0482683,0.82671362,1.0899389,8,8
da02,1706843849383582,7.0457921,0.82046586,1.0806502,8,9
da02,1706843849483268,7.0603695,0.81674027,1.0749258,11,10
da02,1706843849583378,7.057158,0.81299311,1.0725834,8,11
da02,1706843849683341,7.0625539,0.82381552,1.065572,10,12
da02,1706843849783366,7.0547595,0.83200675,1.0773972,8,13
da02,1706843849883312,7.0468178,0.82698345,1.0755867,8,14
da02,1706843849983356,7.0286646,0.828263,1.0805749,8,15
da02,1706843850083272,7.0378323,0.82958555,1.0743632,10,16
da02,1706843850183876,7.0435915,0.82835597,1.0654937,10,17
da02,1706843850283358,7.0502763,0.82289255,1.0682017,9,18
da02,1706843850383328,7.0504861,0.83225381,1.0643516,9,19
da02,1706843850483292,7.0633574,0.83150887,1.0747753,10,20
da02,1706843850583446,7.0694065,0.82009786,1.0675111,10,21
da02,1706843850683289,7.070776,0.8178882,1.0622303,10,22
da02,1706843850783371,7.067996,0.8142432,1.0687134,8,23
da02,1706843850883476,7.0632834,0.80846757,1.075856,8,24
da02,1706843850983403,7.0596204,0.81317228,1.0726615,9,25
da02,1706843851083318,7.0686784,0.81982315,1.0733751,10,26
da02,1706843851183365,7.0584073,0.81676853,1.0681258,8,27
da02,1706843851283354,7.0673676,0.82412732,1.0579563,11,28
da02,1706843851383386,7.0673733,0.81822479,1.0597517,9,29
da02,1706843851483349,7.0672169,0.82391608,1.0605184,10,30
da02,1706843851583386,7.0779047,0.82345742,1.0620224,11,31
da02,1706843851683345,7.087265,0.83621883,1.060791,12,32
da02,1706843851783390,7.0875812,0.83231187,1.0533031,11,33
da02,1706843851883365,7.0836735,0.84863871,1.0575621,10,34
da02,1706843851983411,7.0875096,0.84572858,1.0565872,11,35
da02,1706843852083321,7.0759749,0.83505619,1.0656592,8,36
da02,1706843852183370,7.0766768,0.83914131,1.0713845,9,37
da02,1706843852283330,7.0820374,0.82771337,1.0699219,10,38
da02,1706843852383562,7.0712924,0.83424944,1.0748068,8,39
da02,1706843852483451,7.0591578,0.83097839,1.0667692,8,40
da02,1706843852583381,7.0546465,0.82746917,1.0592002,9,41
da02,1706843852683342,7.0645509,0.83207047,1.0588114,11,42
da02,1706843852783382,7.06406,0.82753426,1.0617291,9,43
da02,1706843852883327,7.0610423,0.817702,1.0803268,7,44
da02,1706843852983404,7.0525761,0.8208285,1.0713198,8,45
da02,1706843853083333,7.0523458,0.82283872,1.0679221,9,46
da02,1706843853183698,7.0467587,0.82944435,1.0735369,8,47
da02,1706843853283362,7.0487571,0.8285175,1.075471,9,48
da02,1706843853383414,7.0460863,0.82631242,1.0712014,8,49
da02,1706843853483365,7.0439963,0.83022612,1.0736051,8,50
da02,1706843853583526,7.0371847,0.8259415,1.0910805,8,51
da02,1706843853683395,7.0380206,0.833691,1.0882847,8,52
da02,1706843853783429,7.0487151,0.83106035,1.0834181,10,53
da02,1706843853886568,7.0538864,0.83956355,1.0749968,10,54
da02,1706843853983453,7.0586205,0.83950818,1.0803094,9,55
da02,1706843854083508,7.0664344,0.83772659,1.0738254,10,56
da02,1706843854183416,7.0661778,0.83553225,1.0727272,9,57
da02,1706843854283373,7.0607018,0.83008921,1.0695407,9,58
da02,1706843854383450,7.0587382,0.83499837,1.0694561,9,59
da02,1706843854483407,7.0726452,0.83632654,1.0623592,12,60
da02,1706843854583529,7.0734811,0.8363778,1.0653359,10,61
da02,1706843854683186,7.0735707,0.82141197,1.0681186,9,62
da02,1706843854783190,7.0689745,0.8158114,1.061729,9,63
da02,1706843854883189,7.0723581,0.813893,1.0672692,9,64
da02,1706843854983233,7.0660582,0.81646925,1.0686078,8,65
da02,1706843855083208,7.0633073,0.81432468,1.0665644,9,66
da02,1706843855183258,7.0617046,0.80783939,1.0646992,9,67
da02,1706843855283165,7.055871,0.80626374,1.0692948,8,68
da02,1706843855383192,7.0648513,0.80680758,1.0648438,10,69
da02,1706843855483163,7.0682731,0.82247919,1.0646769,10,70
da02,1706843855583204,7.0748072,0.82609159,1.0621912,11,71
da02,1706843855683160,7.0686679,0.824866,1.0668944,8,72
da02,1706843855783225,7.0695953,0.81202394,1.0679001,9,73
da02,1706843855883203,7.0640459,0.81054407,1.0752484,8,74
da02,1706843855983225,7.0757647,0.8208555,1.0804641,10,75
da02,1706843856083290,7.077632,0.83073688,1.0829598,10,76
da02,1706843856183358,7.0807295,0.82894164,1.0713294,11,77
da02,1706843856283874,7.0758004,0.82562762,1.0625142,10,78
da02,1706843856383418,7.0643282,0.83268446,1.066041,8,79
da02,1706843856483359,7.0694919,0.83706439,1.0648533,10,80
da02,1706843856583499,7.0634489,0.83870095,1.0672034,9,81
da02,1706843856683331,7.0749321,0.84471619,1.0589862,12,82
da02,1706843856783339,7.0871177,0.84134942,1.060811,11,83
da02,1706843856883282,7.0781174,0.84609652,1.0588087,9,84
da02,1706843856983370,7.0903611,0.83832324,1.0541885,12,85
da02,1706843857083286,7.0909009,0.83601975,1.0753145,9,86
da02,1706843857183334,7.0833092,0.838708,1.0755906,9,87
da02,1706843857283291,7.082849,0.82130432,1.0810719,9,88
da02,1706843857383326,7.0605531,0.82704556,1.085534,8,89
da02,1706843857483298,7.061377,0.827932,1.0766765,10,90
da02,1706843857583466,7.0704122,0.8260138,1.0835644,10,91
da02,1706843857683310,7.0653191,0.82819337,1.0802116,9,92
da02,1706843857783474,7.0569835,0.82637531,1.0816022,8,93
da02,1706843857883294,7.0537839,0.82429606,1.0841403,8,94
da02,1706843857983344,7.06611,0.8352676,1.0826309,11,95
da02,1706843858083316,7.0643258,0.83855736,1.0762359,9,96
da02,1706843858183365,7.0706768,0.8392514,1.0714937,10,97
da02,1706843858283325,7.0609837,0.83578885,1.0754246,8,98
da02,1706843858383374,7.0728893,0.83052212,1.0676773,11,99
da02,1706843858483319,7.0634232,0.82745349,1.0629116,9,100
da02,1706843858583336,7.0727377,0.82605588,1.0681283,10,101
da02,1706843858683318,7.0675454,0.82108486,1.0751239,8,102
da02,1706843858783320,7.0597577,0.82330006,1.0782081,8,103
da02,1706843858883297,7.0617995,0.83194345,1.0655192,10,104
da02,1706843858983395,7.063777,0.83571881,1.0638807,10,105
da02,1706843859083313,7.0683312,0.83790541,1.0566278,11,106
da02,1706843859183391,7.07,0.82781136,1.0643536,9,107
da02,1706843859283301,7.0654521,0.82580411,1.0657707,9,108
da02,1706843859383363,7.0639434,0.82470977,1.0652077,9,109
da02,1706843859483378,7.0654564,0.82578665,1.0659804,9,110
da02,1706843859583349,7.0676947,0.82882309,1.0707967,9,111
da02,1706843859683288,7.0623956,0.83775747,1.070765,9,112
da02,1706843859783339,7.0598588,0.84970397,1.0695922,9,113
da02,1706843859883305,7.0653782,0.84943378,1.0688403,10,114
da02,1706843859983383,7.0642338,0.84427094,1.0730689,9,115
da02,1706843860083300,7.072433,0.84835017,1.0765883,10,116
da02,1706843860183337,7.0699353,0.84198642,1.0757738,9,117
da02,1706843860283792,7.052897,0.8340084,1.0769688,7,118
da02,1706843860383420,7.0590978,0.830886,1.0800478,9,119
da02,1706843860483339,7.0682955,0.83313727,1.0751311,11,120
da02,1706843860583376,7.06604,0.83245045,1.0729451,9,121
da02,1706843860683352,7.0598364,0.8273415,1.0786368,8,122
da02,1706843860783382,7.0692191,0.83121949,1.075487,11,123
da02,1706843860883302,7.063839,0.8193171,1.0829884,7,124
da02,1706843860983354,7.0662408,0.81546891,1.0683348,10,125
da02,1706843861083316,7.0485559,0.8178007,1.0793792,8,126
da02,1706843861183354,7.049479,0.83473641,1.0760528,9,127
da02,1706843861283321,7.048769,0.83989763,1.0815768,8,128
da02,1706843861383355,7.0465255,0.831044,1.0871537,7,129
da02,1706843861483320,7.0644279,0.82250196,1.0745752,12,130
da02,1706843861583365,7.0509229,0.82618278,1.0737929,8,131
da02,1706843861683460,7.0538697,0.81859183,1.0829304,8,132
da02,1706843861783370,7.0735846,0.82175481,1.0858142,11,133
da02,1706843861883328,7.0756736,0.82850838,1.0772206,10,134
da02,1706843861983352,7.0726614,0.8323223,1.0791159,9,135
da02,1706843862083329,7.0723124,0.83562416,1.0751251,10,136
da02,1706843862183363,7.0690317,0.83546895,1.069514,9,137
da02,1706843862283328,7.0771446,0.81970608,1.0692686,10,138
da02,1706843862383361,7.0719767,0.81633085,1.0794855,8,139
da02,1706843862483325,7.0699248,0.8209542,1.08008,9,140
da02,1706843862583368,7.0647416,0.81351095,1.0805901,8,141
da02,1706843862684900,7.0592909,0.81053418,1.0809146,8,142
da02,1706843862783390,7.0578728,0.80796105,1.0816175,8,143
da02,1706843862883326,7.0693941,0.809607,1.0763512,11,144
da02,1706843862983425,7.0650153,0.8110292,1.0744135,9,145
da02,1706843863083316,7.06628,0.81443655,1.0687439,10,146
da02,1706843863183375,7.0734553,0.80991781,1.0696074,10,147
da02,1706843863283332,7.0635071,0.81005126,1.0739819,8,148
da02,1706843863383394,7.0661826,0.8192333,1.081341,9,149
da02,1706843863483350,7.0660005,0.82051814,1.0817951,9,150
da02,1706843863583397,7.0592628,0.82888585,1.0799011,8,151
da02,1706843863683352,7.053196,0.82728708,1.0800207,8,152
da02,1706843863783401,7.0550609,0.82989734,1.0821843,9,153
da02,1706843863883372,7.0537109,0.83672911,1.0772187,9,154
da02,1706843863983422,7.0501776,0.83203012,1.084959,7,155
da02,1706843864083375,7.0598974,0.84448379,1.073815,11,156
da02,1706843864183317,7.0631828,0.83984488,1.078326,9,157
da02,1706843864283309,7.0702176,0.83869249,1.0775305,10,158
da02,1706843864383452,7.0800633,0.84131593,1.0694009,11,159
da02,1706843864483342,7.071084,0.83435923,1.0822459,7,160
da02,1706843864583459,7.0737934,0.83800423,1.070765,11,161
da02,1706843864683375,7.0816813,0.83518571,1.062788,11,162
da02,1706843864783316,7.0761485,0.829478,1.0660474,9,163
da02,1706843864883370,7.0814943,0.83065563,1.0577729,11,164
da02,1706843864983496,7.0797977,0.82573152,1.0700629,9,165
da02,1706843865083500,7.0727725,0.82543141,1.0628399,9,166
da02,1706843865183366,7.0678763,0.82594687,1.0588237,9,167
da02,1706843865283802,7.0634937,0.82260561,1.0523114,9,168
da02,1706843865383366,7.0601988,0.82118636,1.0515529,9,169
da02,1706843865483282,7.0589013,0.81782222,1.0613492,8,170
da02,1706843865583262,7.0642924,0.82360971,1.0684596,9,171
da02,1706843865683384,7.0577416,0.82260239,1.0697349,8,172
da02,1706843865783294,7.0609288,0.81406307,1.0775601,8,173
da02,1706843865883272,7.0607743,0.8245973,1.0666391,10,174
da02,1706843865983410,7.0653396,0.82797444,1.0672179,10,175
da02,1706843866083270,7.0703173,0.82902956,1.068061,10,176
da02,1706843866183259,7.0755229,0.8339625,1.0671436,10,177
da02,1706843866283357,7.075748,0.82788217,1.0667776,10,178
da02,1706843866383317,7.0621743,0.82422221,1.0741806,7,179
da02,1706843866483289,7.0581517,0.81669629,1.0778565,8,180
da02,1706843866583366,7.0618548,0.82129025,1.0744988,10,181
da02,1706843866683318,7.0501723,0.82196617,1.0685447,8,182
da02,1706843866783276,7.0664144,0.81417209,1.0615871,11,183
da02,1706843866883364,7.06123,0.81590956,1.066736,8,184
da02,1706843866983274,7.0665336,0.81625277,1.0641716,10,185
da02,1706843867083319,7.056356,0.81675714,1.0570961,8,186
da02,1706843867183355,7.053134,0.82728356,1.0538542,9,187
da02,1706843867283274,7.0615311,0.82925421,1.0594507,10,188
da02,1706843867383270,7.05722,0.8241998,1.0706146,8,189
da02,1706843867483313,7.066833,0.83147377,1.0691574,11,190
da02,1706843867583285,7.0810614,0.83029824,1.0680802,11,191
da02,1706843867683269,7.0821633,0.82741225,1.0676322,10,192
da02,1706843867783286,7.0833287,0.82825941,1.0656385,10,193
da02,1706843867883280,7.0827947,0.82023329,1.0681019,9,194
da02,1706843867983254,7.0743089,0.8186056,1.0695664,8,195
da02,1706843868083303,7.0870171,0.82251012,1.0701599,11,196
da02,1706843868183253,7.077096,0.81962925,1.0621476,9,197
da02,1706843868283313,7.0732107,0.80842352,1.0714167,8,198
da02,1706843868383411,7.0717106,0.80867428,1.0743304,9,199
da02,1706843868483336,7.074296,0.81639796,1.0754498,10,200
da02,1706843868583287,7.0720549,0.81836224,1.0849792,8,201
da02,1706843868683384,7.0714855,0.82438183,1.0818999,9,202
da02,1706843868783324,7.0630236,0.829929,1.0781933,8,203
da02,1706843868883281,7.0744457,0.82157785,1.079662,10,204
da02,1706843868983392,7.0656328,0.82744724,1.0775602,8,205
da02,1706843869083290,7.0694423,0.82525676,1.0750183,10,206
da02,1706843869183409,7.077971,0.82932806,1.0697759,11,207
da02,1706843869283413,7.0851245,0.83274424,1.0683081,11,208
da02,1706843869383416,7.083282,0.83005315,1.0584377,10,209
da02,1706843869483322,7.0755,0.82185072,1.0633622,8,210
da02,1706843869583464,7.0832949,0.82487392,1.0665505,11,211
da02,1706843869683333,7.0745211,0.83215338,1.0716835,8,212
da02,1706843869783336,7.0655303,0.82111406,1.077284,7,213
da02,1706843869883304,7.0635548,0.82496667,1.0700873,9,214
da02,1706843869983734,7.0658345,0.83196282,1.0701394,10,215
da02,1706843870083514,7.0711675,0.82376885,1.0763807,9,216
da02,1706843870183366,7.062932,0.82045621,1.0787609,8,217
da02,1706843870283611,7.0681286,0.82379913,1.0718883,10,218
da02,1706843870383333,7.0720491,0.82401085,1.0735787,10,219
da02,1706843870483456,7.0667896,0.83524173,1.0767475,9,220
da02,1706843870583370,7.0806632,0.8256104,1.0853411,10,221
da02,1706843870683330,7.0772824,0.82042336,1.0920082,8,222
da02,1706843870783401,7.0736108,0.8188253,1.0828447,9,223
da02,1706843870883385,7.0580392,0.809904,1.0833551,7,224
da02,1706843870983309,7.0745158,0.81190544,1.0742533,12,225
da02,1706843871083380,7.0734696,0.81055462,1.0747714,9,226
da02,1706843871183407,7.0699348,0.81436712,1.0761068,9,227
da02,1706843871283318,7.0825973,0.81933969,1.0715483,11,228
da02,1706843871383395,7.0638618,0.820028,1.0756019,8,229
da02,1706843871483510,7.0734682,0.81899422,1.0783404,10,230
da02,1706843871583332,7.069459,0.82669407,1.0757663,9,231
da02,1706843871683396,7.0627952,0.82268852,1.0742084,8,232
da02,1706843871783401,7.0487514,0.81505454,1.0740814,7,233
da02,1706843871883301,7.0567136,0.82047123,1.0700628,10,234
da02,1706843871983458,7.0505476,0.81946295,1.0736321,8,235
da02,1706843872083408,7.0367308,0.82417166,1.0806276,8,236
da02,1706843872183339,7.0388417,0.83126473,1.0797746,9,237
da02,1706843872283349,7.0340328,0.83159328,1.0881517,8,238
da02,1706843872383451,7.0308008,0.8315714,1.0802391,8,239
da02,1706843872483758,7.0426712,0.820077,1.0796943,9,240
da02,1706843872583633,7.0341792,0.82698011,1.0773236,8,241
da02,1706843872683404,7.0536971,0.83728588,1.0807846,11,242
da02,1706843872783316,7.0485797,0.83729565,1.0845354,8,243
da02,1706843872883398,7.0434761,0.84408772,1.0784531,8,244
da02,1706843872983454,7.0262794,0.85528159,1.0810233,9,245
da02,1706843873083376,7.0436544,0.85252219,1.0800135,10,246
da02,1706843873183337,7.0535793,0.85343772,1.0746548,10,247
da02,1706843873283401,7.0623188,0.84519017,1.067467,10,248
da02,1706843873383382,7.062541,0.85155427,1.0702465,9,249
da02,1706843873483360,7.0716023,0.8500939,1.0744011,10,250
da02,1706843873583443,7.0802441,0.85272795,1.0808492,10,251
da02,1706843873683379,7.061275,0.84809589,1.0774029,8,252
da02,1706843873783334,7.060071,0.83991277,1.0749122,9,253
da02,1706843873883417,7.06035,0.83154708,1.0720532,9,254
da02,1706843873983376,7.068718,0.84064168,1.0779084,10,255
da02,1706843874083304,7.0648527,0.83614951,1.081139,8,256
da02,1706843874183454,7.0559154,0.82972986,1.0791353,8,257
da02,1706843874283392,7.0583973,0.82280314,1.0745872,9,258
da02,1706843874383364,7.0579658,0.81416351,1.0858667,8,259
da02,1706843874483442,7.0576062,0.8133691,1.0771264,9,260
da02,1706843874583368,7.0566111,0.8101595,1.0674384,9,261
da02,1706843874683343,7.0609617,0.82386178,1.0665249,10,262
da02,1706843874783415,7.0729961,0.83680809,1.0709656,11,263
da02,1706843874883376,7.0795012,0.83685559,1.0666398,11,264
da02,1706843874983416,7.0770888,0.83713394,1.0677795,9,265
da02,1706843875083365,7.091763,0.83830243,1.0700942,12,266
da02,1706843875183415,7.1006136,0.83135456,1.0623045,12,267
da02,1706843875283337,7.0994868,0.83013076,1.0607424,11,268
da02,1706843875383373,7.1023884,0.83567345,1.0544529,12,269
da02,1706843875483400,7.0914803,0.84221077,1.0562149,9,270
da02,1706843875583524,7.0796981,0.83394963,1.0605922,8,271
da02,1706843875683397,7.0764036,0.83902788,1.0660532,9,272
da02,1706843875784550,7.0745411,0.82904643,1.0630988,9,273
da02,1706843875883445,7.0549088,0.82013267,1.0729479,8,274
da02,1706843875983634,7.0495391,0.82112867,1.069963,8,275
da02,1706843876083474,7.045403,0.82858944,1.0699093,8,276
da02,1706843876183444,7.0388603,0.83525139,1.0711527,8,277
da02,1706843876283454,7.04232,0.8387782,1.0859218,8,278
da02,1706843876383531,7.0561242,0.8364163,1.0836436,10,279
da02,1706843876483408,7.0609674,0.84428978,1.0801027,10,280
da02,1706843876583518,7.0593872,0.84075016,1.0845598,8,281
da02,1706843876683472,7.0451837,0.84392709,1.0844322,8,282
da02,1706843876783427,7.0555778,0.84179908,1.0748211,11,283
da02,1706843876883365,7.0664015,0.84283525,1.0702587,11,284
da02,1706843876983454,7.0718307,0.84277797,1.0735365,10,285
da02,1706843877083369,7.0785747,0.84472537,1.0658838,11,286
da02,1706843877183390,7.0692391,0.83661932,1.0619645,9,287
da02,1706843877283373,7.0687761,0.82764828,1.0552167,10,288
da02,1706843877383450,7.060729,0.82491779,1.0546112,8,289
da02,1706843877483354,7.0656967,0.8278687,1.0554601,10,290
da02,1706843877583397,7.0748987,0.82151014,1.0621746,10,291
da02,1706843877683392,7.0696573,0.81055874,1.0696257,8,292
da02,1706843877783486,7.0708914,0.81522161,1.0652305,10,293
da02,1706843877883349,7.0733914,0.81611478,1.0619938,10,294
da02,1706843877983448,7.0672193,0.81673789,1.0539933,9,295
da02,1706843878084911,7.0595131,0.82006663,1.0585576,8,296
da02,1706843878183553,7.0548754,0.82257992,1.0616831,8,297
da02,1706843878283953,7.0573463,0.83425707,1.0631502,10,298
da02,1706843878383463,7.0562692,0.83471692,1.0711632,8,299
da02,1706843878483448,7.0646877,0.82733804,1.0837541,9,300
da02,1706843878583440,7.0610237,0.82915884,1.0841531,8,301
da02,1706843878683706,7.0629435,0.82508284,1.0701756,10,302
da02,1706843878783531,7.069694,0.82461673,1.073069,10,303
da02,1706843878883388,7.0674162,0.82901162,1.0773389,9,304
da02,1706843878983496,7.0644441,0.83895266,1.086916,8,305
da02,1706843879083458,7.046495,0.83280087,1.0901352,8,306
da02,1706843879183428,7.0679994,0.83576047,1.0923213,11,307
da02,1706843879283475,7.0723486,0.83262968,1.0861694,10,308
da02,1706843879383507,7.0771208,0.8322233,1.0754948,11,309
da02,1706843879483408,7.0692058,0.832806,1.0782539,8,310
da02,1706843879583626,7.0656834,0.82543087,1.0772327,9,311
da02,1706843879683467,7.0606093,0.82882953,1.0799242,8,312
da02,1706843879783554,7.056489,0.82730615,1.0756478,9,313
da02,1706843879883467,7.0468421,0.83023912,1.069136,8,314
da02,1706843879983521,7.0526414,0.82878953,1.0723561,9,315
da02,1706843880083424,7.0521545,0.82017434,1.0686259,9,316
da02,1706843880183425,7.0463009,0.82335269,1.0715437,8,317
da02,1706843880283427,7.0502071,0.83113557,1.0669581,10,318
da02,1706843880383464,7.0621123,0.82620257,1.0679934,10,319
da02,1706843880483402,7.0610142,0.82762742,1.0665448,9,320
da02,1706843880583556,7.0562134,0.83800173,1.0644425,9,321
da02,1706843880683401,7.0655026,0.82908958,1.0656768,10,322
da02,1706843880783532,7.0691061,0.8411305,1.0595192,11,323
da02,1706843880883469,7.0674238,0.83772033,1.0595431,9,324
da02,1706843880983474,7.0485315,0.84311658,1.0656404,8,325
da02,1706843881083606,7.0386038,0.84310687,1.0702276,8,326
da02,1706843881183436,7.0576525,0.83450341,1.0679839,11,327
da02,1706843881283454,7.0634246,0.83285356,1.0609952,10,328
da02,1706843881383534,7.0731955,0.82755882,1.0557189,11,329
da02,1706843881483475,7.0727744,0.82765174,1.0485783,10,330
da02,1706843881583549,7.0682716,0.82719934,1.0529592,9,331
da02,1706843881683484,7.0630374,0.82191724,1.0678463,7,332
da02,1706843881783534,7.0835791,0.8258329,1.0655113,12,333
da02,1706843881883434,7.087863,0.82600689,1.0628802,11,334
da02,1706843881983536,7.0753245,0.8300299,1.0635613,8,335
da02,1706843882083474,7.0762434,0.83202261,1.0687013,9,336
da02,1706843882183433,7.0591974,0.84490335,1.0682828,8,337
da02,1706843882283420,7.0659342,0.85139072,1.0732564,10,338
da02,1706843882383433,7.0533643,0.83772039,1.0768889,7,339
da02,1706843882483508,7.0693207,0.84207946,1.0714941,12,340
da02,1706843882583486,7.0603709,0.83643794,1.0723103,8,341
da02,1706843882683439,7.0475812,0.83141011,1.0692524,7,342
da02,1706843882783427,7.0393982,0.83508331,1.0740397,8,343
da02,1706843882883421,7.0337381,0.83186871,1.0768459,7,344
da02,1706843882983437,7.0424356,0.82924718,1.0805227,9,345
da02,1706843883083416,7.0487957,0.83732814,1.0866141,9,346
da02,1706843883183461,7.0549412,0.83001363,1.08271,9,347
da02,1706843883283462,7.0571885,0.8290047,1.0779836,9,348
da02,1706843883383527,7.0564342,0.83719224,1.0741512,9,349
da02,1706843883483434,7.0662827,0.83902055,1.0672945,11,350
da02,1706843883583478,7.0663776,0.84066856,1.0627533,10,351
da02,1706843883683514,7.0685205,0.83216506,1.0620857,10,352
da02,1706843883783438,7.0811892,0.82853931,1.0660932,11,353
da02,1706843883883428,7.0738034,0.82856631,1.071591,8,354
da02,1706843883983542,7.0704851,0.83315182,1.069002,9,355
da02,1706843884083410,7.0679069,0.84213132,1.0727324,9,356
da02,1706843884183432,7.069488,0.84449387,1.0693783,10,357
da02,1706843884283433,7.0798483,0.84745532,1.0726414,11,358
da02,1706843884383448,7.0770521,0.83986062,1.0694366,9,359
da02,1706843884483422,7.0704446,0.829603,1.0667806,9,360
da02,1706843884583509,7.0700197,0.82418549,1.0719033,9,361
da02,1706843884683436,7.0765052,0.82699335,1.0686601,11,362
da02,1706843884783454,7.057364,0.82762569,1.0720239,8,363
da02,1706843884883415,7.0677538,0.8287791,1.0784242,10,364
da02,1706843884983505,7.0741196,0.82559127,1.0696725,11,365
da02,1706843885083447,7.0807037,0.82915473,1.0708637,10,366
da02,1706843885183504,7.0710993,0.83234775,1.0768619,8,367
da02,1706843885283464,7.0643759,0.82879627,1.0767865,8,368
da02,1706843885383528,7.0656362,0.8377853,1.0776185,9,369
da02,1706843885483495,7.0465717,0.83494496,1.0779757,8,370
da02,1706843885583494,7.0584745,0.83761966,1.0804698,10,371
da02,1706843885683515,7.0635877,0.83883196,1.0817504,9,372
da02,1706843885783525,7.0653243,0.82398754,1.0896717,8,373
da02,1706843885883572,7.0546169,0.82878071,1.0911357,8,374
da02,1706843885983578,7.0640988,0.83563054,1.0862397,10,375
da02,1706843886083468,7.060286,0.82912648,1.0714815,9,376
da02,1706843886183474,7.0753965,0.82816982,1.0673625,11,377
da02,1706843886283654,7.0755649,0.82920688,1.0611615,10,378
da02,1706843886383546,7.0849147,0.82893866,1.0615489,11,379
da02,1706843886483538,7.0723414,0.83289444,1.0718976,8,380
da02,1706843886583763,7.0657129,0.82773286,1.0699652,9,381
da02,1706843886683444,7.0641365,0.82618809,1.0645715,9,382
da02,1706843886783580,7.0687113,0.82279712,1.0697551,9,383
da02,1706843886883584,7.0731874,0.82818949,1.0645373,11,384
da02,1706843886983556,7.0669041,0.83686912,1.0709274,8,385
da02,1706843887083583,7.05547,0.83546406,1.0749274,7,386
da02,1706843887183640,7.0503845,0.82995838,1.079376,8,387
da02,1706843887283479,7.0515337,0.82556462,1.0749915,9,388
da02,1706843887383609,7.0607162,0.82759011,1.0763537,10,389
da02,1706843887483547,7.0587244,0.83418053,1.0825546,8,390
da02,1706843887583662,7.0772104,0.83232021,1.0889535,11,391
da02,1706843887683549,7.0771346,0.84306562,1.0858927,10,392
da02,1706843887783596,7.0669246,0.84096551,1.0790476,8,393
da02,1706843887883476,7.072937,0.84397495,1.0833442,10,394
da02,1706843887983565,7.0771537,0.84219605,1.0764621,10,395
da02,1706843888083525,7.0745411,0.84183896,1.0806445,9,396
da02,1706843888183512,7.0625229,0.8511309,1.083268,8,397
da02,1706843888283468,7.0624661,0.84631139,1.0815048,9,398
da02,1706843888383501,7.0484166,0.83836889,1.0851173,8,399
da02,1706843888483483,7.0544629,0.84313011,1.0817845,10,400
da02,1706843888583476,7.079143,0.83539361,1.0798084,12,401
da02,1706843888683454,7.090312,0.83211815,1.0757114,11,402
da02,1706843888783500,7.0889974,0.83556056,1.0679573,11,403
da02,1706843888883416,7.0793347,0.82981586,1.0591615,9,404
da02,1706843888983518,7.0742207,0.83455962,1.0510654,10,405
da02,1706843889083442,7.0697613,0.83091158,1.0517296,9,406
da02,1706843889183494,7.0671835,0.82624292,1.0653443,8,407
da02,1706843889284048,7.0690522,0.82583356,1.0654426,10,408
da02,1706843889383514,7.0695696,0.832991,1.0656085,10,409
da02,1706843889483536,7.0607882,0.83826286,1.0642554,9,410
da02,1706843889583570,7.0658269,0.83224684,1.0646855,10,411
da02,1706843889683461,7.0718322,0.82884604,1.0761751,9,412
da02,1706843889783584,7.0718584,0.8195,1.0837898,8,413
da02,1706843889883546,7.066751,0.82514036,1.0859634,8,414
da02,1706843889983562,7.0552287,0.83448213,1.0888121,8,415
da02,1706843890083578,7.0558252,0.83490252,1.090117,8,416
da02,1706843890183606,7.0628672,0.83012027,1.0827563,10,417
da02,1706843890283492,7.056705,0.8252691,1.0759598,8,418
da02,1706843890383628,7.0626559,0.82921976,1.0756227,10,419
da02,1706843890484087,7.0599475,0.82570016,1.0814574,8,420
da02,1706843890583518,7.0556951,0.81972259,1.0739944,9,421
da02,1706843890683541,7.0503821,0.8283115,1.0705447,9,422
da02,1706843890783576,7.0565038,0.82408273,1.0607387,10,423
da02,1706843890883452,7.0558624,0.81365883,1.0575565,9,424
da02,1706843890983600,7.0806293,0.80955154,1.0616463,12,425
da02,1706843891083544,7.0818572,0.81073058,1.0624528,10,426
da02,1706843891183509,7.0734243,0.82269448,1.0651768,9,427
da02,1706843891283827,7.0676851,0.81895351,1.0680673,8,428
da02,1706843891383799,7.0711131,0.81107026,1.057947,10,429
da02,1706843891483524,7.0746541,0.81520945,1.0645338,10,430
da02,1706843891583539,7.0716009,0.81713086,1.066733,9,431
da02,1706843891683607,7.0642896,0.82227117,1.0657896,9,432
da02,1706843891783558,7.0717764,0.82814,1.0675384,10,433
da02,1706843891883621,7.0817275,0.82512975,1.0679839,11,434
da02,1706843891983597,7.0741205,0.8316229,1.0710442,9,435
da02,1706843892083483,7.0838518,0.82848853,1.0720205,11,436
da02,1706843892183600,7.0711789,0.83184147,1.0745199,8,437
da02,1706843892283548,7.0721011,0.82673019,1.06372,10,438
da02,1706843892383540,7.0831218,0.82295233,1.0682778,11,439
da02,1706843892483575,7.0831885,0.82894325,1.0764987,9,440
da02,1706843892583601,7.0772529,0.8260107,1.0653455,10,441
da02,1706843892683485,7.0780716,0.82980692,1.0638741,10,442
da02,1706843892783640,7.0795088,0.71057081,1.0407917,70,443
da02,1706843892883594,7.0802259,0.73840219,1.0412941,10,444
da02,1706843892983602,7.071866,0.76547796,1.0471482,9,445
da02,1706843893083598,7.0813317,0.78071404,1.0599174,10,446
da02,1706843893183580,7.0790405,0.80660921,1.0613588,10,447
da02,1706843893283486,7.0801787,0.81447423,1.0667707,10,448
da02,1706843893383607,7.0836439,0.82449704,1.0728115,10,449
da02,1706843893485125,7.0588384,0.82732767,1.063993,8,450
da02,1706843893583721,7.0597048,0.82848823,1.0632581,9,451
da02,1706843893683520,7.0641313,0.83121878,1.0712222,9,452
da02,1706843893783564,7.0642281,0.84412014,1.067645,10,453
da02,1706843893883476,7.0679245,0.841453,1.0751952,9,454
da02,1706843893983539,7.0649133,0.84388226,1.0761611,9,455
da02,1706843894083518,7.0617895,0.84994709,1.0645279,10,456
da02,1706843894183512,7.0685587,0.86120456,1.0634369,11,457
da02,1706843894283617,7.0745959,0.85775077,1.0609406,11,458
da02,1706843894383532,7.0726619,0.85013515,1.0717064,9,459
da02,1706843894483556,7.0709395,0.83925813,1.0655886,10,460
da02,1706843894583674,7.0657287,0.83704048,1.0625777,9,461
da02,1706843894683519,7.0670562,0.84255189,1.0600396,10,462
da02,1706843894783623,7.0631547,0.83903897,1.0784895,7,463
da02,1706843894883526,7.05221,0.84085512,1.0768449,8,464
da02,1706843894983536,7.0627556,0.83995289,1.0637764,11,465
da02,1706843895083598,7.0771856,0.840799,1.0592542,12,466
da02,1706843895183554,7.0792255,0.83755744,1.0579478,10,467
da02,1706843895283544,7.0620937,0.83299243,1.0598798,7,468
da02,1706843895383544,7.0561509,0.82520729,1.054329,9,469
da02,1706843895483566,7.0614662,0.82992709,1.0573027,10,470
da02,1706843895583730,7.0593476,0.83261108,1.0633405,9,471
da02,1706843895683544,7.0572333,0.81849653,1.0718455,8,472
da02,1706843895783614,7.0638514,0.82236749,1.062928,11,473
da02,1706843895883554,7.0643134,0.81955612,1.059353,10,474
da02,1706843895983607,7.0683117,0.82835668,1.0566956,10,475
da02,1706843896083771,7.0462379,0.83231711,1.0643988,8,476
da02,1706843896183598,7.0403647,0.82844919,1.0548304,9,477
da02,1706843896283534,7.0454011,0.83300227,1.0640308,9,478
da02,1706843896383569,7.0436254,0.826259,1.0691448,8,479
da02,1706843896483510,7.0679336,0.82459289,1.0653012,12,480
da02,1706843896583550,7.0537596,0.81534439,1.0743439,7,481
da02,1706843896683525,7.0483489,0.81452,1.0726911,8,482
da02,1706843896783532,7.0483475,0.82215595,1.0755441,8,483
da02,1706843896883563,7.0378065,0.82135653,1.0848267,8,484
da02,1706843896983540,7.0446167,0.82887858,1.0790122,10,485
da02,1706843897083551,7.0462656,0.83552104,1.0835003,8,486
da02,1706843897183547,7.0451651,0.84384078,1.0847806,8,487
da02,1706843897283526,7.0632257,0.84331858,1.076314,12,488
da02,1706843897383639,7.0637536,0.84087723,1.0711676,10,489
da02,1706843897483578,7.0580688,0.83710027,1.0669888,9,490
da02,1706843897583650,7.0690994,0.83520019,1.0653962,11,491
da02,1706843897683587,7.0650191,0.83891475,1.0587636,10,492
da02,1706843897783568,7.0598159,0.83372152,1.0632129,8,493
da02,1706843897883592,7.0680161,0.83822048,1.0649259,10,494
da02,1706843897983640,7.0746074,0.83786714,1.0661585,10,495
da02,1706843898083518,7.0702577,0.84416103,1.071557,9,496
da02,1706843898183662,7.0673914,0.84750479,1.064878,10,497
da02,1706843898283624,7.0719652,0.83695018,1.0641751,10,498
da02,1706843898383601,7.0621395,0.84496015,1.0632592,9,499
da02,1706843898483647,7.0702624,0.83962643,1.0562857,11,500
da02,1706843898583678,7.0690851,0.83474576,1.0550747,10,501
da02,1706843898683565,7.0742583,0.83524376,1.0590422,10,502
da02,1706843898783698,7.0701385,0.8321026,1.0704997,8,503
da02,1706843898883608,7.0761085,0.83886033,1.0721856,10,504
da02,1706843898983596,7.0712895,0.85054809,1.0703683,9,505
da02,1706843899083608,7.07825,0.84489226,1.069248,11,506
da02,1706843899183635,7.0737662,0.84874535,1.0683571,9,507
da02,1706843899283522,7.0731874,0.843589,1.0542923,11,508
da02,1706843899384133,7.0696692,0.84249872,1.0618397,9,509
da02,1706843899483603,7.0629139,0.83676279,1.0682701,8,510
da02,1706843899583745,7.0595231,0.846233,1.0797489,8,511
da02,1706843899683603,7.0618286,0.836658,1.0816295,9,512
da02,1706843899784099,7.0674248,0.82806778,1.0753418,10,513
da02,1706843899883539,7.0815053,0.82774377,1.0727185,11,514
da02,1706843899984134,7.0718117,0.82459807,1.072276,8,515
da02,1706843900083626,7.0721178,0.82609719,1.0699521,10,516
da02,1706843900183553,7.0838156,0.82960397,1.0700186,11,517
da02,1706843900284137,7.0764947,0.83205622,1.0663333,9,518
da02,1706843900383631,7.0686779,0.836098,1.0648823,9,519
da02,1706843900483557,7.0643859,0.83653027,1.0638162,9,520
da02,1706843900584191,7.0524788,0.83295393,1.0691782,7,521
da02,1706843900683639,7.0522184,0.83529073,1.0674026,9,522
da02,1706843900783568,7.0375528,0.83868349,1.0718281,8,523
da02,1706843900883561,7.0491633,0.83295596,1.0690397,10,524
da02,1706843900983663,7.0440574,0.83293891,1.0718541,8,525
da02,1706843901083577,7.0383086,0.83359408,1.0836296,8,526
da02,1706843901183620,7.0492625,0.83396995,1.0820588,10,527
da02,1706843901283656,7.0578942,0.8328144,1.0740031,10,528
da02,1706843901383616,7.0637007,0.82477325,1.0747226,9,529
da02,1706843901483650,7.0545707,0.82713038,1.082695,8,530
da02,1706843901583690,7.0595746,0.82761919,1.0788145,10,531
da02,1706843901683596,7.0585604,0.81477517,1.0793732,8,532
da02,1706843901783688,7.0498505,0.826023,1.0783191,8,533
da02,1706843901883630,7.0568137,0.8260957,1.070069,10,534
da02,1706843901983604,7.0559788,0.8218776,1.0741869,8,535
da02,1706843902083601,7.0625482,0.8195467,1.0845535,9,536
da02,1706843902183604,7.066709,0.82197976,1.0761491,10,537
da02,1706843902283611,7.0614705,0.82066911,1.0735072,9,538
da02,1706843902383670,7.04569,0.82435042,1.0787985,8,539
da02,1706843902483608,7.058207,0.83050704,1.0711449,11,540
da02,1706843902583564,7.0654364,0.82612628,1.0630846,11,541
da02,1706843902683601,7.0689836,0.82017845,1.0579407,10,542
da02,1706843902783563,7.065022,0.82306319,1.0630881,9,543
da02,1706843902883625,7.0656056,0.81740862,1.0673815,9,544
da02,1706843902983565,7.0709572,0.81736934,1.068158,10,545
da02,1706843903083581,7.0730405,0.8180514,1.0707005,9,546
da02,1706843903183642,7.0807161,0.81825989,1.0760746,10,547
da02,1706843903283574,7.0784955,0.81608814,1.0737561,9,548
da02,1706843903383598,7.0692873,0.80832911,1.0771449,8,549
da02,1706843903483687,7.0603991,0.80773747,1.0792812,8,550
da02,1706843903583578,7.0587277,0.8024773,1.0869348,8,551
da02,1706843903683599,7.0755291,0.79921347,1.0759209,12,552
da02,1706843903783634,7.0799131,0.8056975,1.0647341,11,553
da02,1706843903883640,7.0660343,0.80911815,1.0678463,8,554
da02,1706843903983624,7.0655084,0.81333309,1.0668359,9,555
da02,1706843904083589,7.0708394,0.81773359,1.0612652,11,556
da02,1706843904183639,7.0659223,0.82713944,1.0740092,8,557
da02,1706843904283648,7.06034,0.83390778,1.0699637,9,558
da02,1706843904383628,7.0544934,0.84608746,1.0646367,9,559
da02,1706843904483728,7.0603437,0.83772248,1.066299,10,560
da02,1706843904583718,7.0761218,0.83945751,1.0673869,11,561
da02,1706843904683572,7.0800524,0.82941669,1.0702602,10,562
da02,1706843904783796,7.0787144,0.82706976,1.0725574,9,563
da02,1706843904884081,7.0706806,0.83529156,1.0755179,8,564
da02,1706843904983656,7.0701604,0.83069432,1.0791676,9,565
da02,1706843905083622,7.0605702,0.83055025,1.0739415,8,566
da02,1706843905183583,7.0583754,0.82783508,1.0767553,8,567
da02,1706843905283650,7.0472369,0.82491946,1.0798805,7,568
da02,1706843905383620,7.0452909,0.82551223,1.0724784,9,569
da02,1706843905483582,7.0536642,0.83198333,1.076499,9,570
da02,1706843905583606,7.0485659,0.83218187,1.084769,8,571
da02,1706843905683617,7.0554414,0.83221591,1.0742162,10,572
da02,1706843905783636,7.0635686,0.83826715,1.0662502,11,573
da02,1706843905883661,7.0652308,0.8326211,1.061914,10,574
da02,1706843905983750,7.0501614,0.82294112,1.056239,8,575
da02,1706843906083728,7.0474195,0.82846969,1.0599929,8,576
da02,1706843906183646,7.0481133,0.823254,1.0793966,7,577
da02,1706843906283707,7.0414276,0.82072991,1.0912789,8,578
da02,1706843906383752,7.0570054,0.82254606,1.084664,11,579
da02,1706843906483642,7.0593653,0.83166397,1.0768855,10,580
da02,1706843906583706,7.04875,0.82706171,1.0782641,7,581
da02,1706843906683642,7.0452933,0.827039,1.0791534,8,582
da02,1706843906783608,7.048121,0.82187474,1.0755213,9,583
da02,1706843906883659,7.0490608,0.82023,1.0737911,9,584
da02,1706843906983724,7.0435534,0.82496536,1.0671382,8,585
da02,1706843907083608,7.0464253,0.82072628,1.0616846,9,586
da02,1706843907183731,7.0544605,0.83173615,1.0695338,9,587
da02,1706843907283701,7.0482907,0.83946216,1.0758755,8,588
da02,1706843907383618,7.0467706,0.84125608,1.0733786,9,589
da02,1706843907483679,7.059742,0.845777,1.0702844,11,590
da02,1706843907583730,7.0576859,0.84375703,1.071663,9,591
da02,1706843907683610,7.0562663,0.8343755,1.0739806,8,592
da02,1706843907783602,7.0693059,0.83167762,1.0710679,11,593
da02,1706843907883998,7.0691037,0.83024335,1.0727559,9,594
da02,1706843907983671,7.0716505,0.82770687,1.0741489,9,595
da02,1706843908083620,7.0908928,0.82268679,1.0739741,12,596
da02,1706843908183626,7.0908628,0.83486623,1.0658675,11,597
da02,1706843908283630,7.0889373,0.84235823,1.0723912,10,598
da02,1706843908387375,7.0750494,0.83783394,1.0657567,9,599
da02,1706843908483730,7.0699124,0.83814317,1.0745355,8,600
da02,1706843908583676,7.0602078,0.84623682,1.0699863,9,601
da02,1706843908683730,7.0764194,0.8432138,1.0742544,11,602
da02,1706843908783760,7.0813527,0.83673882,1.0765481,10,603
da02,1706843908885229,7.0790572,0.823174,1.0795928,9,604
da02,1706843908983824,7.0736279,0.8286227,1.0915769,8,605
da02,1706843909083778,7.0754385,0.82613838,1.0855308,10,606
da02,1706843909183646,7.056643,0.82247609,1.0870506,8,607
da02,1706843909283628,7.0520048,0.82175213,1.0836781,8,608
da02,1706843909383714,7.0547152,0.81528461,1.0827624,9,609
da02,1706843909483631,7.0623903,0.81733513,1.0714518,11,610
da02,1706843909583726,7.0604839,0.81946182,1.0701143,9,611
da02,1706843909683682,7.0685205,0.82760191,1.0625367,11,612
da02,1706843909783637,7.0623064,0.83313763,1.0609901,9,613
da02,1706843909883684,7.0587368,0.84065533,1.0606517,9,614
da02,1706843909983703,7.058044,0.83987278,1.0755715,8,615
da02,1706843910083614,7.0480537,0.8384431,1.0801318,8,616
da02,1706843910183709,7.0547051,0.83498371,1.0765332,10,617
da02,1706843910283664,7.0566759,0.82971919,1.0750203,9,618
da02,1706843910383662,7.0568814,0.83358914,1.0767064,9,619
da02,1706843910483942,7.062851,0.82982713,1.0819529,9,620
da02,1706843910583849,7.0589867,0.82164335,1.0926896,7,621
da02,1706843910683700,7.055552,0.8282522,1.0884498,9,622
da02,1706843910783762,7.0523434,0.82500803,1.0802864,9,623
da02,1706843910883652,7.0467572,0.83107132,1.08281,8,624
da02,1706843910983708,7.0553765,0.82235968,1.0772071,10,625
da02,1706843911083705,7.0570726,0.8270002,1.0738944,9,626
da02,1706843911183642,7.057179,0.83154988,1.0758619,9,627
da02,1706843911284125,7.0419655,0.83961993,1.0779372,8,628
da02,1706843911383729,7.0502133,0.83140594,1.0697021,10,629
da02,1706843911483629,7.050735,0.82061547,1.0711203,8,630
da02,1706843911583616,7.0570722,0.82007122,1.0818452,9,631
da02,1706843911683708,7.071023,0.824392,1.070242,12,632
da02,1706843911783654,7.0760522,0.83048433,1.0687793,10,633
da02,1706843911883591,7.0711904,0.82445872,1.0677408,9,634
da02,1706843911983732,7.0621924,0.82058275,1.07363,8,635
da02,1706843912083637,7.0568075,0.82747608,1.0706493,9,636
da02,1706843912183634,7.0644665,0.81253672,1.0819209,9,637
da02,1706843912283715,7.0455675,0.82383376,1.0837892,8,638
da02,1706843912383666,7.0413356,0.82717013,1.0909128,8,639
da02,1706843912483676,7.0328364,0.8304072,1.0877689,8,640
da02,1706843912583758,7.039834,0.82886392,1.090703,8,641
da02,1706843912683676,7.0359931,0.82537133,1.0869664,8,642
da02,1706843912783716,7.0433106,0.82853621,1.0795186,10,643
da02,1706843912883755,7.0472107,0.83458883,1.0780674,9,644
da02,1706843912983612,7.0471072,0.83758408,1.0785295,8,645
da02,1706843913083623,7.061626,0.83707708,1.0730966,11,646
da02,1706843913183736,7.0488033,0.83823264,1.0730504,8,647
da02,1706843913283603,7.0605564,0.83976507,1.0702479,11,648
da02,1706843913383668,7.05997,0.82997352,1.0619938,9,649
da02,1706843913483744,7.0606551,0.82143486,1.0740809,8,650
da02,1706843913583718,7.050487,0.81866068,1.0744517,7,651
da02,1706843913683653,7.0461869,0.82226551,1.0718102,8,652
da02,1706843913783747,7.051065,0.81947964,1.0660148,10,653
da02,1706843913883818,7.0443254,0.8239336,1.0702558,8,654
da02,1706843913983800,7.0460815,0.82861024,1.0606375,10,655
da02,1706843914083668,7.0429416,0.82633609,1.0641679,8,656
da02,1706843914183671,7.0472474,0.83497393,1.0531824,10,657
da02,1706843914283738,7.1832676,0.83714724,1.0396575,67,658
da02,1706843914383652,7.1459613,0.823798,1.0380985,9,659
da02,1706843914483733,7.1131473,0.83160627,1.0514221,8,660
da02,1706843914583724,7.1035895,0.8253473,1.0573658,9,661
da02,1706843914683670,7.095119,0.83073765,1.061558,9,662
da02,1706843914783730,7.0941806,0.83192432,1.0573947,11,663
da02,1706843914883734,7.0961351,0.83352965,1.0627062,10,664
da02,1706843914983662,7.0976734,0.83025783,1.065245,10,665
da02,1706843915083760,7.0971189,0.83936191,1.0662516,11,666
da02,1706843915183718,7.0960875,0.83693039,1.0578362,11,667
da02,1706843915283648,7.0816016,0.83149981,1.0576215,8,668
da02,1706843915383737,7.0818648,0.823414,1.0634873,9,669
da02,1706843915483824,7.076993,0.82443297,1.0625192,9,670
da02,1706843915583687,7.0759869,0.82479274,1.0736543,9,671
da02,1706843915684260,7.1808319,0.82640094,1.0672494,66,672
da02,1706843915783759,7.163795,0.83016479,1.0709836,11,673
da02,1706843915883680,7.1353722,0.83016038,1.0742109,8,674
da02,1706843915983710,7.1254225,0.83588827,1.0794425,10,675
da02,1706843916083720,7.1116033,0.83195919,1.0721607,10,676
da02,1706843916183640,7.100018,0.8334446,1.0722042,9,677
da02,1706843916283674,7.0970573,0.83579558,1.0674218,10,678
da02,1706843916383725,7.1060753,0.83019423,1.0689721,11,679
da02,1706843916483646,7.1057611,0.83712,1.0677623,11,680
da02,1706843916583651,7.0971708,0.83702236,1.0620983,10,681
da02,1706843916683665,7.0923338,0.83204532,1.0647495,10,682
da02,1706843916783635,7.09857,0.83328032,1.0722663,11,683
da02,1706843916883658,7.0951915,0.83639425,1.0691549,10,684
da02,1706843916983715,7.0692673,0.84768903,1.0747637,9,685
da02,1706843917083676,7.077353,0.84866315,1.0844409,10,686
da02,1706843917183654,7.0690832,0.83993745,1.078326,9,687
da02,1706843917283664,7.0605397,0.83667368,1.0830065,8,688
da02,1706843917383681,7.0570025,0.84480327,1.0764954,9,689
da02,1706843917483625,7.0621347,0.84235966,1.0769869,10,690
da02,1706843917583686,7.0646544,0.85177928,1.0699794,10,691
da02,1706843917683732,7.0641661,0.84005183,1.0731866,9,692
da02,1706843917783717,7.060792,0.82745296,1.0802615,8,693
da02,1706843917883672,7.064599,0.82858074,1.0821915,9,694
da02,1706843917983722,7.0636854,0.82639176,1.082361,9,695
da02,1706843918083666,7.0695453,0.82303983,1.0714967,11,696
da02,1706843918183662,7.0684748,0.82675505,1.0717062,9,697
da02,1706843918283696,7.0804954,0.81849343,1.0691068,11,698
da02,1706843918383724,7.0862374,0.82419932,1.072908,10,699
da02,1706843918483778,7.0775175,0.82978112,1.0781732,8,700
da02,1706843918583690,7.0765066,0.82209074,1.0794617,9,701
da02,1706843918683676,7.0748429,0.8260603,1.0773959,9,702
da02,1706843918783680,7.0675478,0.82488275,1.0710107,9,703
da02,1706843918883690,7.0585747,0.68780345,1.0526118,70,704
da02,1706843918983724,7.0741043,0.72341043,1.0422901,12,705
da02,1706843919083674,7.0658917,0.745603,1.0480543,8,706
da02,1706843919183726,7.0524883,0.76255763,1.0493543,8,707
da02,1706843919283716,7.0503964,0.77655309,1.044803,9,708
da02,1706843919383779,7.0462456,0.78282869,1.0470953,8,709
da02,1706843919483891,7.0438137,0.79234928,1.0602688,7,710
da02,1706843919583807,7.0476828,0.79843515,1.0759168,8,711
da02,1706843919683745,7.0644255,0.80210364,1.0763724,11,712
da02,1706843919783700,7.0509572,0.80864453,1.074415,7,713
da02,1706843919883747,7.0500417,0.81031913,1.0694674,9,714
da02,1706843919983800,7.0630312,0.81850356,1.0645638,11,715
da02,1706843920083721,7.0622153,0.81359726,1.0663277,9,716
da02,1706843920183743,7.0594864,0.82297355,1.0698022,9,717
da02,1706843920283751,7.0575628,0.82215255,1.0736508,8,718
da02,1706843920383747,7.0479083,0.811699,1.0706638,7,719
da02,1706843920483680,7.0362134,0.821367,1.0764159,8,720
da02,1706843920583708,7.0359612,0.81830859,1.0725477,8,721
da02,1706843920683713,7.0379667,0.82165623,1.0708338,9,722
da02,1706843920783688,7.0375013,0.82822829,1.0726528,8,723
da02,1706843920883694,7.0461125,0.82140887,1.0591948,10,724
da02,1706843920983662,7.0509663,0.82102984,1.0648261,9,725
da02,1706843921083744,7.05313,0.81773883,1.0672233,9,726
da02,1706843921183729,7.0610223,0.82913852,1.0744576,10,727
da02,1706843921283738,7.0674009,0.83402693,1.072214,10,728
da02,1706843921383726,7.0663924,0.83978271,1.0802917,9,729
da02,1706843921483745,7.0645943,0.83855391,1.0771775,9,730
da02,1706843921583821,7.0643377,0.84100282,1.0756538,9,731
da02,1706843921683706,7.0634227,0.84021032,1.0751103,9,732
da02,1706843921783735,7.0620141,0.83698457,1.0753129,9,733
da02,1706843921883793,7.0685782,0.83501774,1.0800227,10,734
da02,1706843921983724,7.0724139,0.83132833,1.0755398,10,735
da02,1706843922083698,7.0891566,0.82764965,1.0686923,12,736
da02,1706843922183800,7.0882344,0.8254258,1.0680913,10,737
da02,1706843922284267,7.082509,0.82626331,1.076019,9,738
da02,1706843922383753,7.0829711,0.81802195,1.0704458,10,739
da02,1706843922483784,7.0762877,0.82075071,1.0669777,9,740
da02,1706843922583736,7.0880127,0.832422,1.0584188,12,741
da02,1706843922683714,7.0722642,0.8422637,1.0609671,8,742
da02,1706843922783821,7.0758467,0.84158462,1.0689448,10,743
da02,1706843922883687,7.08975,0.83947772,1.0591952,12,744
da02,1706843922983771,7.0848222,0.83571851,1.0649004,9,745
da02,1706843923083779,7.085247,0.837792,1.0722644,10,746
da02,1706843923184167,7.0916858,0.84131414,1.0744328,11,747
da02,1706843923283730,7.0995774,0.84668386,1.0674107,12,748
da02,1706843923383829,7.1070795,0.84811741,1.0622027,12,749
da02,1706843923483713,7.097362,0.84704608,1.0675662,9,750
da02,1706843923583735,7.081223,0.85030156,1.0650518,9,751
da02,1706843923683843,7.0891604,0.8436175,1.0678835,11,752
da02,1706843923783782,7.0924425,0.83668631,1.0725516,10,753
da02,1706843923883754,7.1033521,0.83463633,1.0688151,12,754
da02,1706843923983861,7.0926838,0.83543545,1.0699813,9,755
da02,1706843924083673,7.0831642,0.8353104,1.0659431,9,756
da02,1706843924183724,7.07759,0.83264959,1.0591786,10,757
da02,1706843924285375,7.0729175,0.83771092,1.0590153,9,758
da02,1706843924383746,7.057703,0.83392394,1.054491,8,759
da02,1706843924483738,7.0546966,0.8307234,1.0614139,8,760
da02,1706843924583850,7.0612087,0.82998353,1.0598423,10,761
da02,1706843924683672,7.0664816,0.8290506,1.0597119,10,762
da02,1706843924783745,7.0581641,0.83117735,1.0611185,8,763
da02,1706843924883801,7.0600481,0.82616353,1.057996,10,764
da02,1706843924983854,7.061811,0.82424271,1.0611871,9,765
da02,1706843925083691,7.0493855,0.82487005,1.0640705,7,766
da02,1706843925183828,7.0433421,0.83426785,1.0759128,8,767
da02,1706843925283698,7.0515661,0.83033395,1.0778468,9,768
da02,1706843925383714,7.0519533,0.83074456,1.0704367,9,769
da02,1706843925483782,7.0609345,0.83827996,1.0637852,11,770
da02,1706843925583777,7.0612731,0.83673811,1.0593188,10,771
da02,1706843925683770,7.0699844,0.83420122,1.0547326,11,772
da02,1706843925783818,7.0624156,0.82904792,1.0601306,8,773
da02,1706843925883788,7.0700455,0.82910132,1.0645715,10,774
da02,1706843925983792,7.0617962,0.81923163,1.0633268,8,775
da02,1706843926083745,7.0601263,0.81525016,1.0660374,9,776
da02,1706843926183729,7.0851669,0.82046205,1.0758022,12,777
da02,1706843926283700,7.0893512,0.82719433,1.0734601,11,778
da02,1706843926383741,7.09596,0.8277663,1.0808038,10,779
da02,1706843926483825,7.0890818,0.82845628,1.0766294,9,780
da02,1706843926583779,7.07772,0.83366191,1.0868009,8,781
da02,1706843926683754,7.0695243,0.84176618,1.0817232,9,782
da02,1706843926783828,7.06285,0.83292985,1.0707638,9,783
da02,1706843926883750,7.0672359,0.83605671,1.0758905,9,784
da02,1706843926983762,7.0807443,0.84408772,1.0867935,11,785
da02,1706843927083796,7.0836,0.8295753,1.0725001,11,786
da02,1706843927183754,7.0757022,0.82373917,1.0746083,8,787
da02,1706843927283726,7.0904055,0.82302004,1.0761269,11,788
da02,1706843927383792,7.25335,0.67430532,1.405448,72,789
da02,1706843927483780,7.1983047,0.71515673,1.3166254,9,790
da02,1706843927583794,7.1720905,0.73469478,1.2578943,10,791
da02,1706843927683784,7.1410007,0.74810731,1.2050028,9,792
da02,1706843927783743,7.1135964,0.774246,1.166344,9,793
da02,1706843927883771,7.1080728,0.787282,1.1390418,10,794
da02,1706843927983809,7.08286,0.80269414,1.128427,8,795
da02,1706843928083976,7.0819759,0.80706841,1.1121193,10,796
da02,1706843928183732,7.0848079,0.80587536,1.1052105,10,797
da02,1706843928283748,7.0880213,0.80723196,1.104247,10,798
da02,1706843928383776,7.0770445,0.81105858,1.1014839,8,799
da02,1706843928484196,7.079936,0.81228352,1.087237,10,800
da02,1706843928583794,7.0729017,0.67282635,1.0607269,70,801
da02,1706843928683770,7.0706029,0.714507,1.0587925,10,802
da02,1706843928783768,7.0708566,0.74170023,1.0542997,10,803
da02,1706843928883722,7.0630236,0.76197612,1.0529368,9,804
da02,1706843928983826,7.0676875,0.78355438,1.0715656,9,805
da02,1706843929083732,7.0591822,0.79030019,1.0716538,8,806
da02,1706843929183782,7.05946,0.8077352,1.0777742,9,807
da02,1706843929283731,7.0580478,0.82680696,1.0758938,9,808
da02,1706843929383771,7.051403,0.83316052,1.0809364,8,809
da02,1706843929483748,7.0477543,0.82561344,1.0842215,7,810
da02,1706843929583788,7.0507951,0.81672674,1.072839,9,811
da02,1706843929683727,7.053946,0.82587838,1.0614059,10,812
da02,1706843929783809,7.0536346,0.83287621,1.075164,8,813
da02,1706843929883738,7.0577579,0.82737994,1.0833923,8,814
da02,1706843929983838,7.0550685,0.82879847,1.0852246,8,815
da02,1706843930083898,7.053771,0.83255368,1.0783918,9,816
da02,1706843930183808,7.0646219,0.83733326,1.0798309,10,817
da02,1706843930283755,7.0732355,0.83495849,1.0801265,10,818
da02,1706843930383840,7.0741153,0.82185578,1.0819938,9,819
da02,1706843930483913,7.072751,0.82069212,1.0726744,10,820
da02,1706843930583805,7.0751853,0.8186931,1.0720494,10,821
da02,1706843930683866,7.0711503,0.82500863,1.0679334,9,822
da02,1706843930784364,7.0769806,0.82569766,1.0714744,10,823
da02,1706843930883824,7.0749111,0.822487,1.0606667,10,824
da02,1706843930983852,7.090158,0.82394695,1.0674449,11,825
da02,1706843931083782,7.081707,0.82298774,1.0602362,10,826
da02,1706843931183820,7.0822048,0.82113069,1.0755043,9,827
da02,1706843931283842,7.0797329,0.83348233,1.0833292,9,828
da02,1706843931383843,7.0791888,0.83389688,1.0783238,10,829
da02,1706843931483818,7.0669966,0.8310563,1.0753406,8,830
da02,1706843931583901,7.0552626,0.824733,1.0788444,7,831
da02,1706843931683773,7.0546951,0.82874626,1.0756984,9,832
da02,1706843931783817,7.0675635,0.83671719,1.081822,10,833
da02,1706843931883836,7.0677829,0.83520281,1.0736104,10,834
da02,1706843931983887,7.04249,0.83187914,1.0686176,8,835
da02,1706843932083768,7.0547323,0.83062375,1.05445,11,836
da02,1706843932183862,7.0467525,0.8282215,1.0552909,8,837
da02,1706843932283781,7.045269,0.830934,1.0599606,8,838
da02,1706843932383814,7.051044,0.83198547,1.0575737,10,839
da02,1706843932483850,7.0553241,0.83492392,1.0678979,9,840
da02,1706843932583832,7.0625005,0.82899207,1.0695171,10,841
da02,1706843932683763,7.0592461,0.8372612,1.0605035,10,842
da02,1706843932783791,7.0671744,0.84233636,1.066011,10,843
da02,1706843932883752,7.06732,0.82625139,1.0640864,9,844
da02,1706843932983808,7.0584254,0.8261804,1.0547034,9,845
da02,1706843933083809,7.0528817,0.82935816,1.063625,8,846
da02,1706843933183851,7.0574384,0.83560133,1.0680432,9,847
da02,1706843933284295,7.053668,0.83606565,1.0743773,8,848
da02,1706843933383798,7.0560327,0.8458643,1.0720044,10,849
da02,1706843933483848,7.0538292,0.83930373,1.0755969,8,850
da02,1706843933583851,7.0606151,0.83188564,1.0766194,9,851
da02,1706843933683803,7.0630145,0.82780617,1.0734684,9,852
da02,1706843933783879,7.0663385,0.82436693,1.075657,9,853
da02,1706843933883822,7.0722766,0.82183903,1.0764657,10,854
da02,1706843933983856,7.079689,0.82708269,1.0773762,10,855
da02,1706843934083827,7.0638962,0.82925606,1.0766281,7,856
da02,1706843934183930,7.060111,0.82647341,1.0801132,8,857
da02,1706843934283772,7.064539,0.82413357,1.0782607,10,858
da02,1706843934383933,7.066627,0.82798678,1.0751654,10,859
da02,1706843934483886,7.0675783,0.82151288,1.0713273,9,860
da02,1706843934583792,7.0697713,0.81966722,1.0702676,10,861
da02,1706843934683884,7.069067,0.82161123,1.071107,9,862
da02,1706843934783884,7.0783796,0.83027595,1.0742033,11,863
da02,1706843934883776,7.0828567,0.8259328,1.0723763,10,864
da02,1706843934983868,7.0671396,0.82201266,1.0769756,7,865
da02,1706843935083876,7.0614891,0.81548226,1.067561,9,866
da02,1706843935183808,7.0600853,0.82443887,1.0666356,9,867
da02,1706843935284306,7.0573492,0.81728935,1.0632882,9,868
da02,1706843935383852,7.0686321,0.81244516,1.0714743,10,869
da02,1706843935483810,7.064281,0.82322514,1.0740355,9,870
da02,1706843935583943,7.0592065,0.82534367,1.0719497,9,871
da02,1706843935683880,7.05846,0.82618642,1.075691,9,872
da02,1706843935784061,7.0597816,0.82844794,1.0658741,10,873
da02,1706843935883859,7.0674691,0.8193242,1.059853,10,874
da02,1706843935984134,7.0635028,0.82163644,1.0707161,8,875
da02,1706843936083870,7.0617237,0.82118982,1.0702524,9,876
da02,1706843936183928,7.0599179,0.82566011,1.0779073,8,877
da02,1706843936283851,7.0627518,0.83059585,1.0780122,9,878
da02,1706843936383854,7.0766387,0.83962077,1.085893,11,879
da02,1706843936484018,7.0768142,0.84185421,1.0813435,10,880
da02,1706843936583926,7.0693383,0.83979291,1.0685229,9,881
da02,1706843936683818,7.0702944,0.83182913,1.0805156,8,882
da02,1706843936783857,7.0757236,0.82260805,1.0722245,10,883
da02,1706843936883786,7.0770106,0.82162744,1.0710164,10,884
da02,1706843936983794,7.0750761,0.8346346,1.0740517,9,885
da02,1706843937083806,7.0745773,0.832576,1.0633737,10,886
da02,1706843937183854,7.074616,0.82946259,1.0636079,10,887
da02,1706843937283806,7.0677118,0.83036047,1.0703864,8,888
da02,1706843937383852,7.0468712,0.83284605,1.0625352,8,889
da02,1706843937483842,7.0548673,0.836368,1.0686693,9,890
da02,1706843937583844,7.0544643,0.83294427,1.0742096,8,891
da02,1706843937683786,7.0462847,0.82352787,1.0783418,7,892
da02,1706843937783845,7.0419722,0.8203252,1.0694615,8,893
da02,1706843937883794,7.037128,0.82386011,1.0676267,8,894
da02,1706843937983884,7.0628953,0.83171141,1.0708388,12,895
da02,1706843938083839,7.0578909,0.82532841,1.0701613,8,896
da02,1706843938183834,7.0642343,0.82958639,1.0851601,9,897
da02,1706843938283799,7.0727406,0.81949538,1.0686452,11,898
da02,1706843938383893,7.0643697,0.82471234,1.0765458,8,899
da02,1706843938483838,7.0729876,0.82998824,1.0753355,11,900
da02,1706843938583968,7.0705924,0.83677894,1.0788206,9,901
da02,1706843938683930,7.0785642,0.82706237,1.0831236,10,902
da02,1706843938783874,7.0739236,0.81666011,1.075444,9,903
da02,1706843938883941,7.0681496,0.83203757,1.0712903,9,904
da02,1706843938983918,7.0785856,0.83066851,1.0704589,11,905
da02,1706843939083843,7.0874572,0.83184958,1.0816611,10,906
da02,1706843939183936,7.0762,0.83219075,1.0766231,9,907
da02,1706843939283883,7.0726881,0.83434272,1.0772512,9,908
da02,1706843939383828,7.0975204,0.826646,1.0710082,13,909
da02,1706843939483958,7.1079679,0.8241148,1.0690532,12,910
da02,1706843939583932,7.107152,0.83364266,1.0719879,11,911
da02,1706843939685425,7.1016092,0.83782184,1.0655301,11,912
da02,1706843939783950,7.0906143,0.83514476,1.0795416,8,913
da02,1706843939883881,7.093461,0.8371228,1.0721194,11,914
da02,1706843939983827,7.092937,0.83671319,1.0653157,11,915
da02,1706843940083855,7.0799613,0.83391863,1.0701897,8,916
da02,1706843940183852,7.06812,0.84273636,1.063967,9,917
da02,1706843940283850,7.0689573,0.84004956,1.0664595,9,918
da02,1706843940383863,7.071053,0.84217578,1.0667684,10,919
da02,1706843940483923,7.0716705,0.83140254,1.0671281,9,920
da02,1706843940583863,7.0642414,0.83860254,1.0641302,9,921
da02,1706843940683882,7.0637655,0.83577335,1.0705853,9,922
da02,1706843940783946,7.0743494,0.84423751,1.0749454,11,923
da02,1706843940883896,7.071383,0.83776015,1.0779756,9,924
da02,1706843940984341,7.08361,0.83907205,1.0812397,11,925
da02,1706843941083978,7.0711427,0.83081532,1.0785577,8,926
da02,1706843941183896,7.0799923,0.83501107,1.0714822,11,927
da02,1706843941283930,7.0774693,0.82898086,1.0882454,8,928
da02,1706843941383937,7.2134752,0.83793813,1.0762024,67,929
da02,1706843941483886,7.1814556,0.83426291,1.0740801,10,930
da02,1706843941583997,7.1506476,0.82579249,1.0724162,9,931
da02,1706843941683906,7.1332946,0.8184005,1.0694116,10,932
da02,1706843941783861,7.1032596,0.82793546,1.0738623,8,933
da02,1706843941883906,7.1090784,0.83136827,1.0751641,11,934
da02,1706843941983932,7.1033034,0.82034826,1.070514,10,935
da02,1706843942083806,7.0862594,0.81862158,1.0760658,8,936
da02,1706843942183939,7.0769014,0.81737679,1.0793338,8,937
da02,1706843942283880,7.0764079,0.81240773,1.0851711,9,938
da02,1706843942383871,7.0745435,0.80910933,1.0736688,10,939
da02,1706843942483902,7.08151,0.81084466,1.0693392,11,940
da02,1706843942583898,7.0715117,0.80664635,1.0745231,8,941
da02,1706843942683918,7.0611205,0.81737053,1.0708709,8,942
da02,1706843942783917,7.0466828,0.81407124,1.0701823,7,943
da02,1706843942883859,7.053679,0.81673521,1.065291,10,944
da02,1706843942983952,7.0680413,0.8244341,1.0650479,11,945
da02,1706843943083870,7.0681958,0.82262582,1.0599649,10,946
da02,1706843943183956,7.0683441,0.81896985,1.0630056,9,947
da02,1706843943283976,7.0666208,0.81139487,1.0542126,10,948
da02,1706843943383929,7.0568047,0.81372786,1.0700331,8,949
da02,1706843943483922,7.0505071,0.82111919,1.0757945,8,950
da02,1706843943583949,7.059763,0.81001353,1.0788989,9,951
da02,1706843943683868,7.0638094,0.81661904,1.0815352,9,952
da02,1706843943783894,7.0475159,0.81679934,1.0910093,8,953
da02,1706843943883926,7.0552874,0.82882184,1.0877222,10,954
da02,1706843943983988,7.0598521,0.82024753,1.0862759,9,955
da02,1706843944083865,7.064187,0.82725239,1.0930376,9,956
da02,1706843944183951,7.0541244,0.83203179,1.0874503,8,957
da02,1706843944284475,7.2031231,0.69413036,1.5001422,71,958
da02,1706843944383947,7.1652794,0.72550315,1.4002068,8,959
da02,1706843944483957,7.1413097,0.76039565,1.3125882,10,960
da02,1706843944583917,7.1219063,0.78012067,1.2552732,9,961
da02,1706843944683848,7.0971365,0.78925872,1.2017665,8,962
da02,1706843944783944,7.086926,0.79800332,1.1726917,9,963
da02,1706843944883870,7.0773292,0.80639184,1.1532475,8,964
da02,1706843944983878,7.083787,0.8207261,1.1340834,11,965
da02,1706843945083852,7.0760894,0.82470125,1.109192,10,966
da02,1706843945183920,7.06983,0.83259571,1.0871512,10,967
da02,1706843945283882,7.0889997,0.83567721,1.0855464,12,968
da02,1706843945383944,7.0811567,0.835889,1.0762842,9,969
da02,1706843945483942,7.0912147,0.84397918,1.0832813,11,970
da02,1706843945583928,7.0847993,0.83798087,1.0791028,9,971
da02,1706843945683932,7.0777321,0.83120424,1.0758342,9,972
da02,1706843945784026,7.0613685,0.8267585,1.0701892,8,973
da02,1706843945883876,7.0668979,0.83184749,1.0703365,10,974
da02,1706843945983893,7.0706768,0.83496,1.0652467,10,975
da02,1706843946083894,7.0807347,0.8357985,1.0794449,10,976
da02,1706843946183910,7.0651169,0.83100039,1.0701981,8,977
da02,1706843946283949,7.06141,0.82740831,1.0763395,8,978
da02,1706843946384014,7.0573153,0.83592272,1.0773082,9,979
da02,1706843946483940,7.065135,0.83090264,1.072876,10,980
da02,1706843946583974,7.064743,0.83526438,1.0724276,9,981
da02,1706843946683969,7.0755553,0.83922154,1.0569946,12,982
da02,1706843946783968,7.0764093,0.84009379,1.0565633,10,983
da02,1706843946883846,7.0640521,0.84199333,1.0663693,8,984
da02,1706843946984028,7.0481153,0.83326769,1.0685171,7,985
da02,1706843947083942,7.0486312,0.83136809,1.0719987,8,986
da02,1706843947183887,7.0535579,0.83235133,1.0628242,10,987
da02,1706843947283956,7.0615721,0.8267082,1.0629845,10,988
da02,1706843947383974,7.0648904,0.82279605,1.0663897,9,989
da02,1706843947483923,7.0692434,0.82369274,1.0608469,10,990
da02,1706843947584011,7.0629115,0.82678372,1.0662206,8,991
da02,1706843947683953,7.0675178,0.81687671,1.0678506,9,992
da02,1706843947783910,7.0589051,0.82428342,1.0679553,8,993
da02,1706843947883968,7.0547533,0.82872117,1.0708722,8,994
da02,1706843947983975,7.0770435,0.82455128,1.0721145,12,995
da02,1706843948083890,7.0929685,0.82215506,1.0747037,12,996
da02,1706843948183995,7.0837817,0.82379496,1.0777565,9,997
da02,1706843948283944,7.07348,0.82385504,1.080568,8,998
da02,1706843948383907,7.0773129,0.81848282,1.0742723,10,999
da02,1706843948483943,7.076148,0.8270691,1.0770772,9,1000
da02,1706843948583948,7.0828285,0.81642526,1.0732418,10,1001
da02,1706843948683904,7.083056,0.81959987,1.0749546,10,1002
da02,1706843948783920,7.0756073,0.82045162,1.0675541,9,1003
da02,1706843948884010,7.0616078,0.82139611,1.0592438,8,1004
da02,1706843948983877,7.0467324,0.81296653,1.059036,7,1005
da02,1706843949083904,7.0548263,0.81813282,1.0611525,10,1006
da02,1706843949184007,7.0496006,0.81170648,1.0700344,7,1007
da02,1706843949283904,7.0418725,0.80727178,1.0651889,8,1008
da02,1706843949384003,7.0335274,0.81965315,1.0633765,8,1009
da02,1706843949483959,7.0460072,0.82422286,1.0758853,9,1010
da02,1706843949583896,7.0471044,0.82122207,1.0764519,8,1011
da02,1706843949683956,7.0504794,0.82649267,1.0760752,9,1012
da02,1706843949783985,7.0504503,0.82290673,1.0803897,8,1013
da02,1706843949883840,7.0501232,0.816117,1.0773828,8,1014
da02,1706843949984025,7.04439,0.82068694,1.0770656,8,1015
da02,1706843950083950,7.049736,0.817172,1.069608,10,1016
da02,1706843950183903,7.0486307,0.8237524,1.0745748,8,1017
da02,1706843950283982,7.0473614,0.83241028,1.078374,8,1018
da02,1706843950383995,7.0473266,0.82926571,1.0727901,9,1019
da02,1706843950483849,7.0538816,0.82058042,1.0750768,9,1020
da02,1706843950583983,7.0566907,0.82714546,1.0751257,9,1021
da02,1706843950683926,7.0725584,0.83447903,1.0764284,11,1022
da02,1706843950783919,7.0835948,0.82203507,1.0719675,11,1023
da02,1706843950883926,7.0964022,0.81953973,1.0659112,12,1024
da02,1706843950984189,7.0861993,0.83190531,1.0707043,9,1025
da02,1706843951083941,7.0742264,0.82545704,1.0703572,8,1026
da02,1706843951183976,7.0742583,0.8285557,1.0778799,9,1027
da02,1706843951284227,7.0679612,0.82147825,1.0758469,8,1028
da02,1706843951383952,7.0665917,0.82069069,1.0786518,9,1029
da02,1706843951483991,7.0644827,0.816762,1.0724137,9,1030
da02,1706843951584018,7.0635867,0.8175106,1.0788249,8,1031
da02,1706843951683946,7.0653772,0.83236241,1.0737286,10,1032
da02,1706843951784005,7.0691495,0.83451486,1.0777441,9,1033
da02,1706843951884024,7.0647054,0.83754545,1.0779934,9,1034
da02,1706843951984057,7.0535641,0.82733333,1.0877461,7,1035
da02,1706843952083964,7.0590076,0.83966655,1.0877473,10,1036
da02,1706843952183975,7.0578742,0.84068632,1.0837888,9,1037
da02,1706843952284020,7.07097,0.83154744,1.0780674,11,1038
da02,1706843952383976,7.0645757,0.83344531,1.0767471,9,1039
da02,1706843952483952,7.0602036,0.83225346,1.0760763,8,1040
da02,1706843952583970,7.0552793,0.83846247,1.073225,9,1041
da02,1706843952683939,7.0635533,0.8361699,1.0708822,10,1042
da02,1706843952783996,7.0711946,0.84082931,1.0683094,11,1043
da02,1706843952883915,7.062109,0.83848411,1.0720503,8,1044
da02,1706843952983976,7.0655365,0.84034473,1.0619833,11,1045
da02,1706843953083877,7.0568118,0.83252513,1.0620227,8,1046
da02,1706843953183965,7.0493803,0.83414614,1.0621078,8,1047
da02,1706843953283942,7.0440226,0.84400505,1.0585809,9,1048
da02,1706843953383950,7.0436454,0.8401565,1.062747,8,1049
da02,1706843953483929,7.0509925,0.83779943,1.0590243,10,1050
da02,1706843953583969,7.0640707,0.84205288,1.0626668,11,1051
da02,1706843953683903,7.0784578,0.84873289,1.0579097,12,1052
da02,1706843953784005,7.0711961,0.83096695,1.0629369,8,1053
da02,1706843953883947,7.0666814,0.83118373,1.0630412,9,1054
da02,1706843953983959,7.0721779,0.82622617,1.0618241,10,1055
da02,1706843954084000,7.0678935,0.8216719,1.0576991,9,1056
da02,1706843954184008,7.0786886,0.82810843,1.0631379,11,1057
da02,1706843954283930,7.0732965,0.83803213,1.0620588,9,1058
da02,1706843954383966,7.0827932,0.83588994,1.0687287,10,1059
da02,1706843954484000,7.0827041,0.83007354,1.072873,9,1060
da02,1706843954583963,7.0647678,0.823963,1.0776163,7,1061
da02,1706843954683953,7.0580659,0.8240543,1.0693794,9,1062
da02,1706843954783970,7.0586829,0.82973385,1.0711393,9,1063
da02,1706843954883930,7.0562067,0.82685262,1.0722,8,1064
da02,1706843954983974,7.0626583,0.83121389,1.0666443,10,1065
da02,1706843955085550,7.0526147,0.83422947,1.0700505,8,1066
da02,1706843955183980,7.0496655,0.83541173,1.0748352,8,1067
da02,1706843955284439,7.0480475,0.84671795,1.0804831,8,1068
da02,1706843955384006,7.0538588,0.84538352,1.068223,10,1069
da02,1706843955483940,7.18201,0.84293216,1.0565882,67,1070
da02,1706843955583985,7.1618056,0.829809,1.0609287,10,1071
da02,1706843955683985,7.1469989,0.82297975,1.0625032,10,1072
da02,1706843955784034,7.1253405,0.83113068,1.0705336,9,1073
da02,1706843955883953,7.1157317,0.829961,1.0636822,11,1074
da02,1706843955984648,7.1073451,0.82672864,1.0770357,9,1075
da02,1706843956084015,7.1014743,0.82626265,1.0698793,10,1076
da02,1706843956183898,7.0904403,0.833301,1.0659953,9,1077
da02,1706843956284030,7.0905342,0.84159368,1.0708845,10,1078
da02,1706843956384076,7.0858521,0.832434,1.0770828,9,1079
da02,1706843956483946,7.0789595,0.82334918,1.0667778,9,1080
da02,1706843956584054,7.072103,0.82577312,1.0762764,8,1081
da02,1706843956684014,7.0639119,0.82835722,1.0742888,8,1082
da02,1706843956783966,7.0558505,0.830952,1.0824329,8,1083
da02,1706843956884079,7.0476542,0.82506925,1.0790112,8,1084
da02,1706843956984080,7.0683045,0.8183924,1.0779221,11,1085
da02,1706843957083956,7.0531979,0.81593376,1.0831198,8,1086
da02,1706843957184250,7.0599279,0.82327032,1.0965933,8,1087
da02,1706843957284341,7.0753708,0.83119851,1.0935811,11,1088
da02,1706843957384242,7.0836072,0.83164215,1.0751852,12,1089
da02,1706843957484012,7.0853682,0.81944424,1.0699192,10,1090
da02,1706843957584069,7.078917,0.817696,1.0676111,9,1091
da02,1706843957683960,7.0893335,0.82183635,1.0651765,11,1092
da02,1706843957784084,7.077683,0.82016748,1.0666196,8,1093
da02,1706843957884046,7.076148,0.82200348,1.0680877,9,1094
da02,1706843957983963,7.0663123,0.81731278,1.0632159,8,1095
da02,1706843958084055,7.065012,0.81574804,1.0598525,9,1096
da02,1706843958184060,7.0711665,0.81982535,1.0736452,9,1097
da02,1706843958283980,7.0678148,0.82167351,1.0780114,8,1098
da02,1706843958384077,7.0691381,0.82278377,1.0738946,10,1099
da02,1706843958484078,7.0819631,0.82788855,1.0706147,11,1100
da02,1706843958583955,7.0840135,0.82335865,1.0723304,10,1101
da02,1706843958684028,7.0685849,0.83049881,1.0865393,8,1102
da02,1706843958784073,7.0593915,0.83032322,1.0908834,7,1103
da02,1706843958884000,7.0562792,0.83214992,1.0874056,8,1104
da02,1706843958984266,7.0531468,0.83533627,1.0906876,8,1105
da02,1706843959083999,7.059123,0.84310174,1.0864331,10,1106
da02,1706843959183937,7.0584307,0.83735383,1.0744774,10,1107
da02,1706843959284037,7.0605168,0.83709019,1.0787877,9,1108
da02,1706843959384035,7.075171,0.83567363,1.0683838,12,1109
da02,1706843959483994,7.0728393,0.82726091,1.0665237,9,1110
da02,1706843959584022,7.066401,0.8276152,1.0684088,8,1111
da02,1706843959683988,7.0592446,0.82890952,1.0822184,8,1112
da02,1706843959784079,7.0667696,0.83756244,1.0816239,10,1113
da02,1706843959884076,7.0596881,0.82743227,1.0816393,8,1114
da02,1706843959984008,7.0619683,0.822598,1.0754821,9,1115
da02,1706843960084063,7.0612626,0.82335806,1.088057,8,1116
da02,1706843960183996,7.0499244,0.81223166,1.0790395,7,1117
da02,1706843960284020,7.0438266,0.8182292,1.0696702,8,1118
da02,1706843960384067,7.043786,0.8261081,1.0663402,9,1119
da02,1706843960484066,7.0444994,0.83342636,1.0742923,8,1120
da02,1706843960584014,7.0500216,0.83759081,1.0683678,10,1121
da02,1706843960684052,7.066443,0.84124476,1.0636851,12,1122
da02,1706843960783985,7.0619354,0.84007323,1.056681,9,1123
da02,1706843960883999,7.0627851,0.83841157,1.0602306,9,1124
da02,1706843960984090,7.0640688,0.84422761,1.0675824,9,1125
da02,1706843961084060,7.0647125,0.84334409,1.0777923,9,1126
da02,1706843961184012,7.0637584,0.83860826,1.0756289,9,1127
da02,1706843961284105,7.0749512,0.82920444,1.0818657,10,1128
da02,1706843961384026,7.06121,0.82446641,1.0840926,7,1129
da02,1706843961483984,7.0584159,0.82700509,1.084407,8,1130
da02,1706843961584070,7.0590129,0.82405895,1.0950725,8,1131
da02,1706843961683992,7.0626836,0.813293,1.094538,9,1132
da02,1706843961784032,7.0637541,0.8168593,1.0855232,10,1133
da02,1706843961884136,7.050508,0.81634653,1.0802063,7,1134
da02,1706843961984089,7.0603619,0.81920648,1.0771675,10,1135
da02,1706843962084010,7.0601597,0.81754786,1.0692694,9,1136
da02,1706843962184108,7.05599,0.82887107,1.0747732,8,1137
da02,1706843962284530,7.0544825,0.8314265,1.0777841,8,1138
da02,1706843962384055,7.0572867,0.82632244,1.0742724,9,1139
da02,1706843962484086,7.041894,0.8225978,1.0789267,8,1140
da02,1706843962584040,7.037951,0.81801933,1.0860807,7,1141
da02,1706843962684000,7.0416751,0.82591361,1.0856639,9,1142
da02,1706843962784099,7.0498629,0.82778108,1.088992,9,1143
da02,1706843962884060,7.0523834,0.81490821,1.094287,8,1144
da02,1706843962984026,7.060936,0.821068,1.0939348,10,1145
da02,1706843963084071,7.0657797,0.82945108,1.0864192,10,1146
da02,1706843963184046,7.0746489,0.81971264,1.0795363,10,1147
da02,1706843963284001,7.0711675,0.82319367,1.0700864,10,1148
da02,1706843963384026,7.064404,0.82302988,1.0758635,8,1149
da02,1706843963484127,7.0471568,0.82246447,1.0694139,7,1150
da02,1706843963584083,7.0432882,0.82658273,1.0711516,8,1151
da02,1706843963684024,7.05562,0.83286643,1.0708799,10,1152
da02,1706843963784106,7.069315,0.8246094,1.0605259,11,1153
da02,1706843963884089,7.0680232,0.82158691,1.0602807,9,1154
da02,1706843963984039,7.0712938,0.8175509,1.0534675,10,1155
da02,1706843964084099,7.0537043,0.82587707,1.0520741,8,1156
da02,1706843964184134,7.0678082,0.818165,1.0649036,10,1157
da02,1706843964284046,7.0636811,0.82639939,1.0687342,9,1158
da02,1706843964384148,7.0527759,0.82124031,1.0738896,7,1159
da02,1706843964484074,7.0449286,0.82038224,1.0760654,7,1160
da02,1706843964584046,7.0492887,0.8221305,1.0757412,9,1161
da02,1706843964684180,7.0490351,0.82781947,1.0854591,8,1162
da02,1706843964784084,7.0434575,0.83620244,1.0815352,8,1163
da02,1706843964884016,7.0424252,0.83612555,1.0858438,8,1164
da02,1706843964984166,7.0436606,0.82980675,1.0776877,9,1165
da02,1706843965084104,7.0406804,0.83092213,1.0846124,8,1166
da02,1706843965183983,7.0430646,0.82846957,1.08751,8,1167
da02,1706843965284089,7.052444,0.83050221,1.0839199,10,1168
da02,1706843965384119,7.0596051,0.82418108,1.078732,10,1169
da02,1706843965484011,7.0653119,0.82015926,1.0838093,9,1170
da02,1706843965584073,7.0703406,0.81528193,1.0931629,9,1171
da02,1706843965684037,7.0877976,0.81966203,1.0995004,11,1172
da02,1706843965784003,7.0803242,0.81931162,1.0966814,8,1173
da02,1706843965884008,7.0826035,0.82932419,1.0845156,11,1174
da02,1706843965984121,7.08216,0.82664335,1.0840188,9,1175
da02,1706843966084036,7.0898428,0.82813537,1.0790516,11,1176
da02,1706843966184146,7.0768661,0.828213,1.0822012,8,1177
da02,1706843966284635,7.0780215,0.84009039,1.072958,11,1178
da02,1706843966384028,7.0768237,0.83432919,1.0731746,9,1179
da02,1706843966484211,7.0850191,0.83686006,1.0733247,11,1180
da02,1706843966584165,7.0816712,0.83343089,1.0689747,10,1181
da02,1706843966684071,7.0661225,0.83549839,1.0731512,8,1182
da02,1706843966784179,7.0682907,0.83059663,1.0630416,10,1183
da02,1706843966884084,7.0729246,0.83064765,1.0621955,10,1184
da02,1706843966984031,7.0783682,0.8277362,1.0589017,11,1185
da02,1706843967084109,7.0729041,0.823499,1.0644709,9,1186
da02,1706843967184123,7.0544205,0.81640124,1.0650022,7,1187
da02,1706843967284003,7.0580125,0.81430143,1.0667835,9,1188
da02,1706843967384159,7.0575571,0.81339818,1.0856051,7,1189
da02,1706843967484085,7.04774,0.81525433,1.0827605,7,1190
da02,1706843967584006,7.0468926,0.81373227,1.0805013,8,1191
da02,1706843967684101,7.0331874,0.82177639,1.0802374,8,1192
da02,1706843967784129,7.061552,0.82877046,1.0694193,13,1193
da02,1706843967884094,7.0674653,0.82960314,1.0735009,10,1194
da02,1706843967984191,7.0677671,0.82530725,1.0772982,9,1195
da02,1706843968084127,7.0600452,0.81860036,1.0811414,7,1196
da02,1706843968184054,7.0647554,0.825786,1.071257,10,1197
da02,1706843968284042,7.0657892,0.81907737,1.0745583,9,1198
da02,1706843968384271,7.0732145,0.82982993,1.0766554,10,1199
da02,1706843968484065,7.0712628,0.82960969,1.0748497,9,1200
da02,1706843968584066,7.0608888,0.83790153,1.0760436,8,1201
da02,1706843968684247,7.06496,0.8428787,1.0671213,10,1202
da02,1706843968783999,7.0635386,0.83975649,1.0669377,9,1203
da02,1706843968884204,7.05944,0.83584297,1.0721569,8,1204
da02,1706843968984171,7.0689273,0.837629,1.066847,11,1205
da02,1706843969084051,7.0697083,0.82724363,1.065792,9,1206
da02,1706843969184052,7.064115,0.8219505,1.0774709,7,1207
da02,1706843969284164,7.0628285,0.82850319,1.0799628,9,1208
da02,1706843969384010,7.0634007,0.8330875,1.0787902,9,1209
da02,1706843969484104,7.0518689,0.82143348,1.0700303,8,1210
da02,1706843969584145,7.0501223,0.83363551,1.0771538,8,1211
da02,1706843969684003,7.0465026,0.84394026,1.0758401,8,1212
da02,1706843969784018,7.0378561,0.84297091,1.0799674,8,1213
da02,1706843969884115,7.0259461,0.84747809,1.076094,8,1214
da02,1706843969983994,7.036613,0.83533669,1.0895739,8,1215
da02,1706843970084014,7.0356975,0.83928615,1.0808158,9,1216
da02,1706843970184120,7.05848,0.83655083,1.0755168,12,1217
da02,1706843970284049,7.0613875,0.8324033,1.0767826,9,1218
da02,1706843970384076,7.0563307,0.82850087,1.0704902,9,1219
da02,1706843970485662,7.0650506,0.83244896,1.0685983,10,1220
da02,1706843970584071,7.0754962,0.83176047,1.0625678,11,1221
da02,1706843970684040,7.0759926,0.83255589,1.0703368,9,1222
da02,1706843970784105,7.074388,0.83738327,1.0602939,10,1223
da02,1706843970884078,7.0632596,0.84154028,1.0605689,8,1224
da02,1706843970984313,7.0629649,0.8424719,1.0655791,9,1225
da02,1706843971084142,7.0589461,0.84121543,1.0760432,8,1226
da02,1706843971184093,7.052618,0.83350927,1.0826129,7,1227
da02,1706843971284072,7.0610561,0.83723283,1.0897268,9,1228
da02,1706843971384045,7.0671411,0.83373392,1.0842234,10,1229
da02,1706843971484104,7.0604882,0.83953536,1.0831419,8,1230
da02,1706843971584300,7.0571704,0.83455706,1.08395,8,1231
da02,1706843971683986,7.0552974,0.8401863,1.0823458,9,1232
da02,1706843971783976,7.0575686,0.8287369,1.0828133,9,1233
da02,1706843971883971,7.0522685,0.82909894,1.0763774,8,1234
da02,1706843971983956,7.0562582,0.83281159,1.0744009,9,1235
da02,1706843972083982,7.0496716,0.83807248,1.0749559,8,1236
da02,1706843972184002,7.0487819,0.82709879,1.0746493,8,1237
da02,1706843972283991,7.0555835,0.829457,1.0745534,10,1238
da02,1706843972383972,7.0568748,0.830464,1.0701315,9,1239
da02,1706843972484044,7.0603871,0.83636838,1.0843616,8,1240
da02,1706843972584033,7.0566335,0.83475268,1.0959803,8,1241
da02,1706843972683979,7.0604057,0.82955974,1.0928231,9,1242
da02,1706843972784004,7.0533519,0.82405841,1.0861987,8,1243
da02,1706843972884018,7.0610418,0.81858343,1.0863211,9,1244
da02,1706843972984012,7.0453148,0.82613748,1.089523,8,1245
da02,1706843973084048,7.0396967,0.82478112,1.0930072,8,1246
da02,1706843973184039,7.045033,0.82244366,1.0863277,9,1247
da02,1706843973284012,7.0374651,0.82843173,1.0792248,8,1248
da02,1706843973384114,7.0572023,0.82199907,1.0754356,11,1249
da02,1706843973484074,7.0614414,0.83051103,1.0717758,10,1250
da02,1706843973584012,7.0673456,0.83314347,1.0760009,10,1251
da02,1706843973684038,7.054286,0.83194095,1.0738268,7,1252
da02,1706843973784016,7.0651288,0.83019334,1.0704339,11,1253
da02,1706843973884790,7.0678296,0.83292669,1.0679679,10,1254
da02,1706843973984116,7.0697885,0.83713281,1.0782557,9,1255
da02,1706843974084040,7.0757184,0.82735991,1.0681614,11,1256
da02,1706843974184057,7.0650082,0.83442062,1.0651262,9,1257
da02,1706843974284057,7.0656857,0.84464753,1.0647821,10,1258
da02,1706843974384073,7.0648932,0.83808869,1.0665621,9,1259
da02,1706843974484104,7.0576353,0.84393781,1.0667607,8,1260
da02,1706843974584085,7.0536537,0.85234505,1.0768204,8,1261
da02,1706843974684074,7.0426879,0.85856712,1.0826868,8,1262
da02,1706843974784041,7.0574555,0.85800505,1.0793639,11,1263
da02,1706843974884096,7.0677476,0.8583045,1.0785632,11,1264
da02,1706843974984086,7.0681658,0.8599534,1.0751497,10,1265
da02,1706843975084038,7.0633745,0.84386933,1.0848317,7,1266
da02,1706843975184110,7.0555782,0.83479059,1.0802051,8,1267
da02,1706843975284072,7.0593891,0.84420907,1.0743845,10,1268
da02,1706843975384045,7.0663533,0.83296311,1.0757828,10,1269
da02,1706843975484126,7.06844,0.82972962,1.0766995,9,1270
da02,1706843975584143,7.0677662,0.82390571,1.0768903,9,1271
da02,1706843975684057,7.0819197,0.83992571,1.0725727,12,1272
da02,1706843975784189,7.08454,0.84621829,1.0730674,10,1273
da02,1706843975884172,7.0826612,0.85123008,1.077022,10,1274
da02,1706843975984082,7.0832968,0.84644783,1.0792029,10,1275
da02,1706843976084719,7.0852938,0.84479129,1.0747677,10,1276
da02,1706843976184225,7.074923,0.84379315,1.0694313,9,1277
da02,1706843976284075,7.0726347,0.83447433,1.0676575,9,1278
da02,1706843976384196,7.0847125,0.82881618,1.0634363,11,1279
da02,1706843976484192,7.0734935,0.82274526,1.0697473,8,1280
da02,1706843976584060,7.0695686,0.82391447,1.0675005,9,1281
da02,1706843976684082,7.0608683,0.82694644,1.0680052,8,1282
da02,1706843976784087,7.063849,0.83129168,1.0602716,10,1283
da02,1706843976884058,7.0712042,0.82632446,1.0594755,10,1284
da02,1706843976984138,7.0671453,0.8228693,1.0562865,9,1285
da02,1706843977084190,7.084641,0.8238523,1.0727869,11,1286
da02,1706843977184089,7.0828276,0.82888132,1.0749389,10,1287
da02,1706843977284646,7.0744734,0.83829445,1.0649412,10,1288
da02,1706843977384183,7.0669608,0.82988924,1.0667856,8,1289
da02,1706843977484012,7.0649409,0.81236458,1.0639112,9,1290
da02,1706843977584142,7.0843062,0.81379646,1.0624294,12,1291
da02,1706843977684176,7.0751286,0.80966073,1.0628645,8,1292
da02,1706843977784045,7.0737367,0.82120472,1.0664251,9,1293
da02,1706843977884080,7.057529,0.82550514,1.0780921,8,1294
da02,1706843977984179,7.0641904,0.81968266,1.0764616,10,1295
da02,1706843978084048,7.046917,0.82336468,1.0671375,7,1296
da02,1706843978184092,7.0420961,0.81937242,1.0710313,7,1297
da02,1706843978284186,7.041481,0.819048,1.0727106,8,1298
da02,1706843978384043,7.0417724,0.8192271,1.0688357,9,1299
da02,1706843978484154,7.0557504,0.81837618,1.0735359,10,1300
da02,1706843978584225,7.0479846,0.81413633,1.0730349,8,1301
da02,1706843978684094,7.0536342,0.8089003,1.0652729,10,1302
da02,1706843978784147,7.0478482,0.81118727,1.065196,8,1303
da02,1706843978884158,7.0556474,0.81794953,1.062351,10,1304
da02,1706843978984175,7.0638437,0.81512976,1.0760909,9,1305
da02,1706843979084105,7.0612164,0.81597674,1.068053,9,1306
da02,1706843979184152,7.0628018,0.83296072,1.0753686,9,1307
da02,1706843979284088,7.0703182,0.83201706,1.0797892,10,1308
da02,1706843979384412,7.0844269,0.83107609,1.0785184,11,1309
da02,1706843979484156,7.0861721,0.82985771,1.0807375,10,1310
da02,1706843979584132,7.1001124,0.83593059,1.0704031,13,1311
da02,1706843979684092,7.0898991,0.83451849,1.0731924,9,1312
da02,1706843979784140,7.083704,0.83759904,1.0737123,9,1313
da02,1706843979884202,7.0851383,0.84303969,1.0672889,11,1314
da02,1706843979984194,7.0834703,0.8507666,1.0668896,10,1315
da02,1706843980084126,7.0953927,0.84850925,1.0696795,12,1316
da02,1706843980184130,7.088778,0.83613551,1.0695934,9,1317
da02,1706843980284164,7.0882535,0.83703977,1.0678332,10,1318
da02,1706843980384142,7.0955133,0.83930361,1.0677443,11,1319
da02,1706843980484100,7.0968018,0.83381069,1.07518,10,1320
da02,1706843980584138,7.0931578,0.833041,1.071574,10,1321
da02,1706843980684107,7.0795341,0.8206653,1.0730681,8,1322
da02,1706843980784225,7.0669756,0.8147707,1.0682479,8,1323
da02,1706843980884123,7.0552468,0.81251884,1.073525,7,1324
da02,1706843980984095,7.0495987,0.82766825,1.0782834,8,1325
da02,1706843981084698,7.0501595,0.82463855,1.0683006,9,1326
da02,1706843981184149,7.0703349,0.82999617,1.0786836,11,1327
da02,1706843981284090,7.0760407,0.825315,1.0808386,10,1328
da02,1706843981384196,7.0735278,0.81724215,1.0751752,9,1329
da02,1706843981484173,7.0748596,0.82466507,1.0781493,9,1330
da02,1706843981584121,7.0739946,0.82768118,1.0698886,10,1331
da02,1706843981684208,7.0650182,0.825656,1.0708066,8,1332
da02,1706843981784157,7.0715976,0.82691115,1.0753163,10,1333
da02,1706843981884107,7.063273,0.82169068,1.0776089,8,1334
da02,1706843981984204,7.07143,0.82627583,1.0695251,11,1335
da02,1706843982084135,7.0710464,0.82805496,1.0733728,9,1336
da02,1706843982184111,7.0689316,0.82452261,1.0726501,9,1337
da02,1706843982284178,7.0538855,0.83027852,1.0758557,8,1338
da02,1706843982384170,7.0725937,0.82495868,1.0676773,12,1339
da02,1706843982484136,7.06785,0.81877947,1.0716895,8,1340
da02,1706843982584229,7.0565476,0.82263964,1.076911,8,1341
da02,1706843982684165,7.0453167,0.830416,1.074253,8,1342
da02,1706843982784155,7.0565286,0.82525426,1.0750591,10,1343
da02,1706843982884212,7.0518961,0.82498664,1.0712485,8,1344
da02,1706843982984212,7.0541291,0.8236683,1.0817555,8,1345
da02,1706843983084155,7.0647044,0.8164593,1.0841939,10,1346
da02,1706843983184250,7.0759463,0.82352316,1.0740341,11,1347
da02,1706843983284138,7.074719,0.83233988,1.0762249,9,1348
da02,1706843983384100,7.0621691,0.82681936,1.083362,7,1349
da02,1706843983484152,7.0675282,0.82849461,1.0867026,9,1350
da02,1706843983584148,7.0609775,0.82326996,1.0848022,8,1351
da02,1706843983684095,7.0663271,0.82292658,1.0743018,10,1352
da02,1706843983784162,7.0652933,0.82625282,1.078944,9,1353
da02,1706843983884154,7.0612383,0.81859851,1.0838773,8,1354
da02,1706843983984217,7.0703607,0.81906575,1.0776159,11,1355
da02,1706843984084134,7.0837965,0.81424469,1.0760769,11,1356
da02,1706843984184147,7.0719275,0.81931615,1.0754832,8,1357
da02,1706843984284545,7.0616236,0.81558686,1.079386,7,1358
da02,1706843984384123,7.0614963,0.81442577,1.0757591,9,1359
da02,1706843984484179,7.0733371,0.80997944,1.0703028,11,1360
da02,1706843984584162,7.0721869,0.81063145,1.0673302,9,1361
da02,1706843984684136,7.0697427,0.81367564,1.0726236,9,1362
da02,1706843984784194,7.0734262,0.83065039,1.0686264,11,1363
da02,1706843984884353,7.0661936,0.82303238,1.0692006,8,1364
da02,1706843984984169,7.0549917,0.82172626,1.0725487,7,1365
da02,1706843985084230,7.0595393,0.8217026,1.0694407,10,1366
da02,1706843985184218,7.0525026,0.83047837,1.0726553,8,1367
da02,1706843985284131,7.0651526,0.83876222,1.0774368,10,1368
da02,1706843985384179,7.0702939,0.82474351,1.0869828,9,1369
da02,1706843985484274,7.0682583,0.82875729,1.085021,9,1370
da02,1706843985584130,7.0742626,0.84010649,1.0793654,11,1371
da02,1706843985684194,7.0754366,0.84079713,1.0695616,10,1372
da02,1706843985784234,7.0675659,0.83855808,1.0648037,9,1373
da02,1706843985885836,7.0638618,0.84240651,1.0738921,8,1374
da02,1706843985984296,7.0567341,0.83183992,1.0699582,8,1375
da02,1706843986084224,7.057116,0.84708029,1.0743352,9,1376
da02,1706843986184156,7.0517178,0.8551839,1.0702971,9,1377
da02,1706843986284246,7.059032,0.84379578,1.0726445,9,1378
da02,1706843986384253,7.0597959,0.84419519,1.0708387,9,1379
da02,1706843986484591,7.0577221,0.84254467,1.0758811,8,1380
da02,1706843986584249,7.06789,0.84218264,1.0934824,9,1381
da02,1706843986684669,7.081378,0.84429461,1.0870911,11,1382
da02,1706843986784130,7.0798049,0.83269417,1.0721172,10,1383
da02,1706843986884725,7.0818753,0.83631647,1.0715075,10,1384
da02,1706843986984246,7.0819068,0.837107,1.0771284,9,1385
da02,1706843987084122,7.0872931,0.83702445,1.0823487,10,1386
da02,1706843987184269,7.0816951,0.84282523,1.0816979,9,1387
da02,1706843987284224,7.0779409,0.70179951,1.0499961,70,1388
da02,1706843987384140,7.0691934,0.7267707,1.0541804,8,1389
da02,1706843987484301,7.072382,0.75624233,1.0455821,11,1390
da02,1706843987584254,7.0724506,0.776991,1.0658697,8,1391
da02,1706843987684198,7.0872374,0.78760642,1.0633429,12,1392
da02,1706843987784298,7.0894456,0.797293,1.0652986,10,1393
da02,1706843987884275,7.0915051,0.80192566,1.070883,10,1394
da02,1706843987984151,7.0790815,0.81872535,1.0676963,9,1395
da02,1706843988084249,7.0736723,0.82438719,1.0557005,10,1396
da02,1706843988184254,7.0816488,0.81928897,1.0610349,10,1397
da02,1706843988284698,7.0757575,0.81683445,1.0595497,9,1398
da02,1706843988384182,7.2498493,0.66928953,1.5202569,72,1399
da02,1706843988484257,7.1967988,0.71354848,1.4145787,8,1400
da02,1706843988584140,7.1670241,0.7405411,1.3332552,9,1401
da02,1706843988684260,7.1378646,0.75851488,1.2619095,9,1402
da02,1706843988784242,7.1075644,0.77559066,1.2143029,7,1403
da02,1706843988884113,7.1042,0.79308456,1.1865144,10,1404
da02,1706843988984312,7.0964942,0.79683095,1.1576352,9,1405
da02,1706843989084244,7.1013975,0.80393064,1.1322358,11,1406
da02,1706843989184151,7.090064,0.81246018,1.1102558,10,1407
da02,1706843989284568,7.0837293,0.803494,1.0910766,10,1408
da02,1706843989384241,7.0769248,0.80531734,1.0886022,9,1409
da02,1706843989484129,7.0710688,0.80631322,1.0842963,9,1410
da02,1706843989584271,7.0574675,0.81143945,1.081093,7,1411
da02,1706843989684286,7.0557151,0.81056488,1.072439,9,1412
da02,1706843989784153,7.0612297,0.81218338,1.0762917,9,1413
da02,1706843989884268,7.0653114,0.81792271,1.0730457,10,1414
da02,1706843989984468,7.0751238,0.83122444,1.0757402,11,1415
da02,1706843990084172,7.0639691,0.82790357,1.0768433,8,1416
da02,1706843990184211,7.0598469,0.82020152,1.0850509,7,1417
da02,1706843990284186,7.0775814,0.80799735,1.0766647,12,1418
da02,1706843990384195,7.0906091,0.81568938,1.0755922,12,1419
da02,1706843990484446,7.092577,0.82879519,1.0764885,11,1420
da02,1706843990584275,7.0967369,0.83943045,1.0742618,11,1421
da02,1706843990684180,7.0952749,0.8450774,1.0767059,10,1422
da02,1706843990784196,7.0847893,0.8384375,1.0685142,9,1423
da02,1706843990884149,7.0796328,0.83079433,1.0734901,9,1424
da02,1706843990984302,7.0725861,0.833638,1.0744339,9,1425
da02,1706843991084199,7.0831509,0.82400596,1.077632,10,1426
da02,1706843991184212,7.0749097,0.82444805,1.0750401,9,1427
da02,1706843991284286,7.0779448,0.82270515,1.0663558,11,1428
da02,1706843991384184,7.0649304,0.82155728,1.0625188,8,1429
da02,1706843991484156,7.0590606,0.81586957,1.0583994,9,1430
da02,1706843991584278,7.0481892,0.8122232,1.0622962,7,1431
da02,1706843991684147,7.0402417,0.81926674,1.0618782,8,1432
da02,1706843991784188,7.0410337,0.83127356,1.0696102,8,1433
da02,1706843991884248,7.0395427,0.82795703,1.0719441,8,1434
da02,1706843991985226,7.0383663,0.82880694,1.0785851,8,1435
da02,1706843992084172,7.0369692,0.837695,1.0774986,8,1436
da02,1706843992184182,7.027555,0.84355396,1.0736074,8,1437
da02,1706843992284220,7.0278692,0.839768,1.0749167,8,1438
da02,1706843992384176,7.0345721,0.83737957,1.0768679,9,1439
da02,1706843992484254,7.0567737,0.83917671,1.0790964,11,0
da02,1706843992584271,7.0485525,0.8420577,1.0811774,8,1
da02,1706843992684179,7.0570269,0.83589512,1.0712311,10,2
da02,1706843992784288,7.0552158,0.83890426,1.079681,8,3
da02,1706843992884240,7.0617108,0.82708204,1.0820668,9,4
da02,1706843992984217,7.0642686,0.82043982,1.0813315,9,5
da02,1706843993084285,7.0786366,0.83025223,1.0749396,12,6
da02,1706843993184288,7.0776238,0.82996058,1.0729979,10,7
da02,1706843993284212,7.0688338,0.829691,1.0659781,9,8
da02,1706843993384312,7.0626321,0.8291077,1.0617579,9,9
da02,1706843993484309,7.0645747,0.82233322,1.0650498,9,10
da02,1706843993584337,7.0721984,0.837801,1.0752513,10,11
da02,1706843993684307,7.0649228,0.82652193,1.0724304,8,12
da02,1706843993784261,7.0585413,0.82675487,1.0631077,9,13
da02,1706843993884167,7.0530043,0.82757932,1.0653934,8,14
da02,1706843993984274,7.0487242,0.83498383,1.0617092,9,15
da02,1706843994084245,7.0533175,0.83091843,1.0564142,10,16
da02,1706843994184200,7.0528655,0.8326456,1.0574652,9,17
da02,1706843994284298,7.05224,0.82752138,1.0664322,8,18
da02,1706843994384275,7.0487022,0.82553613,1.0682144,8,19
da02,1706843994484196,7.0449433,0.82178658,1.0691404,8,20
da02,1706843994584294,7.0359559,0.82378632,1.0679471,7,21
da02,1706843994684267,7.036747,0.83022064,1.0691435,8,22
da02,1706843994784212,7.0309434,0.83118749,1.0756223,8,23
da02,1706843994884189,7.0411382,0.82688588,1.0775547,9,24
da02,1706843994984301,7.0522933,0.82036227,1.0733354,10,25
da02,1706843995084311,7.0455852,0.8254472,1.0657535,8,26
da02,1706843995184296,7.0419059,0.81795526,1.0675943,8,27
da02,1706843995284728,7.0444865,0.81165278,1.0698833,8,28
da02,1706843995384203,7.0508566,0.81596917,1.073278,9,29
da02,1706843995484330,7.0459557,0.82837456,1.0801109,8,30
da02,1706843995584361,7.0461993,0.83072072,1.0755292,9,31
da02,1706843995684224,7.0487595,0.82685906,1.0772967,9,32
da02,1706843995784316,7.0508356,0.83813089,1.0806727,9,33
da02,1706843995884256,7.0483856,0.83500808,1.077909,8,34
da02,1706843995985528,7.053771,0.83466148,1.0720818,10,35
da02,1706843996084272,7.0438066,0.82784736,1.0680685,8,36
da02,1706843996184221,7.0503283,0.82923365,1.0722803,9,37
da02,1706843996284193,7.044878,0.83245564,1.0674119,8,38
da02,1706843996384220,7.0493236,0.82670087,1.0678267,9,39
da02,1706843996484194,7.0637169,0.82515365,1.0688193,11,40
da02,1706843996584226,7.0668387,0.82464021,1.0690975,10,41
da02,1706843996684232,7.06569,0.82303661,1.0850066,8,42
da02,1706843996784195,7.0630379,0.81808758,1.0860866,8,43
da02,1706843996884258,7.0736027,0.81567013,1.0917401,10,44
da02,1706843996984234,7.0586076,0.81809473,1.0842277,8,45
da02,1706843997084186,7.0663323,0.82158053,1.0957353,9,46
da02,1706843997184313,7.0661011,0.82342267,1.0891597,9,47
da02,1706843997284210,7.0610495,0.8194828,1.0863487,8,48
da02,1706843997384186,7.0553684,0.8150751,1.0741807,9,49
da02,1706843997484297,7.0744538,0.81164807,1.0757014,11,50
da02,1706843997584236,7.0696936,0.80054712,1.0877262,7,51
da02,1706843997684194,7.0785522,0.81045306,1.0765828,11,52
da02,1706843997784333,7.0756555,0.81472933,1.0720569,10,53
da02,1706843997884220,7.06842,0.82384032,1.0705894,9,54
da02,1706843997984248,7.074193,0.82451057,1.0634536,11,55
da02,1706843998084386,7.081254,0.82245982,1.0541526,11,56
da02,1706843998184278,7.0731721,0.8168714,1.0694369,7,57
da02,1706843998284215,7.0635705,0.82161063,1.0770721,8,58
da02,1706843998384323,7.0522861,0.81916976,1.0756491,7,59
da02,1706843998484173,7.0525174,0.82121581,1.0722156,9,60
da02,1706843998584213,7.041223,0.82594144,1.073746,8,61
da02,1706843998684344,7.0517707,0.83235097,1.0733738,10,62
da02,1706843998784244,7.0617528,0.82633209,1.0754509,10,63
da02,1706843998884203,7.0538106,0.83209652,1.0753714,8,64
da02,1706843998984326,7.0528173,0.83506888,1.0672128,9,65
da02,1706843999084208,7.0547113,0.83793026,1.0809466,8,66
da02,1706843999184358,7.0607295,0.84129685,1.0828501,9,67
da02,1706843999284878,7.0540047,0.82920313,1.0674001,9,68
da02,1706843999384241,7.0442619,0.83010572,1.0677378,7,69
da02,1706843999484226,7.0426826,0.82971525,1.0699123,8,70
da02,1706843999584367,7.0463715,0.83369952,1.0615003,10,71
da02,1706843999684426,7.0479922,0.83560079,1.0513376,10,72
da02,1706843999784270,7.0558562,0.8283453,1.0608062,9,73
da02,1706843999884338,7.0597143,0.83146787,1.0686167,9,74
da02,1706843999984260,7.0594659,0.8391012,1.0630436,10,75
da02,1706844000084276,7.0689654,0.83777708,1.0668474,10,76
da02,1706844000184338,7.0742412,0.83303863,1.066434,10,77
da02,1706844000284256,7.0820394,0.82802135,1.0697889,10,78
da02,1706844000384246,7.0733881,0.82255691,1.0728688,8,79
da02,1706844000484282,7.0693364,0.83264995,1.0804051,8,80
da02,1706844000584255,7.0625944,0.83387816,1.0798426,8,81
da02,1706844000684244,7.0703287,0.81923217,1.0864902,9,82
da02,1706844000784285,7.0608053,0.81521749,1.077315,8,83
da02,1706844000884246,7.0551605,0.81404269,1.0794616,8,84
da02,1706844000984368,7.0582275,0.80951953,1.0793138,9,85
da02,1706844001084364,7.0547171,0.81165421,1.0824238,8,86
da02,1706844001184226,7.0559468,0.81073034,1.0766388,9,87
da02,1706844001285823,7.0583239,0.814141,1.0782684,9,88
da02,1706844001384264,7.06519,0.80852669,1.0807289,9,89
da02,1706844001484230,7.0602717,0.813975,1.0742245,9,90
da02,1706844001584295,7.065052,0.81447124,1.0635715,10,91
da02,1706844001684242,7.0716739,0.81630433,1.0653832,10,92
da02,1706844001784260,7.06359,0.82125562,1.066119,8,93
da02,1706844001884244,7.0760083,0.81734848,1.0672679,11,94
da02,1706844001984287,7.0791364,0.8180936,1.0656997,10,95
da02,1706844002084216,7.0856733,0.82019311,1.0665303,11,96
da02,1706844002184276,7.0971179,0.8222487,1.0645498,12,97
da02,1706844002284272,7.0957603,0.81762266,1.0722635,9,98
da02,1706844002384270,7.0828485,0.81885165,1.0774963,8,99
da02,1706844002484280,7.0833478,0.82661068,1.0848379,9,100
da02,1706844002584358,7.0797625,0.81858712,1.0806166,9,101
da02,1706844002684259,7.0691147,0.80906063,1.0822477,7,102
da02,1706844002784276,7.0761833,0.81754231,1.0744151,11,103
da02,1706844002884272,7.0625019,0.816487,1.076103,7,104
da02,1706844002984234,7.0560288,0.81546,1.0661443,9,105
da02,1706844003084330,7.0661845,0.80920196,1.0645978,10,106
da02,1706844003184306,7.0720897,0.81615281,1.058627,11,107
da02,1706844003284260,7.0706792,0.8267951,1.0649543,9,108
da02,1706844003384352,7.0657153,0.81645137,1.0586234,9,109
da02,1706844003484322,7.0636935,0.82146966,1.0560919,9,110
da02,1706844003584264,7.0798082,0.82616854,1.0591102,12,111
da02,1706844003684359,7.0837469,0.83403409,1.0646932,10,112
da02,1706844003784318,7.0786839,0.83872926,1.0666612,9,113
da02,1706844003884233,7.0730553,0.83736962,1.0682905,9,114
da02,1706844003984342,7.0804539,0.826389,1.0711021,10,115
da02,1706844004084353,7.0825386,0.84459871,1.0725635,10,116
da02,1706844004184270,7.0789614,0.84443641,1.0715405,9,117
da02,1706844004284346,7.0701804,0.84349006,1.0708058,9,118
da02,1706844004384301,7.0613537,0.83932209,1.0811803,7,119
da02,1706844004484285,7.0654411,0.83607006,1.072215,10,120
da02,1706844004584340,7.0704718,0.8306461,1.0666059,10,121
da02,1706844004684284,7.0555282,0.82780892,1.0663733,7,122
da02,1706844004784254,7.0592103,0.82360452,1.0692136,9,123
da02,1706844004884264,7.0623875,0.81899852,1.064486,10,124
da02,1706844004984239,7.06133,0.81549281,1.0617894,9,125
da02,1706844005084278,7.0700817,0.81490034,1.0555305,11,126
da02,1706844005184256,7.0683308,0.82988667,1.0693115,9,127
da02,1706844005284232,7.0633335,0.83371252,1.0692071,9,128
da02,1706844005384356,7.0709739,0.8411532,1.0753933,10,129
da02,1706844005484272,7.0698786,0.84331489,1.0767813,9,130
da02,1706844005584311,7.0592222,0.83991867,1.0838712,8,131
da02,1706844005684371,7.0654697,0.8305133,1.077023,10,132
da02,1706844005784313,7.0658331,0.82746065,1.0868468,8,133
da02,1706844005884298,7.0743923,0.83736664,1.0746144,11,134
da02,1706844005984335,7.0671811,0.83452266,1.065498,9,135
da02,1706844006084334,7.0712218,0.83997995,1.0599836,11,136
da02,1706844006184322,7.0658722,0.84202147,1.0636263,9,137
da02,1706844006310859,7.0468712,0.8313449,1.0729711,8,138
da02,1706844006384271,7.0538464,0.82739514,1.074234,9,139
da02,1706844006484282,7.0480986,0.81943929,1.0701685,8,140
da02,1706844006584331,7.054749,0.81958675,1.0724887,9,141
da02,1706844006684235,7.0700526,0.82323682,1.0690928,11,142
da02,1706844006784297,7.0677085,0.8269183,1.066398,9,143
da02,1706844006884355,7.0576878,0.82206059,1.0666813,8,144
da02,1706844006984301,7.0661411,0.82314295,1.0642947,10,145
da02,1706844007084328,7.06986,0.8197847,1.064363,10,146
da02,1706844007184355,7.0603681,0.82016337,1.0583372,9,147
da02,1706844007284304,7.0591741,0.8080557,1.0636783,8,148
da02,1706844007384242,7.059947,0.81398171,1.0706102,9,149
da02,1706844007484331,7.0643134,0.82154346,1.0657277,10,150
da02,1706844007584308,7.0648746,0.82858145,1.073337,9,151
da02,1706844007684361,7.0693035,0.8235113,1.0684204,10,152
da02,1706844007784392,7.0600362,0.81842685,1.0637627,8,153
da02,1706844007884283,7.0519495,0.81452996,1.0719489,7,154
da02,1706844007984401,7.0621343,0.82271057,1.0711085,10,155
da02,1706844008084317,7.0666242,0.83402765,1.0704226,10,156
da02,1706844008184299,7.061758,0.83157021,1.0709729,8,157
da02,1706844008284320,7.078073,0.825124,1.0739007,11,158
da02,1706844008384263,7.0735259,0.84055638,1.0779477,9,159
da02,1706844008484217,7.0711269,0.8369118,1.074412,9,160
da02,1706844008584342,7.0729156,0.82408226,1.0753239,9,161
da02,1706844008684409,7.0687423,0.82524037,1.0782217,9,162
da02,1706844008784228,7.060637,0.82753527,1.0808964,8,163
da02,1706844008884321,7.06257,0.82943642,1.0732756,10,164
da02,1706844008984253,7.0668082,0.82259977,1.0769078,9,165
da02,1706844009084229,7.0747156,0.835127,1.0740589,11,166
da02,1706844009184321,7.0582461,0.83708584,1.0803622,8,167
da02,1706844009284269,7.0492148,0.84415233,1.0898727,8,168
da02,1706844009384310,7.0601592,0.84052324,1.0755521,11,169
da02,1706844009484400,7.0600467,0.83125836,1.0711366,9,170
da02,1706844009584350,7.0587053,0.83099741,1.0740329,9,171
da02,1706844009684309,7.0683703,0.83396143,1.0720341,11,172
da02,1706844009784440,7.069808,0.83941793,1.076822,9,173
da02,1706844009884315,7.0782909,0.83656204,1.0738213,11,174
da02,1706844009984354,7.0863671,0.82397479,1.0654662,11,175
da02,1706844010084423,7.081605,0.81923413,1.0657321,9,176
da02,1706844010184359,7.0850344,0.833361,1.0635812,11,177
da02,1706844010284855,7.0820708,0.83046043,1.0589381,10,178
da02,1706844010384401,7.0714707,0.82630086,1.05571,9,179
da02,1706844010484316,7.0616322,0.82273734,1.0587156,8,180
da02,1706844010584314,7.0655231,0.83146143,1.0579104,10,181
da02,1706844010684412,7.0649943,0.83788383,1.0657518,9,182
da02,1706844010784309,7.0658607,0.83374536,1.076002,8,183
da02,1706844010884283,7.0592628,0.83105016,1.0654323,9,184
da02,1706844010984320,7.0519104,0.83783346,1.0724205,8,185
da02,1706844011084316,7.0475259,0.843011,1.0697362,9,186
da02,1706844011184319,7.0621896,0.84973568,1.0667218,11,187
da02,1706844011284408,7.0622344,0.8441456,1.0687333,9,188
da02,1706844011384352,7.0725746,0.84234565,1.0684772,11,189
da02,1706844011484330,7.08512,0.8309958,1.0603129,12,190
da02,1706844011584388,7.0816174,0.83682954,1.0655591,9,191
da02,1706844011684302,7.0618739,0.83987033,1.0698084,8,192
da02,1706844011784314,7.056222,0.84004867,1.0698028,8,193
da02,1706844011884407,7.0405221,0.84340703,1.0701799,8,194
da02,1706844011984338,7.0405908,0.84235781,1.0673296,9,195
da02,1706844012084316,7.0409231,0.84789169,1.0684597,9,196
da02,1706844012184368,7.0447526,0.84312207,1.0692773,9,197
da02,1706844012284354,7.0435891,0.8522321,1.0662073,9,198
da02,1706844012384344,7.0579333,0.841295,1.0657597,10,199
da02,1706844012484396,7.0650454,0.84545833,1.0588614,11,200
da02,1706844012584387,7.0716,0.84288073,1.0667223,10,201
da02,1706844012684336,7.079103,0.8484692,1.0681398,11,202
da02,1706844012784415,7.0818262,0.84217846,1.0677593,10,203
da02,1706844012884390,7.098762,0.84211987,1.0731122,12,204
da02,1706844012984346,7.0985217,0.83558518,1.0691885,11,205
da02,1706844013084405,7.0916142,0.84361386,1.0733469,9,206
da02,1706844013184351,7.0950861,0.835971,1.0711993,11,207
da02,1706844013284317,7.0834727,0.83377129,1.0729626,8,208
da02,1706844013384373,7.070714,0.846941,1.0790249,8,209
da02,1706844013484407,7.07191,0.85218334,1.0766387,10,210
da02,1706844013584430,7.0691381,0.84638876,1.0713359,9,211
da02,1706844013684362,7.0556664,0.83963245,1.0696115,7,212
da02,1706844013784450,7.0597081,0.83211756,1.0689089,9,213
da02,1706844013884436,7.0684166,0.828775,1.0752733,10,214
da02,1706844013984391,7.2364192,0.66804618,1.4795617,72,215
da02,1706844014084427,7.1950459,0.71681774,1.3845574,9,216
da02,1706844014184418,7.159214,0.74365574,1.3100771,8,217
da02,1706844014284362,7.1360793,0.76910716,1.2486284,10,218
da02,1706844014384451,7.1076469,0.78985244,1.2111005,8,219
da02,1706844014484449,7.0951061,0.80375844,1.1711761,9,220
da02,1706844014584404,7.0805006,0.80584723,1.1450158,8,221
da02,1706844014684430,7.0632992,0.81563038,1.1207899,8,222
da02,1706844014784445,7.0663109,0.83096945,1.1049225,10,223
da02,1706844014884373,7.06633,0.83905625,1.096249,10,224
da02,1706844014984450,7.0626936,0.83322066,1.078004,10,225
da02,1706844015084408,7.0606904,0.83246911,1.0791833,9,226
da02,1706844015184340,7.0613117,0.83997726,1.0631206,11,227
da02,1706844015284440,7.0626526,0.84134835,1.0634111,10,228
da02,1706844015384456,7.070991,0.83757913,1.0691339,10,229
da02,1706844015484420,7.0797524,0.84788764,1.0670277,11,230
da02,1706844015584481,7.0700383,0.84351814,1.0604559,9,231
da02,1706844015684417,7.0775847,0.84713352,1.0578574,11,232
da02,1706844015784357,7.0778556,0.85053712,1.0548975,10,233
da02,1706844015884426,7.0633879,0.84048736,1.0600641,7,234
da02,1706844015984458,7.0398879,0.8428449,1.0707521,9,235
da02,1706844016084408,7.0477867,0.84016031,1.0677614,10,236
da02,1706844016184397,7.0594029,0.83927983,1.0758673,10,237
da02,1706844016284355,7.0479031,0.83916229,1.0734081,8,238
da02,1706844016384347,7.046277,0.83014756,1.07448,8,239
da02,1706844016484394,7.040072,0.825941,1.0761516,7,240
da02,1706844016584817,7.0350318,0.82316256,1.0763592,7,241
da02,1706844016685932,7.0349922,0.82407647,1.0853454,7,242
da02,1706844016784884,7.0363526,0.83344543,1.0805508,9,243
da02,1706844016884407,7.0348148,0.83407795,1.0780934,8,244
da02,1706844016984392,7.0327063,0.82328629,1.076807,7,245
da02,1706844017084458,7.0409184,0.82249063,1.0704657,10,246
da02,1706844017184388,7.041224,0.82958168,1.0773088,8,247
da02,1706844017284383,7.0408354,0.82564181,1.0694879,9,248
da02,1706844017384462,7.051795,0.83620775,1.0727303,10,249
da02,1706844017484383,7.0605488,0.83368921,1.0766718,10,250
da02,1706844017584572,7.0640583,0.83253831,1.0742972,10,251
da02,1706844017684452,7.072772,0.8347407,1.0732821,11,252
da02,1706844017784410,7.063622,0.83480817,1.0620164,9,253
da02,1706844017884398,7.0632205,0.83857149,1.0632361,9,254
da02,1706844017984381,7.0602946,0.838353,1.0663768,9,255
da02,1706844018084416,7.0725513,0.83982593,1.0796113,10,256
da02,1706844018184368,7.0830951,0.83202511,1.0787904,11,257
da02,1706844018284402,7.0676494,0.82959163,1.0801,7,258
da02,1706844018384382,7.0641422,0.82225412,1.0810066,8,259
da02,1706844018484403,7.0590491,0.82793975,1.0820767,8,260
da02,1706844018584422,7.0494547,0.83554065,1.0778844,8,261
da02,1706844018684415,7.0580645,0.83055973,1.0811471,9,262
da02,1706844018784371,7.0640116,0.83388877,1.0885336,9,263
da02,1706844018884387,7.0496635,0.82345474,1.0848253,7,264
da02,1706844018984381,7.047894,0.82362372,1.08207,8,265
da02,1706844019084456,7.0602856,0.82734609,1.0739193,11,266
da02,1706844019184406,7.0573668,0.82728034,1.0788037,8,267
da02,1706844019284412,7.0638003,0.81465346,1.0701346,10,268
da02,1706844019384457,7.0716128,0.807821,1.0737344,10,269
da02,1706844019484426,7.0672421,0.798044,1.0738412,8,270
da02,1706844019584416,7.0617647,0.80731946,1.0618527,10,271
da02,1706844019684483,7.0784054,0.80992723,1.0691783,11,272
da02,1706844019784400,7.0652719,0.81303477,1.0725845,7,273
da02,1706844019884495,7.052351,0.81720608,1.0740249,8,274
da02,1706844019984641,7.0586519,0.82052225,1.0785642,9,275
da02,1706844020084427,7.0640488,0.8301574,1.0752634,10,276
da02,1706844020184417,7.0605788,0.82909417,1.069476,9,277
da02,1706844020284449,7.0632839,0.83100295,1.0633836,10,278
da02,1706844020384428,7.0556984,0.83707637,1.0691581,8,279
da02,1706844020484421,7.0421391,0.83375615,1.0654687,7,280
da02,1706844020584468,7.0399122,0.8346743,1.0692385,8,281
da02,1706844020684428,7.0439787,0.83316588,1.077461,8,282
da02,1706844020784360,7.0469527,0.83770162,1.0740606,9,283
da02,1706844020884410,7.03565,0.83082217,1.0718809,7,284
da02,1706844020984389,7.0504284,0.82557607,1.0730073,10,285
da02,1706844021084387,7.04854,0.82072693,1.0717878,8,286
da02,1706844021184392,7.0514231,0.83400828,1.0675924,10,287
da02,1706844021284965,7.0720696,0.83854127,1.0734236,11,288
da02,1706844021384388,7.0783758,0.84073639,1.0719442,11,289
da02,1706844021484424,7.0758486,0.84049755,1.0631429,10,290
da02,1706844021584422,7.0671077,0.83784121,1.0765462,7,291
da02,1706844021684400,7.0570664,0.84036964,1.0737338,8,292
da02,1706844021784404,7.0528398,0.825779,1.0795271,7,293
da02,1706844021884501,7.0532446,0.83030605,1.0738291,9,294
da02,1706844021984480,7.0531092,0.83735919,1.0772241,9,295
da02,1706844022084477,7.0575547,0.84494436,1.0793736,9,296
da02,1706844022184524,7.0545454,0.83894968,1.0915033,7,297
da02,1706844022284510,7.0676351,0.83551532,1.079391,11,298
da02,1706844022384570,7.0739603,0.83395183,1.0790168,10,299
da02,1706844022484522,7.0716057,0.84612387,1.0772957,10,300
da02,1706844022584488,7.0739584,0.8370204,1.0741136,10,301
da02,1706844022684453,7.07152,0.82974875,1.0739018,9,302
da02,1706844022784539,7.069768,0.81981868,1.0685825,9,303
da02,1706844022884582,7.05956,0.81975478,1.0666327,8,304
da02,1706844022984432,7.0693622,0.82738638,1.0682698,11,305
da02,1706844023084474,7.0603137,0.8299675,1.0637417,9,306
da02,1706844023184526,7.0628362,0.82297808,1.0665376,9,307
da02,1706844023284446,7.0666075,0.82044506,1.0601758,10,308
da02,1706844023384463,7.0735326,0.82565343,1.0629609,10,309
da02,1706844023484495,7.0701365,0.81557041,1.0678734,8,310
da02,1706844023584419,7.0627704,0.82365078,1.0739434,8,311
da02,1706844023684440,7.0610476,0.83053058,1.0752224,9,312
da02,1706844023784494,7.064445,0.82675773,1.0835087,9,313
da02,1706844023884426,7.0668859,0.83176315,1.0884862,9,314
da02,1706844023984425,7.076726,0.839004,1.0876132,11,315
da02,1706844024084511,7.0844817,0.84639353,1.0773945,12,316
da02,1706844024184387,7.0855846,0.83432025,1.0640285,11,317
da02,1706844024284450,7.0901413,0.83161879,1.0638683,11,318
da02,1706844024384522,7.0953436,0.83902276,1.0575327,12,319
da02,1706844024484412,7.0847554,0.83943284,1.063513,9,320
da02,1706844024584514,7.0756159,0.84310549,1.0655985,9,321
da02,1706844024684548,7.0700989,0.83351266,1.0704812,8,322
da02,1706844024784420,7.0669155,0.83766615,1.0622914,10,323
da02,1706844024884467,7.0853724,0.8319912,1.0673364,12,324
da02,1706844024984537,7.0841818,0.83200157,1.072217,9,325
da02,1706844025084502,7.0836892,0.83175731,1.0618031,11,326
da02,1706844025184461,7.08741,0.83985609,1.0544133,11,327
da02,1706844025284478,7.0921679,0.84287351,1.0575217,11,328
da02,1706844025384439,7.0973654,0.83691126,1.0656575,10,329
da02,1706844025484446,7.0911369,0.8432861,1.0561969,11,330
da02,1706844025584526,7.0807319,0.84900117,1.0584772,9,331
da02,1706844025684423,7.0720057,0.83981293,1.0598999,9,332
da02,1706844025784414,7.0620112,0.83395082,1.069815,7,333
da02,1706844025884456,7.0625329,0.82741845,1.0782608,8,334
da02,1706844025984456,7.05256,0.82911891,1.0818394,8,335
da02,1706844026084549,7.0504189,0.8285771,1.088851,8,336
da02,1706844026184442,7.0473003,0.82856876,1.0857471,8,337
da02,1706844026284532,7.0499778,0.82491738,1.0784346,9,338
da02,1706844026385066,7.0514522,0.83151519,1.0747907,9,339
da02,1706844026484458,7.0603337,0.82912779,1.0665208,11,340
da02,1706844026584504,7.0555987,0.8214733,1.0765582,7,341
da02,1706844026684477,7.0621438,0.82818872,1.0854664,9,342
da02,1706844026784474,7.0746574,0.81277764,1.0851833,10,343
da02,1706844026884445,7.0739694,0.8108533,1.0802375,9,344
da02,1706844026984542,7.0668564,0.81571996,1.0738559,9,345
da02,1706844027084466,7.0762606,0.8319208,1.0657346,12,346
da02,1706844027184518,7.0767112,0.82371259,1.0698513,9,347
da02,1706844027284562,7.0677919,0.82416821,1.0735914,8,348
da02,1706844027384505,7.0718431,0.82213348,1.0628239,11,349
da02,1706844027484442,7.062686,0.81885809,1.0661445,8,350
da02,1706844027584620,7.061851,0.82062107,1.0658455,9,351
da02,1706844027684452,7.0658135,0.82201159,1.064491,10,352
da02,1706844027784573,7.0664344,0.82641304,1.0613331,10,353
da02,1706844027885044,7.0582423,0.8224442,1.0639794,8,354
da02,1706844027984508,7.0543647,0.8206234,1.0657218,8,355
da02,1706844028084563,7.0702977,0.81352055,1.0656714,11,356
da02,1706844028184470,7.0694981,0.81476045,1.0669438,9,357
da02,1706844028284439,7.054698,0.82257962,1.0726206,8,358
da02,1706844028384663,7.0536041,0.82111126,1.0743588,8,359
da02,1706844028484518,7.0580821,0.821554,1.0811195,9,360
da02,1706844028584451,7.0641,0.82496786,1.0763896,10,361
da02,1706844028684538,7.0701747,0.8226369,1.08354,9,362
da02,1706844028784498,7.0719047,0.82903296,1.094803,9,363
da02,1706844028884442,7.0691285,0.82897031,1.0925409,9,364
da02,1706844028984528,7.0621233,0.82699144,1.0902481,8,365
da02,1706844029084470,7.0608516,0.83820039,1.0942063,8,366
da02,1706844029184430,7.0589232,0.83660889,1.0864933,9,367
da02,1706844029284551,7.0635457,0.83847827,1.0814259,10,368
da02,1706844029384493,7.0692768,0.84218526,1.0740231,11,369
da02,1706844029484473,7.0790267,0.83749706,1.0786586,10,370
da02,1706844029584594,7.0844526,0.83478791,1.0689716,11,371
da02,1706844029684494,7.0786304,0.82768244,1.0713813,9,372
da02,1706844029784448,7.076508,0.82577538,1.0698946,9,373
da02,1706844029884550,7.080945,0.8296262,1.0740397,10,374
da02,1706844029984475,7.074379,0.82977325,1.0762103,9,375
da02,1706844030084455,7.0726681,0.82020938,1.072753,9,376
da02,1706844030184473,7.0703731,0.82839781,1.0689107,10,377
da02,1706844030284511,7.0653524,0.82545632,1.0753739,8,378
da02,1706844030384457,7.0779409,0.83214384,1.0689397,12,379
da02,1706844030484561,7.0763812,0.82877213,1.0653312,10,380
da02,1706844030584519,7.0747776,0.82880867,1.0698639,9,381
da02,1706844030684503,7.0839782,0.82563126,1.0697279,11,382
da02,1706844030784588,7.0920577,0.81875372,1.0755049,10,383
da02,1706844030884530,7.0946822,0.81583256,1.0700159,11,384
da02,1706844030984518,7.0884671,0.82134044,1.0741068,9,385
da02,1706844031084642,7.0812206,0.82027149,1.0673248,9,386
da02,1706844031184494,7.0740361,0.83200884,1.0807506,8,387
da02,1706844031284452,7.0614634,0.83891237,1.0831695,8,388
da02,1706844031384499,7.0735183,0.83466393,1.0903622,10,389
da02,1706844031484440,7.0633225,0.84213066,1.0825231,9,390
da02,1706844031584418,7.0621834,0.84701514,1.0810691,9,391
da02,1706844031684514,7.0718808,0.83624256,1.0803288,10,392
da02,1706844031784477,7.0757027,0.82697868,1.0840228,9,393
da02,1706844031884449,7.0694304,0.81991976,1.0815023,8,394
da02,1706844031984476,7.067997,0.82476377,1.0819588,9,395
da02,1706844032086042,7.0696278,0.82699537,1.0748394,10,396
da02,1706844032184463,7.0735946,0.82379317,1.0761278,10,397
da02,1706844032285070,7.0689411,0.82094067,1.0725553,9,398
da02,1706844032384446,7.0600162,0.82401323,1.066595,9,399
da02,1706844032484472,7.0566182,0.83526427,1.0679919,9,400
da02,1706844032584576,7.0541596,0.838063,1.0747815,8,401
da02,1706844032684545,7.0643854,0.8276788,1.0666054,11,402
da02,1706844032784524,7.066196,0.82654494,1.0639353,10,403
da02,1706844032884564,7.0643716,0.83306473,1.0701844,9,404
da02,1706844032984530,7.0625706,0.83714741,1.08873,8,405
da02,1706844033084507,7.0728168,0.83824605,1.0800598,11,406
da02,1706844033184485,7.0727458,0.842981,1.0856011,9,407
da02,1706844033284571,7.0750618,0.84327453,1.0804793,10,408
da02,1706844033384586,7.0636559,0.82942164,1.0844871,7,409
da02,1706844033484544,7.0809908,0.82879442,1.0790699,12,410
da02,1706844033584576,7.0794444,0.82550484,1.0750254,10,411
da02,1706844033684564,7.06936,0.83047396,1.0664924,9,412
da02,1706844033784522,7.0649333,0.83007276,1.0643016,9,413
da02,1706844033889585,7.0658975,0.82455504,1.0662581,9,414
da02,1706844033984614,7.0688305,0.82608205,1.0651594,10,415
da02,1706844034084635,7.0653286,0.82493293,1.0612537,9,416
da02,1706844034184518,7.0456676,0.82042342,1.0656402,8,417
da02,1706844034284572,7.0457621,0.81500822,1.0642252,9,418
da02,1706844034384529,7.0584116,0.81335974,1.0645415,10,419
da02,1706844034484583,7.0539894,0.82094091,1.0634656,9,420
da02,1706844034584546,7.0551,0.835664,1.060686,10,421
da02,1706844034684521,7.0537844,0.83774447,1.0561987,9,422
da02,1706844034784585,7.0483274,0.83351946,1.0673999,7,423
da02,1706844034884598,7.043108,0.82928771,1.0643464,8,424
da02,1706844034984526,7.0417223,0.8347255,1.0653977,8,425
da02,1706844035084618,7.042109,0.81855547,1.0784905,7,426
da02,1706844035184595,7.0464964,0.81474364,1.0809085,8,427
da02,1706844035284572,7.0612254,0.81665707,1.0662832,12,428
da02,1706844035384603,7.0706339,0.82280475,1.0710597,10,429
da02,1706844035484568,7.0700502,0.826973,1.0700465,9,430
da02,1706844035584578,7.0752177,0.81140983,1.0760221,9,431
da02,1706844035684597,7.0689983,0.8095414,1.0569972,10,432
da02,1706844035784583,7.0720758,0.80508685,1.0575043,10,433
da02,1706844035884532,7.0697055,0.807323,1.0569668,9,434
da02,1706844035984536,7.0763421,0.8098647,1.0560296,11,435
da02,1706844036084518,7.0645084,0.81116706,1.0568638,8,436
da02,1706844036184545,7.0567284,0.81444055,1.0541111,9,437
da02,1706844036284504,7.042695,0.80810338,1.0579333,7,438
da02,1706844036384496,7.0415578,0.80987954,1.0576942,8,439
da02,1706844036484554,7.0704613,0.82512659,1.0511651,14,440
da02,1706844036584505,7.0525966,0.81759918,1.0588225,7,441
da02,1706844036684528,7.0492821,0.82222676,1.0611984,8,442
da02,1706844036784548,7.0575161,0.82318634,1.0683008,9,443
da02,1706844036884510,7.0572505,0.82125932,1.0643029,9,444
da02,1706844036984490,7.0522752,0.83205104,1.0664872,8,445
da02,1706844037084642,7.0553665,0.81927228,1.0661137,9,446
da02,1706844037184517,7.0498824,0.81815922,1.0831593,8,447
da02,1706844037284512,7.0530062,0.82049191,1.0772732,9,448
da02,1706844037384638,7.0517859,0.83001548,1.0762922,9,449
da02,1706844037484481,7.0429392,0.83261091,1.0723753,8,450
da02,1706844037584504,7.0600271,0.8329615,1.0730457,11,451
da02,1706844037684605,7.0632014,0.8368125,1.0757848,9,452
da02,1706844037784543,7.0626373,0.83256555,1.077556,9,453
da02,1706844037884542,7.0553684,0.82814258,1.0841057,7,454
da02,1706844037984634,7.0629535,0.82245368,1.0748268,10,455
da02,1706844038084594,7.0758729,0.82240415,1.0687233,11,456
da02,1706844038184501,7.0717816,0.81761611,1.0811796,8,457
da02,1706844038284612,7.0679097,0.81927133,1.0822514,9,458
da02,1706844038384526,7.0834813,0.81744921,1.0738744,12,459
da02,1706844038484499,7.0730152,0.81048918,1.0737894,8,460
da02,1706844038584567,7.0811291,0.81227416,1.0681146,11,461
da02,1706844038684538,7.073935,0.80521077,1.0582772,9,462
da02,1706844038784480,7.0741706,0.80669487,1.0590788,10,463
da02,1706844038884520,7.0643373,0.81286031,1.0689361,8,464
da02,1706844038984599,7.0587807,0.82139075,1.0605894,9,465
da02,1706844039084525,7.0568261,0.8089546,1.069443,8,466
da02,1706844039184591,7.0631037,0.81887174,1.0687283,10,467
da02,1706844039284562,7.0532269,0.83025306,1.0669004,8,468
da02,1706844039384685,7.0556054,0.82395077,1.0633148,9,469
da02,1706844039484590,7.0685506,0.8163743,1.0595763,11,470
da02,1706844039584540,7.0692348,0.82248962,1.0676944,9,471
da02,1706844039684536,7.0720968,0.82375681,1.0721225,9,472
da02,1706844039784622,7.0617318,0.82008421,1.069627,8,473
da02,1706844039884604,7.0696416,0.81565142,1.0695652,10,474
da02,1706844039984538,7.0623817,0.82485777,1.0717744,8,475
da02,1706844040084607,7.06469,0.8244012,1.0715947,9,476
da02,1706844040184549,7.0618329,0.82405257,1.0650342,9,477
da02,1706844040284528,7.0542912,0.8277235,1.0754919,8,478
da02,1706844040384538,7.0705314,0.82637405,1.0689642,12,479
da02,1706844040484558,7.0632062,0.82285583,1.0642749,9,480
da02,1706844040584514,7.061482,0.82325536,1.0619919,9,481
da02,1706844040684557,7.0574584,0.82719791,1.0684936,8,482
da02,1706844040784653,7.0667686,0.82514888,1.0636252,11,483
da02,1706844040884644,7.0741692,0.81982553,1.0675159,10,484
da02,1706844040984569,7.0771527,0.83372897,1.0692592,10,485
da02,1706844041084647,7.0658393,0.83167315,1.0699464,8,486
da02,1706844041184643,7.0609407,0.84328038,1.0674587,9,487
da02,1706844041284528,7.0608511,0.84300935,1.0731313,9,488
da02,1706844041384619,7.0704031,0.8403576,1.0716805,11,489
da02,1706844041484647,7.0621128,0.84646672,1.0644149,9,490
da02,1706844041584625,7.0663795,0.84213865,1.0648254,10,491
da02,1706844041684631,7.0563617,0.83045721,1.0672013,7,492
da02,1706844041784608,7.0570869,0.83047366,1.0632114,9,493
da02,1706844041884558,7.0519862,0.82588369,1.0640423,8,494
da02,1706844041984583,7.0553236,0.82776946,1.0657516,9,495
da02,1706844042084636,7.0638523,0.8344512,1.0723218,10,496
da02,1706844042184536,7.0702434,0.84060454,1.0738252,10,497
da02,1706844042284572,7.0686688,0.83578205,1.0785444,9,498
da02,1706844042384606,7.0587215,0.83164793,1.0893313,8,499
da02,1706844042484588,7.0627241,0.82876658,1.0830761,10,500
da02,1706844042584577,7.0691104,0.82885426,1.0858451,10,501
da02,1706844042684631,7.0730734,0.83415914,1.0834969,10,502
da02,1706844042784538,7.0765314,0.83223236,1.0734046,11,503
da02,1706844042884573,7.0772066,0.82918137,1.0784254,9,504
da02,1706844042984645,7.0732927,0.81787217,1.072969,9,505
da02,1706844043084584,7.0736303,0.81839418,1.0783807,9,506
da02,1706844043184575,7.086947,0.81523526,1.0832307,11,507
da02,1706844043285160,7.0773435,0.81940359,1.074764,9,508
da02,1706844043384514,7.0721064,0.8183549,1.0805196,8,509
da02,1706844043484563,7.0696182,0.82396579,1.0801736,9,510
da02,1706844043584653,7.0623107,0.83234054,1.0687071,9,511
da02,1706844043684544,7.0650291,0.82849807,1.0737751,9,512
da02,1706844043784568,7.0731511,0.82643837,1.0813884,10,513
da02,1706844043884635,7.0685363,0.82740933,1.0779265,9,514
da02,1706844043984523,7.0643158,0.82777429,1.0728772,9,515
da02,1706844044084584,7.0695553,0.82890892,1.0685236,10,516
da02,1706844044184649,7.070755,0.83114457,1.0765047,9,517
da02,1706844044284575,7.0697684,0.83245718,1.0765102,9,518
da02,1706844044384578,7.0626941,0.823995,1.0764575,8,519
da02,1706844044484655,7.0760293,0.82542366,1.0717098,11,520
da02,1706844044584606,7.0674415,0.83751369,1.064893,9,521
da02,1706844044684584,7.0669332,0.83540356,1.0622424,10,522
da02,1706844044784562,7.073544,0.82600361,1.0674537,10,523
da02,1706844044884805,7.0800176,0.82085729,1.0690655,10,524
da02,1706844044984704,7.0963836,0.819417,1.0684032,12,525
da02,1706844045084620,7.088695,0.81741792,1.0559254,10,526
da02,1706844045184666,7.0775909,0.81647724,1.0607284,8,527
da02,1706844045284628,7.081861,0.81708103,1.0615734,10,528
da02,1706844045384601,7.0828056,0.8141135,1.0654727,10,529
da02,1706844045484680,7.0819087,0.81672955,1.0690452,9,530
da02,1706844045584809,7.077693,0.82540834,1.0671761,10,531
da02,1706844045684597,7.0775032,0.81358963,1.0643997,10,532
da02,1706844045784582,7.0842476,0.80481488,1.0644487,10,533
da02,1706844045884546,7.0714054,0.81751186,1.0623417,9,534
da02,1706844045984580,7.0767155,0.824919,1.0676939,10,535
da02,1706844046084711,7.0723367,0.82740611,1.0677291,9,536
da02,1706844046184671,7.0627241,0.8198176,1.0677282,8,537
da02,1706844046284644,7.0634613,0.817594,1.0705144,9,538
da02,1706844046384551,7.0647058,0.82086045,1.0651296,10,539
da02,1706844046484590,7.0545316,0.8261199,1.0661513,8,540
da02,1706844046584579,7.0546808,0.82043886,1.0643735,9,541
da02,1706844046684797,7.0579576,0.83304793,1.0638382,10,542
da02,1706844046784590,7.0670276,0.83622265,1.0660748,10,543
da02,1706844046885088,7.078548,0.83195972,1.0645212,11,544
da02,1706844046984604,7.0737448,0.8304798,1.0608439,9,545
da02,1706844047085078,7.0629873,0.84711254,1.0658463,8,546
da02,1706844047184658,7.0734668,0.84877408,1.0574933,12,547
da02,1706844047284602,7.0841126,0.8428635,1.0609009,11,548
da02,1706844047384606,7.0757656,0.85382718,1.0687821,9,549
da02,1706844047486704,7.0614724,0.841063,1.0725262,7,550
da02,1706844047584670,7.0641823,0.84960556,1.0738534,10,551
da02,1706844047684616,7.0543733,0.85626471,1.0729244,8,552
da02,1706844047784662,7.059463,0.84722918,1.0707709,10,553
da02,1706844047884609,7.0738244,0.82935971,1.0633032,11,554
da02,1706844047984598,7.0620937,0.83508885,1.0679814,8,555
da02,1706844048084595,7.0663548,0.83371711,1.0561795,11,556
da02,1706844048184626,7.0589919,0.82494485,1.0577203,8,557
da02,1706844048284604,7.0705829,0.82421154,1.0601882,11,558
da02,1706844048384670,7.0811887,0.82522124,1.0570492,11,559
da02,1706844048484608,7.0684967,0.8245005,1.0669898,7,560
da02,1706844048584642,7.0638461,0.82929486,1.068512,9,561
da02,1706844048684687,7.0654564,0.82474077,1.0670354,9,562
da02,1706844048784634,7.0604243,0.82841575,1.0608884,9,563
da02,1706844048884605,7.0464945,0.82534635,1.0647993,7,564
da02,1706844048984689,7.0439095,0.82982683,1.0753832,8,565
da02,1706844049084682,7.0523396,0.83003592,1.0720032,10,566
da02,1706844049184639,7.0559573,0.8316257,1.0731341,9,567
da02,1706844049284682,7.0595574,0.82536578,1.0701518,9,568
da02,1706844049384626,7.0541582,0.82510644,1.063781,9,569
da02,1706844049484598,7.0587339,0.8342396,1.0737714,9,570
da02,1706844049584687,7.0687246,0.8393656,1.0739952,11,571
da02,1706844049684618,7.0607514,0.829135,1.0824661,7,572
da02,1706844049784633,7.048542,0.83081454,1.0769498,8,573
da02,1706844049884677,7.0559225,0.82288289,1.0782627,9,574
da02,1706844049984654,7.0647035,0.82929814,1.0823816,10,575
da02,1706844050084626,7.0713472,0.8320052,1.0696014,11,576
da02,1706844050184684,7.0661092,0.82705879,1.071739,8,577
da02,1706844050284651,7.071218,0.83250368,1.0663904,11,578
da02,1706844050384664,7.0567603,0.8351348,1.0742965,8,579
da02,1706844050484880,7.0722966,0.83524233,1.0766931,11,580
da02,1706844050584698,7.073926,0.83938539,1.0682864,10,581
da02,1706844050684611,7.0879622,0.8279981,1.07707,11,582
da02,1706844050784663,7.0865474,0.82759428,1.0688571,10,583
da02,1706844050884696,7.0762587,0.83048046,1.0698394,9,584
da02,1706844050984715,7.0766382,0.82831717,1.0633546,10,585
da02,1706844051084637,7.0829549,0.83320707,1.0528029,12,586
da02,1706844051184720,7.0870609,0.82855088,1.0512384,11,587
da02,1706844051284614,7.0931711,0.82542115,1.0595347,10,588
da02,1706844051384616,7.0858607,0.82556033,1.0606021,9,589
da02,1706844051484704,7.0821838,0.83047622,1.0726421,9,590
da02,1706844051584963,7.0765724,0.8226608,1.061071,10,591
da02,1706844051684592,7.0771904,0.82655472,1.0592573,10,592
da02,1706844051785225,7.0862088,0.8213228,1.0621216,11,593
da02,1706844051884630,7.0729451,0.82644045,1.070908,8,594
da02,1706844051984602,7.0649495,0.82733345,1.0747464,8,595
da02,1706844052084737,7.0717721,0.81588143,1.0631306,11,596
da02,1706844052184642,7.0707045,0.80977404,1.0667199,9,597
da02,1706844052284594,7.066093,0.80437988,1.0726695,8,598
da02,1706844052384719,7.0639009,0.81678969,1.0794981,8,599
da02,1706844052484590,7.061614,0.81902647,1.079942,9,600
da02,1706844052584770,7.0593143,0.83335155,1.0833336,9,601
da02,1706844052684680,7.057312,0.83437073,1.0967048,8,602
da02,1706844052784687,7.0605555,0.82854772,1.0881801,9,603
da02,1706844052884628,7.0643134,0.83609766,1.0903577,9,604
da02,1706844052984681,7.07304,0.83179241,1.0873035,10,605
da02,1706844053084670,7.0694871,0.8381843,1.0804799,9,606
da02,1706844053184652,7.0632277,0.85285884,1.0873348,8,607
da02,1706844053284663,7.0520325,0.84258217,1.0871475,7,608
da02,1706844053384708,7.0503364,0.84395629,1.0842932,9,609
da02,1706844053484653,7.049118,0.84163338,1.0810517,9,610
da02,1706844053584682,7.0527992,0.83881253,1.0808908,9,611
da02,1706844053684677,7.0624046,0.84021837,1.072618,11,612
da02,1706844053784670,7.0712538,0.83415908,1.0688177,11,613
da02,1706844053884628,7.0774965,0.828827,1.0721149,10,614
da02,1706844053984672,7.0727625,0.81607127,1.0730083,8,615
da02,1706844054084646,7.0750742,0.82309222,1.0710347,10,616
da02,1706844054184728,7.0707669,0.82308787,1.0643276,9,617
da02,1706844054285180,7.0835352,0.82997352,1.065225,11,618
da02,1706844054384672,7.0764117,0.82448238,1.0602497,9,619
da02,1706844054484724,7.07054,0.82863843,1.0541769,10,620
da02,1706844054584713,7.0723486,0.82690388,1.0553831,10,621
da02,1706844054684630,7.0740924,0.82522571,1.0573363,10,622
da02,1706844054784729,7.0715241,0.82660663,1.0517507,10,623
da02,1706844054884604,7.0562716,0.82811064,1.0601203,8,624
da02,1706844054984652,7.0676851,0.83064896,1.0685403,10,625
da02,1706844055084738,7.0825005,0.8289814,1.0621904,12,626
da02,1706844055184710,7.0951066,0.82958364,1.0627064,12,627
da02,1706844055285009,7.1096,0.829757,1.0593988,13,628
da02,1706844055384660,7.1043038,0.82735914,1.0673639,10,629
da02,1706844055484753,7.099864,0.83272892,1.0631092,11,630
da02,1706844055584655,7.0921388,0.82316083,1.0680997,9,631
da02,1706844055684650,7.073348,0.81956208,1.0713202,7,632
da02,1706844055784693,7.0703449,0.81287915,1.0758826,8,633
da02,1706844055884595,7.0786753,0.81777734,1.0734768,11,634
da02,1706844055989300,7.0951195,0.80961484,1.0682416,12,635
da02,1706844056084672,7.0918431,0.81828552,1.0636756,10,636
da02,1706844056184644,7.073853,0.81744933,1.0632048,8,637
da02,1706844056284666,7.056499,0.82157618,1.0717984,8,638
da02,1706844056384676,7.0620995,0.82797766,1.0680317,10,639
da02,1706844056484643,7.0576439,0.824397,1.0698081,8,640
da02,1706844056584702,7.0589447,0.81726831,1.0723599,9,641
da02,1706844056684692,7.0620947,0.81989282,1.0648302,10,642
da02,1706844056784637,7.0474553,0.81366295,1.0763718,8,643
da02,1706844056884632,7.0330186,0.81234032,1.0794221,8,644
da02,1706844056984677,7.0343595,0.83175296,1.0735407,9,645
da02,1706844057084628,7.0443096,0.83782643,1.0703546,10,646
da02,1706844057184661,7.0461278,0.83670717,1.0675582,9,647
da02,1706844057284678,7.0544634,0.83033431,1.0657613,10,648
da02,1706844057384670,7.0546112,0.82472342,1.0644295,9,649
da02,1706844057484789,7.0569043,0.82727647,1.0649945,9,650
da02,1706844057584738,7.0444098,0.83610922,1.0663751,8,651
da02,1706844057684746,7.043035,0.84277529,1.0729015,8,652
da02,1706844057784758,7.0648222,0.832795,1.0736874,11,653
da02,1706844057884654,7.0675073,0.84050059,1.0684654,10,654
da02,1706844057984768,7.052835,0.84114492,1.0723463,8,655
da02,1706844058084794,7.0558338,0.84702981,1.0745735,9,656
da02,1706844058184704,7.0513611,0.84240824,1.075039,8,657
da02,1706844058284674,7.0613332,0.84173286,1.0754303,10,658
da02,1706844058384673,7.0541763,0.84850365,1.0755111,8,659
da02,1706844058484686,7.0424128,0.84975868,1.0773304,8,660
da02,1706844058584669,7.03532,0.83799511,1.0792475,7,661
da02,1706844058684766,7.0528626,0.83293504,1.068445,11,662
da02,1706844058784706,7.0564685,0.82367289,1.0786295,8,663
da02,1706844058884743,7.0523105,0.81888783,1.0811422,8,664
da02,1706844058984692,7.246604,0.64099872,1.5041361,73,665
da02,1706844059084645,7.195478,0.69356632,1.3911452,9,666
da02,1706844059184770,7.1640491,0.73085755,1.303951,10,667
da02,1706844059284664,7.1360431,0.74972171,1.2444092,9,668
da02,1706844059384712,7.1007371,0.77858979,1.2071353,8,669
da02,1706844059484818,7.0848942,0.80001223,1.1774255,8,670
da02,1706844059584802,7.0775418,0.81845528,1.1471074,10,671
da02,1706844059684733,7.0623279,0.82051772,1.132008,8,672
da02,1706844059784804,7.0746727,0.8183136,1.1122161,11,673
da02,1706844059884692,7.0540581,0.82403553,1.111306,8,674
da02,1706844059984690,7.0576138,0.82786757,1.1040255,9,675
da02,1706844060084763,7.0510921,0.83182973,1.0898781,9,676
da02,1706844060184706,7.0631227,0.82745636,1.0903699,10,677
da02,1706844060284654,7.0684314,0.81891674,1.0812089,10,678
da02,1706844060384758,7.082056,0.81002235,1.0725961,11,679
da02,1706844060484690,7.0655518,0.82213187,1.0672736,8,680
da02,1706844060584683,7.0625577,0.81782591,1.0641679,9,681
da02,1706844060684752,7.0712237,0.82631612,1.0653715,11,682
da02,1706844060784719,7.0759764,0.81992203,1.0714761,9,683
da02,1706844060884657,7.072206,0.82104176,1.0708917,9,684
da02,1706844060984850,7.0782208,0.82018512,1.0627067,11,685
da02,1706844061084783,7.0821953,0.82884079,1.0621779,11,686
da02,1706844061184687,7.0782037,0.83972967,1.0611458,10,687
da02,1706844061284820,7.0815592,0.83298773,1.0666336,10,688
da02,1706844061384704,7.0691915,0.82778245,1.0631196,8,689
da02,1706844061485223,7.0717196,0.82472396,1.070353,9,690
da02,1706844061584756,7.0653377,0.81598228,1.0670731,9,691
da02,1706844061684721,7.0614028,0.82733792,1.0738764,8,692
da02,1706844061784695,7.0523171,0.83840865,1.076378,8,693
da02,1706844061884697,7.0425987,0.83847451,1.0776,8,694
da02,1706844061984738,7.0652585,0.82882655,1.0793209,11,695
da02,1706844062084653,7.0609932,0.83515078,1.0774544,9,696
da02,1706844062184686,7.055717,0.826445,1.0685555,9,697
da02,1706844062284747,7.0451407,0.82845658,1.063761,8,698
da02,1706844062384705,7.0575123,0.82721448,1.0604296,11,699
da02,1706844062484653,7.0546966,0.81555831,1.0703005,8,700
da02,1706844062584794,7.04468,0.82654136,1.075951,8,701
da02,1706844062684836,7.0536594,0.82912278,1.0676862,10,702
da02,1706844062784716,7.0788455,0.83354,1.0618694,13,703
da02,1706844062886326,7.0879841,0.84148484,1.0674994,11,704
da02,1706844062984845,7.0819163,0.84096605,1.0676607,9,705
da02,1706844063084680,7.0870762,0.83249187,1.0641328,11,706
da02,1706844063184713,7.0858712,0.82750744,1.0770129,9,707
da02,1706844063284791,7.0910683,0.83026087,1.0733714,11,708
da02,1706844063384701,7.0862083,0.8284815,1.0690098,10,709
da02,1706844063484709,7.0771985,0.82783723,1.0647858,9,710
da02,1706844063584786,7.0750594,0.82512224,1.0673283,9,711
da02,1706844063684691,7.0716095,0.81933039,1.0660169,9,712
da02,1706844063784726,7.0694733,0.81009251,1.0684859,9,713
da02,1706844063884786,7.0711384,0.81446433,1.0692064,10,714
da02,1706844063984685,7.0752311,0.83155382,1.0723437,10,715
da02,1706844064084794,7.0632029,0.83338314,1.0736518,8,716
da02,1706844064184787,7.062202,0.83375424,1.0721974,9,717
da02,1706844064284673,7.069417,0.83870304,1.0630523,11,718
da02,1706844064384719,7.0724115,0.82242733,1.0720059,9,719
da02,1706844064484790,7.0787954,0.81857044,1.0676582,11,720
da02,1706844064584693,7.0800986,0.81790012,1.0621397,10,721
da02,1706844064684693,7.0755939,0.82474178,1.0667572,9,722
da02,1706844064784806,7.0746622,0.81980771,1.0701991,9,723
da02,1706844064884726,7.0850635,0.81777644,1.0693653,11,724
da02,1706844064984710,7.0749035,0.81450069,1.0701036,8,725
da02,1706844065084740,7.0747676,0.82157552,1.0628914,10,726
da02,1706844065184708,7.0828,0.82130969,1.0651177,11,727
da02,1706844065285248,7.0735154,0.81898576,1.0800844,7,728
da02,1706844065384758,7.0700865,0.81056154,1.0882952,8,729
da02,1706844065484775,7.06947,0.80469662,1.0777075,10,730
da02,1706844065584833,7.0634675,0.81216091,1.0799134,8,731
da02,1706844065684766,7.0492978,0.82803607,1.0863674,8,732
da02,1706844065784805,7.0452814,0.83038425,1.0849125,8,733
da02,1706844065884749,7.0691719,0.82883608,1.073723,12,734
da02,1706844065984742,7.0735621,0.82814628,1.0812111,9,735
da02,1706844066084760,7.0596981,0.8285892,1.0763828,8,736
da02,1706844066184730,7.0594797,0.83571273,1.0798953,9,737
da02,1706844066285569,7.0532761,0.83480042,1.0655771,9,738
da02,1706844066384761,7.05369,0.82926279,1.0570898,10,739
da02,1706844066484750,7.0616407,0.82549369,1.0628155,10,740
da02,1706844066584740,7.0695562,0.81969428,1.0682328,10,741
da02,1706844066684687,7.0713358,0.81266785,1.0699815,9,742
da02,1706844066784710,7.0710659,0.81224871,1.0719198,9,743
da02,1706844066884729,7.07345,0.81836689,1.0684415,10,744
da02,1706844066984704,7.0628562,0.83247209,1.0696062,8,745
da02,1706844067084795,7.0573592,0.8330372,1.0665365,9,746
da02,1706844067184762,7.0497775,0.83457077,1.0616972,8,747
da02,1706844067284696,7.0515022,0.8263998,1.0620807,9,748
da02,1706844067384666,7.047689,0.829551,1.0653511,8,749
da02,1706844067484847,7.0535107,0.83800954,1.0662873,10,750
da02,1706844067584706,7.0709519,0.8396318,1.0749509,11,751
da02,1706844067684722,7.0779157,0.84236574,1.0669446,11,752
da02,1706844067784865,7.0741849,0.82849497,1.0695229,9,753
da02,1706844067884725,7.0695033,0.81542629,1.0761882,8,754
da02,1706844067984720,7.0725532,0.82715577,1.067325,11,755
da02,1706844068084766,7.0865803,0.82259285,1.0650369,12,756
da02,1706844068184745,7.0951438,0.81761461,1.072075,11,757
da02,1706844068284731,7.0820012,0.81927371,1.068715,9,758
da02,1706844068384796,7.071382,0.82015628,1.0637481,9,759
da02,1706844068484770,7.0877404,0.83299434,1.0707451,12,760
da02,1706844068584781,7.0711517,0.8291977,1.0737071,7,761
da02,1706844068684754,7.0698056,0.82236969,1.0780827,9,762
da02,1706844068784771,7.0712447,0.8326816,1.0717617,10,763
da02,1706844068884724,7.0875354,0.82374752,1.073287,11,764
da02,1706844068984768,7.0894151,0.81577659,1.0726702,10,765
da02,1706844069084760,7.0845423,0.82020617,1.0719386,9,766
da02,1706844069184776,7.0838909,0.82731044,1.0706002,10,767
da02,1706844069284693,7.09,0.82868385,1.0617098,12,768
da02,1706844069384844,7.0849066,0.83319074,1.0724225,9,769
da02,1706844069484857,7.0908246,0.82740462,1.0726095,11,770
da02,1706844069584755,7.0894561,0.82520586,1.0786008,9,771
da02,1706844069684760,7.0791235,0.83355093,1.0772878,9,772
da02,1706844069784754,7.0646553,0.8307972,1.071375,8,773
da02,1706844069884746,7.0625434,0.83036929,1.0638926,10,774
da02,1706844069984794,7.0621314,0.82887721,1.0652041,9,775
da02,1706844070084853,7.0750756,0.83839613,1.065159,11,776
da02,1706844070184819,7.07863,0.84351367,1.0760614,9,777
da02,1706844070284868,7.0776753,0.83657312,1.0689933,10,778
da02,1706844070384863,7.06955,0.84056586,1.071049,9,779
da02,1706844070484714,7.0642667,0.84057331,1.0739435,8,780
da02,1706844070584844,7.0757761,0.83148569,1.0669216,11,781
da02,1706844070684817,7.0651941,0.82961345,1.0692394,8,782
da02,1706844070784774,7.06062,0.83168834,1.0635858,9,783
da02,1706844070884830,7.0576954,0.82610005,1.0620408,9,784
da02,1706844070984820,7.0527797,0.82453483,1.0573438,9,785
da02,1706844071084732,7.0681939,0.82503849,1.0635145,11,786
da02,1706844071184847,7.0671859,0.82074511,1.0697403,9,787
da02,1706844071284848,7.0772581,0.81056225,1.0708976,10,788
da02,1706844071384830,7.17066,0.80994189,1.0604728,66,789
da02,1706844071485461,7.1348209,0.81384844,1.0598621,8,790
da02,1706844071585086,7.1251459,0.817034,1.0551401,11,791
da02,1706844071684766,7.0919614,0.81974626,1.0635678,8,792
da02,1706844071784854,7.0872307,0.82129174,1.0706406,9,793
da02,1706844071884878,7.0791025,0.82238305,1.0770991,8,794
da02,1706844071984890,7.0718007,0.82770675,1.0760939,9,795
da02,1706844072084803,7.0731258,0.83634889,1.0675291,10,796
da02,1706844072184826,7.0638638,0.83928388,1.0663705,8,797
da02,1706844072285360,7.0573697,0.83666664,1.0613014,9,798
da02,1706844072384990,7.0587306,0.82763642,1.0587695,9,799
da02,1706844072484728,7.0561519,0.83090693,1.0609337,9,800
da02,1706844072584776,7.0701265,0.81707048,1.0674551,10,801
da02,1706844072684783,7.0758481,0.8178615,1.073131,10,802
da02,1706844072784787,7.0820003,0.8233574,1.0734576,10,803
da02,1706844072884757,7.0769072,0.81009293,1.0795606,8,804
da02,1706844072984889,7.0647578,0.82145369,1.0739753,8,805
da02,1706844073084832,7.0719037,0.81782281,1.069404,10,806
da02,1706844073184785,7.0588694,0.81931639,1.0720143,7,807
da02,1706844073284794,7.0693831,0.81096792,1.0834867,9,808
da02,1706844073384773,7.0593863,0.80634689,1.079502,8,809
da02,1706844073484787,7.0566616,0.81379116,1.0799165,8,810
da02,1706844073584814,7.0765615,0.811825,1.0801002,11,811
da02,1706844073684798,7.0753546,0.81122911,1.0843488,9,812
da02,1706844073784786,7.0925674,0.80694169,1.0808287,12,813
da02,1706844073884790,7.0630169,0.80989993,1.0795969,8,814
da02,1706844073984806,7.0573955,0.82062405,1.071697,9,815
da02,1706844074084789,7.0646911,0.82649451,1.0735654,10,816
da02,1706844074184830,7.0612731,0.81278718,1.0753915,8,817
da02,1706844074284812,7.0707736,0.81433082,1.0723017,11,818
da02,1706844074384829,7.0664487,0.81305391,1.0758615,8,819
da02,1706844074484760,7.0573621,0.81886268,1.0669874,9,820
da02,1706844074584845,7.0554771,0.82618356,1.0688791,9,821
da02,1706844074684855,7.06142,0.82587308,1.0602652,10,822
da02,1706844074784761,7.063746,0.81542504,1.0587828,9,823
da02,1706844074884800,7.071909,0.81369591,1.0566907,11,824
da02,1706844074984854,7.0600615,0.81283641,1.0687114,7,825
da02,1706844075084729,7.0729594,0.81253046,1.0685107,11,826
da02,1706844075184922,7.0780187,0.81337577,1.0660063,10,827
da02,1706844075284871,7.055913,0.813273,1.0681919,8,828
da02,1706844075384824,7.0633435,0.81245732,1.0594742,11,829
da02,1706844075484796,7.0481949,0.82044291,1.0686949,8,830
da02,1706844075584874,7.0490417,0.82366955,1.0663135,9,831
da02,1706844075684756,7.0510979,0.83247244,1.063692,9,832
da02,1706844075784806,7.0652966,0.83926445,1.058709,12,833
da02,1706844075884854,7.0668769,0.83526832,1.0542372,10,834
da02,1706844075984831,7.0626636,0.83516812,1.0544243,9,835
da02,1706844076084862,7.0779524,0.83194906,1.0566734,11,836
da02,1706844076184882,7.0535235,0.83056945,1.0591009,8,837
da02,1706844076285323,7.0404286,0.835492,1.0715742,8,838
da02,1706844076384813,7.0447254,0.83566,1.0771885,8,839
da02,1706844076484883,7.0476213,0.83285844,1.0716772,9,840
da02,1706844076584839,7.05942,0.82712311,1.0690799,10,841
da02,1706844076684841,7.062861,0.82458496,1.0740546,9,842
da02,1706844076785336,7.067296,0.82761908,1.0700426,10,843
da02,1706844076884860,7.0718079,0.82770759,1.0622663,11,844
da02,1706844076985037,7.0709677,0.82841223,1.0627264,9,845
da02,1706844077084864,7.0673585,0.82402778,1.0635519,9,846
da02,1706844077184805,7.0531473,0.82617652,1.0689713,8,847
da02,1706844077284823,7.048171,0.82794011,1.0639069,9,848
da02,1706844077384904,7.0531116,0.83644485,1.0627363,10,849
da02,1706844077484901,7.061244,0.82750142,1.0697761,9,850
da02,1706844077584910,7.0703835,0.82462132,1.0666863,11,851
da02,1706844077684839,7.063323,0.83117974,1.0744742,8,852
da02,1706844077784899,7.0661306,0.83063143,1.076438,9,853
da02,1706844077884824,7.0625262,0.82802576,1.0634949,10,854
da02,1706844077984812,7.0539532,0.83705586,1.0703007,8,855
da02,1706844078084904,7.0576196,0.82528669,1.0883286,7,856
da02,1706844078184804,7.0854478,0.82060438,1.0772043,13,857
da02,1706844078286474,7.0848856,0.83177316,1.0695053,11,858
da02,1706844078384921,7.0942693,0.82753611,1.0662245,11,859
da02,1706844078484788,7.083879,0.83321768,1.0556035,10,860
da02,1706844078584820,7.0868025,0.83818126,1.0654869,10,861
da02,1706844078684898,7.0809298,0.84415329,1.0604123,10,862
da02,1706844078784845,7.0690222,0.84132832,1.0688887,8,863
da02,1706844078884860,7.0865583,0.8373673,1.0681742,12,864
da02,1706844078984851,7.0804386,0.83934218,1.071283,9,865
da02,1706844079084879,7.0792556,0.84317905,1.0659194,10,866
da02,1706844079184819,7.0792575,0.83858323,1.0618168,10,867
da02,1706844079284828,7.0754237,0.83546448,1.0585313,10,868
da02,1706844079384828,7.0716648,0.84055883,1.0599465,9,869
da02,1706844079484816,7.0732231,0.83366728,1.0514681,10,870
da02,1706844079584828,7.0717287,0.82762659,1.055584,9,871
da02,1706844079684825,7.0733914,0.84036487,1.0546949,10,872
da02,1706844079784811,7.0615096,0.8358416,1.0655301,7,873
da02,1706844079884827,7.070787,0.83604062,1.0815282,9,874
da02,1706844079984946,7.065691,0.83010936,1.0768957,9,875
da02,1706844080084914,7.06931,0.83846259,1.0743864,10,876
da02,1706844080184822,7.0745053,0.83241081,1.0755128,10,877
da02,1706844080284850,7.0596638,0.83136082,1.0772665,8,878
da02,1706844080384847,7.0595446,0.83220971,1.0787039,9,879
da02,1706844080484878,7.0524735,0.83939612,1.0914632,8,880
da02,1706844080584994,7.0613084,0.84584087,1.0837142,10,881
da02,1706844080684925,7.0646243,0.8404901,1.0868009,9,882
da02,1706844080784823,7.056706,0.84315121,1.0787361,9,883
da02,1706844080884905,7.0576997,0.84065837,1.0846585,8,884
da02,1706844080984896,7.0513434,0.8300879,1.0907681,7,885
da02,1706844081084838,7.063632,0.832556,1.0829034,11,886
da02,1706844081184906,7.0636482,0.834241,1.0830096,9,887
da02,1706844081284901,7.0668783,0.82584423,1.0779796,10,888
da02,1706844081384832,7.0589366,0.821736,1.06616,9,889
da02,1706844081484958,7.0571342,0.82239854,1.0636945,9,890
da02,1706844081584885,7.0480547,0.82915133,1.0633551,8,891
da02,1706844081684902,7.0554829,0.82162547,1.0794433,8,892
da02,1706844081784925,7.0548782,0.825267,1.0795795,9,893
da02,1706844081884854,7.0523548,0.81451321,1.0722675,9,894
da02,1706844081984917,7.035007,0.82017505,1.0663464,8,895
da02,1706844082084990,7.0482426,0.82923651,1.0603479,11,896
da02,1706844082184871,7.047863,0.83468616,1.0656112,8,897
da02,1706844082284874,7.0606928,0.82847053,1.0756009,10,898
da02,1706844082384951,7.0477862,0.8276785,1.0724329,7,899
da02,1706844082484885,7.0526509,0.823135,1.0713075,9,900
da02,1706844082584879,7.0425763,0.82062882,1.0782011,8,901
da02,1706844082684940,7.069778,0.8188715,1.0836012,12,902
da02,1706844082784836,7.07524,0.81734413,1.0834751,10,903
da02,1706844082884948,7.0742006,0.82542884,1.0901717,9,904
da02,1706844082984896,7.06298,0.8182987,1.0886532,7,905
da02,1706844083084914,7.0662909,0.81952703,1.0801921,10,906
da02,1706844083184846,7.078393,0.81566805,1.082649,10,907
da02,1706844083284848,7.0874343,0.81843567,1.0749452,11,908
da02,1706844083384886,7.0972648,0.82326132,1.0605463,13,909
da02,1706844083484846,7.0943885,0.81764388,1.0605792,10,910
da02,1706844083584924,7.0905137,0.82499433,1.0634062,10,911
da02,1706844083684906,7.0853767,0.8259753,1.06842,9,912
da02,1706844083784838,7.0861349,0.82566023,1.0707017,10,913
da02,1706844083884947,7.0748529,0.82560909,1.078035,8,914
da02,1706844083984878,7.0554314,0.82283127,1.0793378,8,915
da02,1706844084084896,7.0563703,0.82581258,1.0802575,9,916
da02,1706844084184960,7.0525675,0.82355779,1.0730964,9,917
da02,1706844084284914,7.0508862,0.81858808,1.0588472,10,918
da02,1706844084384909,7.0446873,0.81616569,1.0637666,7,919
da02,1706844084484969,7.052494,0.82237506,1.0667571,10,920
da02,1706844084584846,7.0646281,0.81550664,1.0726738,10,921
da02,1706844084684860,7.0549936,0.81385458,1.0741366,7,922
da02,1706844084784927,7.0478563,0.80697733,1.0772876,7,923
da02,1706844084884838,7.0667753,0.816555,1.0605637,13,924
da02,1706844084984826,7.0675731,0.81964582,1.0662882,9,925
da02,1706844085084996,7.062839,0.8203705,1.0765243,8,926
da02,1706844085184879,7.0632296,0.81397188,1.0633614,10,927
da02,1706844085284848,7.0749683,0.81263471,1.0630955,11,928
da02,1706844085384935,7.0744491,0.81936258,1.0637915,10,929
da02,1706844085484851,7.075171,0.82549083,1.0719924,9,930
da02,1706844085584803,7.0678377,0.82112211,1.0621296,9,931
da02,1706844085684894,7.0718603,0.81413329,1.0789405,8,932
da02,1706844085784886,7.0695705,0.81181735,1.0799075,9,933
da02,1706844085884868,7.0692334,0.81642342,1.0911598,8,934
da02,1706844085984849,7.0721684,0.8147254,1.0882915,9,935
da02,1706844086084882,7.0843658,0.81285995,1.0823252,11,936
da02,1706844086184872,7.0902925,0.81999165,1.0825551,11,937
da02,1706844086284876,7.0877562,0.83083963,1.0824299,10,938
da02,1706844086385155,7.0791192,0.82993966,1.0810928,9,939
da02,1706844086484917,7.086081,0.82532454,1.0818356,10,940
da02,1706844086584947,7.0829282,0.81993949,1.0712323,10,941
da02,1706844086684920,7.0788751,0.82401168,1.0801593,9,942
da02,1706844086784902,7.0711465,0.83482,1.0868456,8,943
da02,1706844086884868,7.0606651,0.82645214,1.0903097,7,944
da02,1706844086985241,7.0584869,0.82254076,1.0845293,9,945
da02,1706844087085012,7.0545297,0.82181746,1.08149,8,946
da02,1706844087184895,7.0587931,0.82222348,1.0675538,10,947
da02,1706844087285392,7.0614963,0.82948261,1.0733712,9,948
da02,1706844087384871,7.0593529,0.83238864,1.064018,10,949
da02,1706844087484906,7.0597215,0.83035,1.0728898,8,950
da02,1706844087584862,7.0603447,0.83191067,1.0665069,10,951
da02,1706844087684895,7.076468,0.83581805,1.0727491,11,952
da02,1706844087784890,7.0824494,0.83680212,1.0769602,10,953
da02,1706844087884908,7.0651073,0.84285152,1.0799011,8,954
da02,1706844087985102,7.0862775,0.83927357,1.0811237,12,955
da02,1706844088084965,7.0883284,0.837568,1.0741659,11,956
da02,1706844088184916,7.0780249,0.83429182,1.0662063,9,957
da02,1706844088284909,7.0628119,0.82456183,1.065058,7,958
da02,1706844088385168,7.0636582,0.836412,1.0747322,9,959
da02,1706844088484932,7.0621195,0.83864039,1.0726916,9,960
da02,1706844088584878,7.0713077,0.84046626,1.0686616,11,961
da02,1706844088684922,7.0614386,0.8378194,1.0736634,8,962
da02,1706844088784890,7.06143,0.82660341,1.0700783,9,963
da02,1706844088884902,7.0589337,0.83049482,1.0718751,9,964
da02,1706844088984892,7.0631433,0.83535522,1.0735763,10,965
da02,1706844089084895,7.0588236,0.82841522,1.0784562,8,966
da02,1706844089184846,7.0540252,0.82585692,1.0744861,8,967
da02,1706844089284904,7.0447574,0.82160932,1.0723118,7,968
da02,1706844089384890,7.05218,0.82574892,1.0679655,10,969
da02,1706844089484882,7.0637012,0.83967543,1.0719161,11,970
da02,1706844089584996,7.0565429,0.83425844,1.0736735,8,971
da02,1706844089684975,7.0533681,0.83582592,1.0762076,8,972
da02,1706844089784860,7.0486741,0.836007,1.063168,9,973
da02,1706844089884899,7.0593181,0.83693194,1.066527,10,974
da02,1706844089984901,7.0642929,0.83384329,1.0698359,9,975
da02,1706844090084906,7.0635104,0.82697403,1.0720296,9,976
da02,1706844090184882,7.0697451,0.82643348,1.0696272,10,977
da02,1706844090284917,7.0621395,0.82781017,1.0613617,9,978
da02,1706844090384881,7.0833225,0.8264991,1.06439,12,979
da02,1706844090484861,7.0821877,0.83272344,1.0704327,9,980
da02,1706844090584884,7.0786977,0.83553,1.0699424,9,981
da02,1706844090685025,7.0870256,0.82279432,1.0711243,10,982
da02,1706844090784872,7.0839667,0.819845,1.076282,9,983
da02,1706844090885002,7.0756078,0.81574452,1.0684839,9,984
da02,1706844090984974,7.079958,0.81800437,1.0704761,10,985
da02,1706844091084993,7.0864925,0.82977331,1.0782855,10,986
da02,1706844091185041,7.0862241,0.82816744,1.071865,10,987
da02,1706844091285016,7.083343,0.82613283,1.073761,9,988
da02,1706844091385145,7.0833693,0.83135027,1.0768095,10,989
da02,1706844091485016,7.0662136,0.83618909,1.0762637,8,990
da02,1706844091584948,7.0598288,0.83914471,1.0764266,8,991
da02,1706844091684886,7.0654311,0.83603817,1.0608436,11,992
da02,1706844091784988,7.0604491,0.83452779,1.0707068,8,993
da02,1706844091884973,7.0471077,0.840332,1.0817633,8,994
da02,1706844091984920,7.0401816,0.84179127,1.083113,8,995
da02,1706844092085006,7.0390544,0.84998232,1.087952,8,996
da02,1706844092184874,7.041285,0.85333568,1.0770764,9,997
da02,1706844092284911,7.0405951,0.83815616,1.0740952,8,998
da02,1706844092384942,7.0398579,0.84019846,1.0799574,8,999
da02,1706844092484902,7.0444241,0.83134925,1.0809591,8,1000
da02,1706844092584962,7.0573535,0.82898015,1.0781525,10,1001
da02,1706844092684912,7.0475516,0.82913452,1.0855193,8,1002
da02,1706844092784905,7.0538864,0.83173746,1.0806094,10,1003
da02,1706844092884910,7.0567422,0.83213425,1.0819716,9,1004
da02,1706844092984911,7.0672746,0.83558661,1.0756216,11,1005
da02,1706844093084926,7.07114,0.826517,1.0694412,10,1006
da02,1706844093184910,7.079936,0.83513623,1.0657516,11,1007
da02,1706844093284940,7.06695,0.82259762,1.0644702,8,1008
da02,1706844093384966,7.0655084,0.81858796,1.0604448,9,1009
da02,1706844093484940,7.0616879,0.81696117,1.0762799,7,1010
da02,1706844093584959,7.0751805,0.82008481,1.0867131,10,1011
da02,1706844093686536,7.080193,0.69249719,1.0574895,70,1012
da02,1706844093785016,7.0864835,0.72487581,1.060015,11,1013
da02,1706844093888581,7.0775709,0.73996675,1.0624641,8,1014
da02,1706844093984980,7.0784688,0.75515574,1.0622928,10,1015
da02,1706844094084998,7.0805397,0.77518636,1.0619948,10,1016
da02,1706844094184958,7.0683365,0.79003936,1.0614227,8,1017
da02,1706844094284942,7.0658097,0.792649,1.0591456,9,1018
da02,1706844094385067,7.0607367,0.80206668,1.0580369,9,1019
da02,1706844094484966,7.0584459,0.80983037,1.0659132,8,1020
da02,1706844094584931,7.0390453,0.82704824,1.0677174,9,1021
da02,1706844094684973,7.0468383,0.82420695,1.0630145,10,1022
da02,1706844094784982,7.0538626,0.81866062,1.0694933,9,1023
da02,1706844094884923,7.0459948,0.82489103,1.06458,8,1024
da02,1706844094985103,7.0557609,0.82892847,1.0706041,10,1025
da02,1706844095085023,7.0532436,0.82594866,1.0617849,9,1026
da02,1706844095184996,7.05713,0.82146192,1.0643705,9,1027
da02,1706844095284924,7.0673342,0.81784636,1.0619316,11,1028
da02,1706844095385021,7.0764441,0.8204124,1.0588806,11,1029
da02,1706844095485998,7.0674572,0.82611167,1.0821332,8,1030
da02,1706844095585016,7.0696158,0.82645625,1.0832319,9,1031
da02,1706844095685006,7.0678973,0.82110316,1.0755635,9,1032
da02,1706844095784997,7.0565352,0.82668149,1.0729325,8,1033
da02,1706844095884912,7.0624833,0.83135122,1.0813215,9,1034
da02,1706844095985024,7.06085,0.83518958,1.080385,9,1035
da02,1706844096085008,7.0562444,0.83469576,1.075666,9,1036
da02,1706844096184917,7.0631723,0.82994258,1.0756972,10,1037
da02,1706844096284958,7.0771055,0.83134818,1.0777436,11,1038
da02,1706844096385255,7.06691,0.83214372,1.0767332,8,1039
da02,1706844096484937,7.0644774,0.83984011,1.0833035,8,1040
da02,1706844096584979,7.0689259,0.83641654,1.0810902,10,1041
da02,1706844096685070,7.0715461,0.83126748,1.0724882,10,1042
da02,1706844096784921,7.0703831,0.83146018,1.0693454,10,1043
da02,1706844096884961,7.0664935,0.82890934,1.0719677,9,1044
da02,1706844096985050,7.0710797,0.83646494,1.0700401,10,1045
da02,1706844097085085,7.0769463,0.83317059,1.0726941,10,1046
da02,1706844097185019,7.0679088,0.8346805,1.0692152,9,1047
da02,1706844097285095,7.0585761,0.8293739,1.0715932,8,1048
da02,1706844097385212,7.059597,0.82438958,1.0709627,9,1049
da02,1706844097484968,7.0671849,0.82526767,1.0664568,10,1050
da02,1706844097585048,7.0605216,0.83214986,1.061842,9,1051
da02,1706844097684931,7.0681086,0.81644017,1.0589107,10,1052
da02,1706844097784959,7.0492263,0.81596649,1.0615059,8,1053
da02,1706844097885063,7.0583062,0.81213689,1.0726408,9,1054
da02,1706844097984922,7.0670834,0.71457392,1.0500054,70,1055
da02,1706844098084950,7.0650373,0.74908644,1.059737,9,1056
da02,1706844098184993,7.0735111,0.77226382,1.051039,11,1057
da02,1706844098285481,7.0638256,0.78820848,1.0556591,8,1058
da02,1706844098384945,7.0515995,0.80156505,1.0634742,8,1059
da02,1706844098484969,7.0582333,0.79868942,1.0712445,9,1060
da02,1706844098585026,7.0526829,0.81211948,1.0733327,8,1061
da02,1706844098684962,7.0481682,0.8203367,1.0731119,8,1062
da02,1706844098784954,7.0477862,0.82916218,1.071752,9,1063
da02,1706844098885380,7.0443478,0.8188833,1.0700576,8,1064
da02,1706844098985003,7.0496483,0.81799853,1.0764095,9,1065
da02,1706844099084986,7.0478621,0.82062709,1.0799202,8,1066
da02,1706844099185036,7.0456171,0.80797231,1.0783145,8,1067
da02,1706844099285063,7.0483446,0.80872571,1.0714623,9,1068
da02,1706844099384995,7.0600209,0.80337518,1.0747302,10,1069
da02,1706844099485006,7.0506825,0.81002754,1.0712169,8,1070
da02,1706844099585053,7.0464239,0.81018275,1.0676025,8,1071
da02,1706844099684978,7.0439348,0.81400406,1.0722044,8,1072
da02,1706844099784948,7.0477486,0.81925386,1.0673234,9,1073
da02,1706844099884984,7.0457206,0.81895906,1.0699296,8,1074
da02,1706844099984966,7.0483241,0.82261145,1.0631664,10,1075
da02,1706844100085040,7.0461555,0.82032186,1.0740596,7,1076
da02,1706844100185069,7.0467024,0.82653886,1.0727681,9,1077
da02,1706844100285031,7.0591259,0.82203126,1.0671797,11,1078
da02,1706844100385002,7.0550704,0.81691056,1.0746528,8,1079
da02,1706844100485084,7.0476961,0.82272387,1.0819651,8,1080
da02,1706844100585055,7.0494595,0.82353592,1.0742134,9,1081
da02,1706844100684994,7.0477386,0.82366073,1.0779105,8,1082
da02,1706844100785059,7.0407467,0.8236711,1.0822033,8,1083
da02,1706844100885060,7.0499439,0.826613,1.0699233,10,1084
da02,1706844100984972,7.0534282,0.8252753,1.0794195,8,1085
da02,1706844101085049,7.0583663,0.82436436,1.0745938,10,1086
da02,1706844101185096,7.0419378,0.82078642,1.0729146,7,1087
da02,1706844101284988,7.0604367,0.82532704,1.0622379,12,1088
da02,1706844101385063,7.0555253,0.8287127,1.0727884,8,1089
da02,1706844101485054,7.0726385,0.82604355,1.0625713,12,1090
da02,1706844101585049,7.0662146,0.82894015,1.0661715,8,1091
da02,1706844101685037,7.0597334,0.83932221,1.0669248,9,1092
da02,1706844101784990,7.0638556,0.83529466,1.0638957,10,1093
da02,1706844101885023,7.0684481,0.83415395,1.0631107,10,1094
da02,1706844101984953,7.0619884,0.8305921,1.0578526,9,1095
da02,1706844102085032,7.069459,0.81938541,1.0696295,9,1096
da02,1706844102184999,7.0773335,0.8143875,1.0751768,10,1097
da02,1706844102284958,7.0835843,0.81592488,1.0708237,11,1098
da02,1706844102384949,7.0868459,0.81072485,1.0609306,11,1099
da02,1706844102485025,7.0834484,0.81116551,1.0675861,9,1100
da02,1706844102585012,7.0660563,0.81131935,1.0688432,7,1101
da02,1706844102685014,7.0716949,0.81247914,1.0627565,10,1102
da02,1706844102785065,7.075851,0.8178336,1.0596123,10,1103
da02,1706844102885020,7.0796576,0.82671911,1.0573915,11,1104
da02,1706844102984992,7.0752449,0.83247232,1.0635666,9,1105
da02,1706844103085118,7.0716033,0.83381242,1.0660449,9,1106
da02,1706844103185022,7.0749483,0.83791035,1.0648563,10,1107
da02,1706844103284952,7.08138,0.8350383,1.0661645,10,1108
da02,1706844103384974,7.0711861,0.83835995,1.0612553,9,1109
da02,1706844103485074,7.0632944,0.83326781,1.0691789,8,1110
da02,1706844103585062,7.0734816,0.82632273,1.0700915,10,1111
da02,1706844103685023,7.0768538,0.82520151,1.0667683,10,1112
da02,1706844103785080,7.0674853,0.82684451,1.0630027,9,1113
da02,1706844103885075,7.0585456,0.828783,1.0621786,8,1114
da02,1706844103984990,7.0639677,0.83639312,1.0591847,10,1115
da02,1706844104085070,7.06802,0.84199882,1.0683295,9,1116
da02,1706844104185055,7.0903921,0.842442,1.0644581,13,1117
da02,1706844104285009,7.0883517,0.839548,1.0597548,10,1118
da02,1706844104385037,7.0883312,0.83694029,1.0683542,10,1119
da02,1706844104485152,7.0869517,0.82643437,1.0598862,10,1120
da02,1706844104585091,7.0843096,0.82221651,1.065116,9,1121
da02,1706844104685097,7.0862646,0.83742541,1.0652,11,1122
da02,1706844104785071,7.0934291,0.82914227,1.0601044,11,1123
da02,1706844104885257,7.0994687,0.82776552,1.0639116,11,1124
da02,1706844104985128,7.0901937,0.82766795,1.0666257,9,1125
da02,1706844105085078,7.0959029,0.82438713,1.0721282,10,1126
da02,1706844105185012,7.0914431,0.81806237,1.0746465,9,1127
da02,1706844105285064,7.0968051,0.82169962,1.0720223,11,1128
da02,1706844105385063,7.1028037,0.81919688,1.0742441,11,1129
da02,1706844105485016,7.0861406,0.82530195,1.0710393,8,1130
da02,1706844105585122,7.0783215,0.82315129,1.0766765,8,1131
da02,1706844105685125,7.0830827,0.8280769,1.0740168,11,1132
da02,1706844105785020,7.0833111,0.82506496,1.063143,11,1133
da02,1706844105885118,7.0745683,0.82905847,1.0566348,9,1134
da02,1706844105985048,7.0741496,0.83051229,1.06617,9,1135
da02,1706844106085113,7.0846791,0.82580483,1.0663434,11,1136
da02,1706844106185106,7.0765705,0.81755859,1.0651642,9,1137
da02,1706844106285112,7.0653677,0.8217572,1.0714055,8,1138
da02,1706844106385000,7.072257,0.82480949,1.0658287,11,1139
da02,1706844106485049,7.0769978,0.82971609,1.0613213,11,1140
da02,1706844106585030,7.069222,0.82420284,1.0654697,8,1141
da02,1706844106685215,7.0744219,0.82400686,1.061981,10,1142
da02,1706844106785046,7.066514,0.82070088,1.0600833,9,1143
da02,1706844106885094,7.067421,0.82053918,1.061421,9,1144
da02,1706844106985196,7.0612822,0.81692845,1.066889,8,1145
da02,1706844107085588,7.0550609,0.81902981,1.0792921,7,1146
da02,1706844107185048,7.0516553,0.81053293,1.0926992,7,1147
da02,1706844107286037,7.051671,0.81394213,1.0911834,8,1148
da02,1706844107385082,7.0587034,0.80761963,1.0855218,9,1149
da02,1706844107485094,7.0579987,0.79413044,1.0827417,8,1150
da02,1706844107585140,7.0678835,0.80293047,1.0812585,10,1151
da02,1706844107685030,7.0482225,0.80995893,1.0772555,8,1152
da02,1706844107785012,7.0490603,0.81574953,1.080327,8,1153
da02,1706844107885038,7.0438128,0.80691153,1.0788463,7,1154
da02,1706844107985030,7.0579557,0.81626195,1.0781111,10,1155
da02,1706844108085041,7.0530033,0.81599849,1.0728276,8,1156
da02,1706844108185040,7.0686975,0.82393348,1.0666635,12,1157
da02,1706844108285021,7.0588536,0.81719643,1.0672297,8,1158
da02,1706844108385039,7.0529618,0.8140322,1.0690973,8,1159
da02,1706844108485075,7.0660748,0.81263369,1.0752122,10,1160
da02,1706844108585046,7.0704827,0.81797034,1.0654529,11,1161
da02,1706844108685086,7.0563221,0.8164528,1.0634474,8,1162
da02,1706844108785063,7.0568533,0.80908096,1.0596386,9,1163
da02,1706844108885152,7.0692215,0.82205921,1.0583996,11,1164
da02,1706844108985035,7.0675392,0.81886381,1.0724493,8,1165
da02,1706844109086713,7.0585313,0.82615334,1.0703597,8,1166
da02,1706844109185076,7.0702567,0.82285738,1.0727332,10,1167
da02,1706844109285588,7.0645518,0.81868392,1.0750771,8,1168
da02,1706844109385097,7.0659781,0.81676072,1.0757414,9,1169
da02,1706844109484994,7.0726628,0.82323933,1.0773743,10,1170
da02,1706844109585096,7.0785146,0.8240177,1.0758221,10,1171
da02,1706844109685154,7.0713916,0.82673013,1.070613,9,1172
da02,1706844109784998,7.05668,0.8199994,1.0690169,7,1173
da02,1706844109885074,7.0616059,0.81739026,1.071964,9,1174
da02,1706844109985146,7.0630069,0.81539935,1.0747409,9,1175
da02,1706844110085078,7.0624914,0.81650567,1.0767732,9,1176
da02,1706844110185056,7.0559497,0.81983066,1.0870725,8,1177
da02,1706844110285178,7.0489054,0.81449658,1.0814899,8,1178
da02,1706844110385021,7.0637569,0.81448293,1.0873268,10,1179
da02,1706844110485234,7.0707388,0.81407076,1.0824898,10,1180
da02,1706844110585173,7.0748253,0.81374431,1.0791353,10,1181
da02,1706844110685067,7.0682774,0.8171013,1.0789148,8,1182
da02,1706844110785052,7.0714331,0.81635541,1.0794618,9,1183
da02,1706844110885164,7.0688534,0.81500214,1.0758159,9,1184
da02,1706844110985088,7.0622139,0.82176018,1.0767677,8,1185
da02,1706844111085078,7.064847,0.82844162,1.0747795,10,1186
da02,1706844111185078,7.0669122,0.82789254,1.0676917,10,1187
da02,1706844111285023,7.0506878,0.8200475,1.0736586,7,1188
da02,1706844111385041,7.0536809,0.81739473,1.0725117,9,1189
da02,1706844111485050,7.0526762,0.82735217,1.0699642,9,1190
da02,1706844111585078,7.0417376,0.82908058,1.0689268,8,1191
da02,1706844111685035,7.030973,0.82508433,1.0697439,7,1192
da02,1706844111785053,7.0437679,0.82761562,1.0678579,10,1193
da02,1706844111885034,7.04259,0.83417612,1.0732589,8,1194
da02,1706844111985074,7.0560045,0.82545966,1.0819552,9,1195
da02,1706844112085140,7.050992,0.83120757,1.069604,9,1196
da02,1706844112185067,7.0724597,0.81363183,1.072721,11,1197
da02,1706844112285654,7.0649886,0.81623268,1.0767913,8,1198
da02,1706844112385083,7.0691319,0.80444825,1.0781978,9,1199
da02,1706844112485138,7.0737839,0.82074416,1.0741415,10,1200
da02,1706844112585161,7.0549545,0.82002604,1.0664123,7,1201
da02,1706844112685065,7.0688167,0.81380403,1.0643446,11,1202
da02,1706844112785247,7.0745087,0.8158617,1.058416,11,1203
da02,1706844112885122,7.0833683,0.815144,1.0672894,10,1204
da02,1706844112985062,7.0876384,0.81904674,1.0759257,10,1205
da02,1706844113085086,7.0722671,0.81536824,1.0800232,7,1206
da02,1706844113185066,7.063427,0.80888849,1.0900918,7,1207
da02,1706844113285072,7.0623136,0.81877309,1.0818316,9,1208
da02,1706844113385156,7.0590782,0.8328439,1.0784614,9,1209
da02,1706844113485180,7.0567589,0.83548343,1.0885488,8,1210
da02,1706844113585104,7.0571079,0.82785654,1.0798365,9,1211
da02,1706844113685135,7.0509968,0.83813995,1.0750052,9,1212
da02,1706844113785160,7.0668745,0.83412296,1.076401,11,1213
da02,1706844113885060,7.044075,0.8311016,1.0700563,8,1214
da02,1706844113985154,7.0559773,0.82653469,1.0695369,10,1215
da02,1706844114085134,7.0644884,0.82579,1.0612622,11,1216
da02,1706844114185308,7.0746484,0.82938516,1.0567348,11,1217
da02,1706844114285130,7.0700679,0.825831,1.0708019,8,1218
da02,1706844114385227,7.0628772,0.82132471,1.0653038,9,1219
da02,1706844114485115,7.0796704,0.82123309,1.0618662,12,1220
da02,1706844114585162,7.0703554,0.82302248,1.0766386,7,1221
da02,1706844114685178,7.0634923,0.817654,1.0817469,8,1222
da02,1706844114785101,7.0529656,0.81769246,1.0819585,7,1223
da02,1706844114885177,7.0602446,0.82319027,1.077382,10,1224
da02,1706844114985187,7.051981,0.82599187,1.077065,8,1225
da02,1706844115085157,7.0644493,0.83131361,1.0781946,10,1226
da02,1706844115185160,7.0702739,0.83744323,1.0882201,9,1227
da02,1706844115285160,7.0579977,0.83589464,1.0878971,7,1228
da02,1706844115385207,7.0559883,0.83669418,1.0876271,8,1229
da02,1706844115485158,7.0621777,0.83446163,1.0795021,10,1230
da02,1706844115585130,7.0611143,0.82927656,1.0851233,8,1231
da02,1706844115685182,7.0582895,0.833964,1.0862868,8,1232
da02,1706844115785090,7.0562615,0.83189034,1.085326,8,1233
da02,1706844115885132,7.0724959,0.81896895,1.0855639,11,1234
da02,1706844115985308,7.0700917,0.81321448,1.0803962,9,1235
da02,1706844116085234,7.0848393,0.80653453,1.0693754,12,1236
da02,1706844116185158,7.0900931,0.82337368,1.0820411,10,1237
da02,1706844116285189,7.0879712,0.83071584,1.093773,9,1238
da02,1706844116385160,7.0899324,0.83412749,1.0857899,11,1239
da02,1706844116485163,7.0926,0.8333205,1.0822248,10,1240
da02,1706844116585244,7.0901084,0.82591909,1.0785106,10,1241
da02,1706844116685168,7.0693979,0.83058685,1.0788361,8,1242
da02,1706844116785169,7.0672536,0.83019137,1.0729839,9,1243
da02,1706844116885193,7.06727,0.82389659,1.0713705,9,1244
da02,1706844116985173,7.0734134,0.817746,1.0732479,10,1245
da02,1706844117085162,7.0702772,0.81947625,1.0646571,10,1246
da02,1706844117185238,7.0730977,0.83242375,1.0594232,11,1247
da02,1706844117285227,7.074501,0.83828175,1.067082,9,1248
da02,1706844117385787,7.0735021,0.82810962,1.0649191,9,1249
da02,1706844117485212,7.0664697,0.83090162,1.0630898,9,1250
da02,1706844117585178,7.0742908,0.82714874,1.0654458,10,1251
da02,1706844117685214,7.082736,0.83070821,1.0698954,11,1252
da02,1706844117785206,7.0846114,0.82435113,1.0714394,10,1253
da02,1706844117885201,7.0760045,0.824707,1.0703957,9,1254
da02,1706844117985297,7.0714507,0.82535708,1.0717769,9,1255
da02,1706844118085264,7.0763855,0.82892185,1.076776,10,1256
da02,1706844118185220,7.0808377,0.8343159,1.0685804,11,1257
da02,1706844118285240,7.0822153,0.832251,1.0887822,8,1258
da02,1706844118385309,7.0906014,0.83494395,1.0858191,11,1259
da02,1706844118485220,7.0860782,0.84164393,1.0864891,9,1260
da02,1706844118585228,7.086256,0.83326977,1.096941,9,1261
da02,1706844118685256,7.0786738,0.69551265,1.0609308,70,1262
da02,1706844118785270,7.0599465,0.74019164,1.0696549,8,1263
da02,1706844118885252,7.0567031,0.76225811,1.0821792,7,1264
da02,1706844118985255,7.06976,0.76745117,1.0816197,10,1265
da02,1706844119085266,7.0663176,0.78622,1.072656,10,1266
da02,1706844119185240,7.0726886,0.79180461,1.0636007,11,1267
da02,1706844119285222,7.0717864,0.79135722,1.0643452,9,1268
da02,1706844119385224,7.0805993,0.79526615,1.0689218,10,1269
da02,1706844119485225,7.0821562,0.80414981,1.0666058,10,1270
da02,1706844119585264,7.0741591,0.80958843,1.0629828,9,1271
da02,1706844119685223,7.0865908,0.81050366,1.0661526,11,1272
da02,1706844119785218,7.07758,0.80870974,1.0646641,9,1273
da02,1706844119885223,7.0776649,0.80971348,1.0625418,10,1274
da02,1706844119985222,7.0727878,0.808529,1.0603313,9,1275
da02,1706844120085241,7.09006,0.81760937,1.0656792,12,1276
da02,1706844120185226,7.0683374,0.81652933,1.0631937,7,1277
da02,1706844120285859,7.0600386,0.8157773,1.0667756,8,1278
da02,1706844120385239,7.0656013,0.81722981,1.0721229,9,1279
da02,1706844120485213,7.0583849,0.81478769,1.0779649,7,1280
da02,1706844120585225,7.0625544,0.81048656,1.0765754,9,1281
da02,1706844120685222,7.077498,0.81041527,1.0787127,11,1282
da02,1706844120785214,7.0640416,0.82383138,1.0820203,8,1283
da02,1706844120885236,7.0555725,0.8269034,1.0753975,8,1284
da02,1706844120985295,7.0649967,0.82303321,1.0708199,10,1285
da02,1706844121085342,7.0561128,0.81311077,1.080698,7,1286
da02,1706844121185239,7.0568633,0.81964004,1.0816439,9,1287
da02,1706844121285282,7.0606508,0.81373459,1.0806667,9,1288
da02,1706844121385249,7.0565929,0.81149411,1.0747949,9,1289
da02,1706844121485297,7.0567842,0.82218528,1.073478,9,1290
da02,1706844121585316,7.0685267,0.82249546,1.0747331,10,1291
da02,1706844121685266,7.0719514,0.82455456,1.0712388,10,1292
da02,1706844121785276,7.0657058,0.82677418,1.064725,9,1293
da02,1706844121885236,7.0782557,0.82860142,1.067046,11,1294
da02,1706844121985243,7.0815668,0.82804859,1.0645683,10,1295
da02,1706844122085236,7.0787468,0.82380611,1.0640776,9,1296
da02,1706844122185236,7.0799766,0.826254,1.0684445,10,1297
da02,1706844122285220,7.0805368,0.82620674,1.0737354,9,1298
da02,1706844122385741,7.0826154,0.81796503,1.0760008,10,1299
da02,1706844122485238,7.0729032,0.82475442,1.074518,9,1300
da02,1706844122585292,7.0723147,0.81682,1.0739266,9,1301
da02,1706844122685239,7.0661507,0.810828,1.0673671,9,1302
da02,1706844122785243,7.0768552,0.80617887,1.059912,11,1303
da02,1706844122885226,7.0672708,0.80277008,1.0650084,8,1304
da02,1706844122985248,7.0667682,0.8103894,1.074073,9,1305
da02,1706844123085228,7.0736175,0.79714143,1.0620389,11,1306
da02,1706844123185251,7.0868468,0.809415,1.0628843,12,1307
da02,1706844123285231,7.07121,0.813057,1.0630181,8,1308
da02,1706844123385323,7.0602651,0.81385511,1.076274,8,1309
da02,1706844123485237,7.0711188,0.8173672,1.0771902,10,1310
da02,1706844123585240,7.0636525,0.81607062,1.0742294,8,1311
da02,1706844123685250,7.05682,0.82068557,1.0740975,8,1312
da02,1706844123785252,7.0602336,0.81489283,1.0739567,9,1313
da02,1706844123885244,7.0503311,0.8035965,1.0788436,7,1314
da02,1706844123985325,7.0452838,0.81277931,1.0809861,8,1315
da02,1706844124085318,7.0505285,0.82661724,1.0710829,10,1316
da02,1706844124185288,7.0576577,0.82952207,1.0667661,10,1317
da02,1706844124285330,7.0638108,0.82867795,1.0686872,10,1318
da02,1706844124385374,7.0682349,0.84039205,1.0666146,10,1319
da02,1706844124486858,7.0656524,0.83485913,1.0720171,8,1320
da02,1706844124585323,7.0566449,0.84406614,1.074679,8,1321
da02,1706844124685244,7.0505452,0.833776,1.0798311,7,1322
da02,1706844124785262,7.0549612,0.83629,1.0807875,9,1323
da02,1706844124885410,7.0561709,0.82353973,1.0888225,8,1324
da02,1706844124985291,7.0601053,0.81898111,1.075425,10,1325
da02,1706844125085265,7.0527563,0.81537867,1.0717543,8,1326
da02,1706844125185276,7.0490351,0.81978935,1.0732875,8,1327
da02,1706844125285267,7.0473504,0.82535058,1.0748714,8,1328
da02,1706844125385285,7.0598974,0.82520819,1.0787807,10,1329
da02,1706844125485267,7.0580754,0.83472514,1.0737039,9,1330
da02,1706844125585322,7.0583715,0.83361441,1.075668,9,1331
da02,1706844125685300,7.0472059,0.83034313,1.0870624,8,1332
da02,1706844125785289,7.0519934,0.83738869,1.0939071,9,1333
da02,1706844125885284,7.04697,0.83441794,1.0884323,8,1334
da02,1706844125985257,7.0586319,0.84735364,1.0803223,11,1335
da02,1706844126085295,7.0681095,0.83539414,1.0721536,11,1336
da02,1706844126185264,7.0644155,0.831175,1.0651,9,1337
da02,1706844126288613,7.0654545,0.82874638,1.0679208,9,1338
da02,1706844126385300,7.0631461,0.82873845,1.0726693,9,1339
da02,1706844126485274,7.0559921,0.83288229,1.0650204,9,1340
da02,1706844126585261,7.0411491,0.83507615,1.0641254,8,1341
da02,1706844126685284,7.0376697,0.83381993,1.0629605,8,1342
da02,1706844126785268,7.0510473,0.83413625,1.073594,9,1343
da02,1706844126885262,7.0540032,0.82464296,1.0638781,10,1344
da02,1706844126985277,7.0583158,0.82983291,1.0674902,9,1345
da02,1706844127085331,7.0495396,0.82198161,1.0671066,8,1346
da02,1706844127185276,7.0471525,0.8154127,1.0642275,8,1347
da02,1706844127285296,7.04001,0.81223619,1.0729147,7,1348
da02,1706844127385714,7.0471539,0.81459969,1.0662178,10,1349
da02,1706844127485301,7.046195,0.82885617,1.0770735,8,1350
da02,1706844127585362,7.0441866,0.82541561,1.0758393,8,1351
da02,1706844127685314,7.0408754,0.8168062,1.0748136,8,1352
da02,1706844127785312,7.046772,0.80894482,1.0802592,8,1353
da02,1706844127885277,7.0684161,0.80897611,1.0707295,12,1354
da02,1706844127985310,7.052331,0.82080317,1.0793086,8,1355
da02,1706844128085282,7.0541573,0.81759208,1.0743024,9,1356
da02,1706844128185280,7.065455,0.81681287,1.0711313,11,1357
da02,1706844128285268,7.0578561,0.81713843,1.06929,8,1358
da02,1706844128385275,7.049437,0.8210339,1.076158,8,1359
da02,1706844128485276,7.0502663,0.82936245,1.0709925,9,1360
da02,1706844128585312,7.0572519,0.81954563,1.0731022,9,1361
da02,1706844128685286,7.0597682,0.81591225,1.0714592,9,1362
da02,1706844128785284,7.0714989,0.82163632,1.0616635,12,1363
da02,1706844128885260,7.0682616,0.83498448,1.0665637,9,1364
da02,1706844128985289,7.076642,0.84039575,1.0597087,11,1365
da02,1706844129085330,7.0795393,0.8398577,1.0614685,10,1366
da02,1706844129185283,7.075583,0.8397457,1.0631375,9,1367
da02,1706844129285268,7.0751905,0.84605145,1.0632993,10,1368
da02,1706844129385294,7.0645514,0.85285592,1.0667937,8,1369
da02,1706844129485278,7.0629845,0.8386656,1.0590611,9,1370
da02,1706844129585276,7.0556645,0.83047521,1.0695202,7,1371
da02,1706844129685286,7.047915,0.823177,1.0776229,7,1372
da02,1706844129785280,7.0411329,0.83081323,1.0779822,8,1373
da02,1706844129885302,7.0455151,0.81644684,1.0732998,9,1374
da02,1706844129985295,7.034164,0.81638384,1.0706198,7,1375
da02,1706844130085326,7.0295682,0.80815858,1.0625206,8,1376
da02,1706844130185344,7.0475087,0.80261725,1.0612725,10,1377
da02,1706844130285354,7.0367713,0.80824,1.0658047,8,1378
da02,1706844130385338,7.0384669,0.82077593,1.0717964,8,1379
da02,1706844130485306,7.0395484,0.8182283,1.075024,8,1380
da02,1706844130585274,7.0405235,0.82945645,1.07147,9,1381
da02,1706844130685306,7.0406446,0.82845622,1.0786113,8,1382
da02,1706844130785296,7.0341778,0.83398426,1.0814316,8,1383
da02,1706844130885298,7.0445318,0.83904016,1.0887305,9,1384
da02,1706844130985296,7.0443907,0.83715266,1.0905737,8,1385
da02,1706844131085304,7.0572143,0.84122574,1.0803434,11,1386
da02,1706844131185292,7.0684104,0.84050572,1.0799177,10,1387
da02,1706844131286219,7.0651827,0.8487103,1.0854102,9,1388
da02,1706844131385322,7.0601463,0.85086578,1.0761334,9,1389
da02,1706844131485316,7.0783739,0.84261763,1.07586,11,1390
da02,1706844131585385,7.07171,0.8380056,1.078554,8,1391
da02,1706844131685314,7.0662184,0.84162647,1.0817333,8,1392
da02,1706844131785340,7.0583272,0.84127569,1.090485,8,1393
da02,1706844131885336,7.06093,0.8341037,1.0824668,9,1394
da02,1706844131985305,7.0690374,0.82733786,1.0720077,11,1395
da02,1706844132085306,7.0619411,0.83254242,1.0694325,9,1396
da02,1706844132185314,7.0636239,0.82751167,1.0742469,9,1397
da02,1706844132285726,7.0599127,0.825186,1.0745306,8,1398
da02,1706844132385738,7.0471478,0.82749575,1.0685505,8,1399
da02,1706844132485293,7.0471869,0.82442886,1.0688554,8,1400
da02,1706844132585316,7.0593171,0.83049893,1.0712569,10,1401
da02,1706844132685321,7.0516658,0.831052,1.0811436,8,1402
da02,1706844132785315,7.0521135,0.66075414,1.0587535,71,1403
da02,1706844132885347,7.0510988,0.71129256,1.0665896,8,1404
da02,1706844132985350,7.0588956,0.7377336,1.0754169,9,1405
da02,1706844133085472,7.0535831,0.76488155,1.0809487,8,1406
da02,1706844133185348,7.0573387,0.77675426,1.0866792,8,1407
da02,1706844133285359,7.0604825,0.78977662,1.0896728,9,1408
da02,1706844133385312,7.0705953,0.79560006,1.0799407,11,1409
da02,1706844133485307,7.0680423,0.80963212,1.068058,10,1410
da02,1706844133585317,7.07439,0.80785972,1.060856,11,1411
da02,1706844133685300,7.075974,0.8128069,1.0632052,10,1412
da02,1706844133785321,7.0802288,0.81353343,1.0733751,9,1413
da02,1706844133885319,7.0708728,0.812818,1.072415,8,1414
da02,1706844133985318,7.0599442,0.81824636,1.0695387,8,1415
da02,1706844134085318,7.0808644,0.82117373,1.0725435,12,1416
da02,1706844134185313,7.0682168,0.82375479,1.0717249,8,1417
da02,1706844134285317,7.0695491,0.81760871,1.0670722,10,1418
da02,1706844134385319,7.0605044,0.82030129,1.0735185,8,1419
da02,1706844134485332,7.057477,0.82535028,1.0796033,8,1420
da02,1706844134585352,7.0564218,0.824681,1.0824101,8,1421
da02,1706844134685321,7.0512829,0.83378583,1.0901015,8,1422
da02,1706844134785315,7.0567951,0.82620704,1.0925468,9,1423
da02,1706844134885324,7.057838,0.82466418,1.0825545,9,1424
da02,1706844134985357,7.0551934,0.8223685,1.0717927,9,1425
da02,1706844135085382,7.0581646,0.82024056,1.0787613,9,1426
da02,1706844135185370,7.064467,0.82577908,1.087796,9,1427
da02,1706844135285324,7.0683379,0.83855492,1.0836982,10,1428
da02,1706844135385351,7.0702243,0.83800721,1.0889363,9,1429
da02,1706844135485165,7.0557127,0.6935721,1.0585704,70,1430
da02,1706844135585159,7.0559177,0.72289765,1.0604348,9,1431
da02,1706844135685166,7.0793948,0.75044364,1.0631143,12,1432
da02,1706844135785158,7.0854712,0.77098036,1.0601255,11,1433
da02,1706844135885136,7.0930471,0.79025716,1.0496055,12,1434
da02,1706844135985172,7.073617,0.79641145,1.052959,7,1435
da02,1706844136085253,7.0768971,0.80496055,1.0622061,10,1436
da02,1706844136185172,7.0775137,0.807624,1.0658802,9,1437
da02,1706844136285296,7.0836654,0.81421238,1.0649248,11,1438
da02,1706844136385563,7.0826449,0.80892837,1.0737319,9,1439
da02,1706844136485196,7.0813189,0.8188349,1.0722227,10,0
da02,1706844136585194,7.0797548,0.81352192,1.0722687,9,1
da02,1706844136685262,7.082356,0.80807722,1.0835229,9,2
da02,1706844136785220,7.078083,0.8155331,1.0807258,9,3
da02,1706844136885257,7.080976,0.82192725,1.0824372,10,4
da02,1706844136985295,7.0697155,0.83070105,1.0782928,8,5
da02,1706844137085396,7.0743847,0.83038,1.070906,10,6
da02,1706844137185204,7.0706215,0.82923615,1.0732077,9,7
da02,1706844137285226,7.072319,0.83294868,1.0714618,10,8
da02,1706844137385316,7.0649738,0.82511246,1.0740684,8,9
da02,1706844137485187,7.0663495,0.81821305,1.0739348,9,10
da02,1706844137585276,7.0656986,0.82246792,1.064557,10,11
da02,1706844137685348,7.0641251,0.82218206,1.0680865,9,12
da02,1706844137785230,7.0608158,0.81067479,1.075405,8,13
da02,1706844137885260,7.0706739,0.8201766,1.0796926,10,14
da02,1706844137985170,7.0666785,0.82271296,1.0766547,9,15
da02,1706844138085248,7.0666957,0.82728219,1.0731956,10,16
da02,1706844138185246,7.0675387,0.82659596,1.0716121,9,17
da02,1706844138285320,7.0555563,0.82600439,1.0622873,8,18
da02,1706844138385225,7.0694389,0.83253735,1.0593842,11,19
da02,1706844138485255,7.0707278,0.83170557,1.0575494,10,20
da02,1706844138585259,7.0798082,0.82783836,1.0532209,11,21
da02,1706844138685292,7.0630317,0.83743536,1.0472327,9,22
da02,1706844138785212,7.0544949,0.83403522,1.0585799,7,23
da02,1706844138885260,7.0699377,0.82844704,1.0606508,11,24
da02,1706844138985230,7.0661235,0.82888889,1.0661685,9,25
da02,1706844139085284,7.0647435,0.83227587,1.0645689,9,26
da02,1706844139185236,7.0611768,0.8261627,1.0638251,9,27
da02,1706844139285260,7.0622473,0.8258059,1.0573077,10,28
da02,1706844139385233,7.0604048,0.82239681,1.0698214,8,29
da02,1706844139485245,7.0546765,0.83067364,1.0698757,8,30
da02,1706844139585225,7.0597048,0.82575452,1.0753455,9,31
da02,1706844139685263,7.0661507,0.82406527,1.065537,11,32
da02,1706844139785274,7.0656357,0.82113683,1.071612,9,33
da02,1706844139886863,7.0619698,0.83316755,1.0676584,9,34
da02,1706844139985257,7.0536814,0.83092415,1.0625055,8,35
da02,1706844140085260,7.0454578,0.83662361,1.0666442,8,36
da02,1706844140185241,7.0512414,0.8328585,1.0652936,9,37
da02,1706844140285245,7.0545626,0.82099116,1.0693349,9,38
da02,1706844140385280,7.0435238,0.8250497,1.0698627,8,39
da02,1706844140485312,7.038877,0.83572131,1.0615629,9,40
da02,1706844140585329,7.0271926,0.83820766,1.0736899,8,41
da02,1706844140685221,7.0298219,0.83918047,1.0716686,8,42
da02,1706844140785226,7.045517,0.84243816,1.0599301,11,43
da02,1706844140885250,7.0535197,0.837188,1.0748682,9,44
da02,1706844140985234,7.0542827,0.82954711,1.0647571,10,45
da02,1706844141085237,7.06396,0.82608855,1.0745391,9,46
da02,1706844141185186,7.0625968,0.81400943,1.0786072,8,47
da02,1706844141285226,7.0804839,0.8247456,1.0707178,12,48
da02,1706844141385310,7.0714345,0.82081836,1.0790648,8,49
da02,1706844141485216,7.0639005,0.81749576,1.0828708,8,50
da02,1706844141585192,7.0521259,0.81752229,1.0907373,8,51
da02,1706844141685241,7.0552626,0.80723631,1.0877379,9,52
da02,1706844141785212,7.0559049,0.81111234,1.088219,8,53
da02,1706844141885234,7.0548062,0.81779104,1.0813187,9,54
da02,1706844141985245,7.04829,0.82156521,1.0810634,8,55
da02,1706844142085328,7.0507007,0.82075995,1.0790607,9,56
da02,1706844142185257,7.0541973,0.831926,1.0644401,11,57
da02,1706844142285820,7.0654931,0.82759011,1.0599663,11,58
da02,1706844142385479,7.0678391,0.82347935,1.0603455,10,59
da02,1706844142485245,7.0687943,0.82109064,1.0698895,9,60
da02,1706844142585272,7.0817232,0.82321876,1.074077,11,61
da02,1706844142685238,7.0806646,0.82632029,1.0600607,11,62
da02,1706844142785230,7.0789337,0.81613511,1.0610676,9,63
da02,1706844142885464,7.0633183,0.82108122,1.060593,8,64
da02,1706844142985354,7.0692053,0.82236457,1.0637813,10,65
da02,1706844143085412,7.064919,0.81728715,1.0563835,9,66
da02,1706844143185294,7.0479808,0.81658989,1.0630993,8,67
da02,1706844143285357,7.0619383,0.818321,1.0631714,11,68
da02,1706844143385383,7.0612955,0.81905246,1.0708435,8,69
da02,1706844143485392,7.0570583,0.81660628,1.0677764,9,70
da02,1706844143585387,7.0594411,0.82497579,1.063481,10,71
da02,1706844143685384,7.0593238,0.8308385,1.0618736,9,72
da02,1706844143785351,7.0582385,0.82622474,1.0618646,9,73
da02,1706844143885396,7.0544047,0.82005566,1.0706664,8,74
da02,1706844143985349,7.0478621,0.83107829,1.0756793,8,75
da02,1706844144085500,7.0629687,0.83030194,1.0764778,11,76
da02,1706844144185335,7.0745921,0.83493173,1.0799609,11,77
da02,1706844144285380,7.0782461,0.820016,1.0755395,10,78
da02,1706844144385430,7.064261,0.82810116,1.0736527,8,79
da02,1706844144485380,7.0626984,0.82456666,1.0693638,9,80
da02,1706844144585464,7.070323,0.82240295,1.0666462,10,81
da02,1706844144685395,7.0600362,0.81829679,1.0679138,8,82
da02,1706844144785335,7.0624285,0.82653761,1.0736412,9,83
da02,1706844144885380,7.075099,0.82469594,1.070196,11,84
da02,1706844144985345,7.0762644,0.8168292,1.0663538,10,85
da02,1706844145085597,7.0693135,0.82171911,1.0624664,9,86
da02,1706844145185353,7.0717249,0.82700652,1.0568873,10,87
da02,1706844145285405,7.056541,0.82058549,1.0576776,7,88
da02,1706844145385340,7.0585761,0.83266681,1.0715847,9,89
da02,1706844145485370,7.0618811,0.82687378,1.074172,9,90
da02,1706844145585355,7.06152,0.83293641,1.07891,9,91
da02,1706844145685410,7.0524893,0.83695555,1.0897346,8,92
da02,1706844145785367,7.0433397,0.84666497,1.0931034,8,93
da02,1706844145885440,7.0454288,0.84113145,1.0801203,9,94
da02,1706844145985376,7.0537605,0.84487748,1.0750109,10,95
da02,1706844146085428,7.0612369,0.84205753,1.0766444,10,96
da02,1706844146185380,7.0706964,0.83850169,1.0777366,10,97
da02,1706844146285419,7.0676622,0.82332724,1.0772245,8,98
da02,1706844146385434,7.0628695,0.82536805,1.0854577,8,99
da02,1706844146485409,7.0494552,0.82310766,1.0791129,7,100
da02,1706844146585414,7.0615287,0.82251328,1.0665101,11,101
da02,1706844146685408,7.0704141,0.8321901,1.056528,11,102
da02,1706844146785352,7.0706635,0.83328861,1.0574547,10,103
da02,1706844146885423,7.0628424,0.83290988,1.0560175,9,104
da02,1706844146985520,7.0667639,0.842018,1.0618573,10,105
da02,1706844147085422,7.0583978,0.83972687,1.0699725,8,106
da02,1706844147185336,7.0685706,0.83792531,1.0655346,11,107
da02,1706844147285390,7.0702038,0.82788521,1.0597109,10,108
da02,1706844147385491,7.0677805,0.83257926,1.0676912,9,109
da02,1706844147485835,7.07487,0.82763016,1.0750545,10,110
da02,1706844147585367,7.0824733,0.82734555,1.0735464,11,111
da02,1706844147685388,7.0963316,0.82391751,1.0657947,12,112
da02,1706844147785332,7.101294,0.82312483,1.0630002,11,113
da02,1706844147886147,7.0900693,0.82114583,1.0716968,8,114
da02,1706844147985393,7.0861263,0.82760364,1.0720241,10,115
da02,1706844148085610,7.0801873,0.82754654,1.0727102,9,116
da02,1706844148185367,7.08374,0.82871962,1.0754195,10,117
da02,1706844148285566,7.0771761,0.83290881,1.0694153,9,118
da02,1706844148385414,7.0772476,0.83466125,1.0606915,10,119
da02,1706844148485453,7.0776172,0.83882266,1.0714644,9,120
da02,1706844148585384,7.0632906,0.8492735,1.0718215,8,121
da02,1706844148685444,7.0747037,0.83384782,1.0704273,11,122
da02,1706844148785386,7.0785685,0.82782811,1.0721898,10,123
da02,1706844148885410,7.0883188,0.82564467,1.0763955,11,124
da02,1706844148985364,7.0851774,0.82719189,1.0907127,8,125
da02,1706844149085418,7.073915,0.81703031,1.0888132,8,126
da02,1706844149185384,7.0736713,0.82151282,1.0865064,9,127
da02,1706844149285421,7.0927119,0.82669681,1.0758619,13,128
da02,1706844149385456,7.0817595,0.82231158,1.0788254,8,129
da02,1706844149485404,7.0730367,0.82725906,1.0787289,8,130
da02,1706844149585453,7.0768576,0.82891852,1.0715916,10,131
da02,1706844149685415,7.0754056,0.83642036,1.0705929,10,132
da02,1706844149785360,7.0713143,0.83823931,1.0744337,9,133
da02,1706844149885410,7.0714812,0.82888043,1.0642896,10,134
da02,1706844149985370,7.0673175,0.82697451,1.0681759,9,135
da02,1706844150085418,7.05734,0.82546985,1.0690775,8,136
da02,1706844150185378,7.0678864,0.82050115,1.0627481,11,137
da02,1706844150285414,7.0729461,0.82489008,1.0713315,10,138
da02,1706844150385469,7.0868177,0.82311821,1.0725126,11,139
da02,1706844150485420,7.0855803,0.83064795,1.0676121,10,140
da02,1706844150585358,7.0865631,0.83549529,1.073343,10,141
da02,1706844150685431,7.0978217,0.83148462,1.0689479,12,142
da02,1706844150785394,7.0969219,0.83164495,1.0801897,9,143
da02,1706844150885454,7.0808311,0.81997651,1.0787815,8,144
da02,1706844150985412,7.0742126,0.82698214,1.0850484,8,145
da02,1706844151085555,7.0734906,0.83047026,1.083,9,146
da02,1706844151185420,7.074913,0.83014131,1.0787643,10,147
da02,1706844151285420,7.0794473,0.82882625,1.0744064,10,148
da02,1706844151385371,7.077384,0.8341192,1.0719612,10,149
da02,1706844151485406,7.08309,0.84004629,1.0702703,11,150
da02,1706844151585379,7.0863166,0.83774233,1.0708543,10,151
da02,1706844151685425,7.0793996,0.84492266,1.0650949,10,152
da02,1706844151785393,7.0821028,0.836154,1.0644141,10,153
da02,1706844151885444,7.0766134,0.84446436,1.0616847,10,154
da02,1706844151985373,7.066926,0.8415783,1.069541,8,155
da02,1706844152085432,7.0699635,0.83729845,1.079688,9,156
da02,1706844152185378,7.0617118,0.82309407,1.0929528,7,157
da02,1706844152285458,7.057003,0.81886542,1.0867471,8,158
da02,1706844152385430,7.0494695,0.82725489,1.0817543,8,159
da02,1706844152486122,7.0444107,0.84290528,1.0758864,9,160
da02,1706844152585500,7.044034,0.83256608,1.0811828,8,161
da02,1706844152685393,7.0624585,0.82809269,1.0790082,11,162
da02,1706844152785348,7.0655007,0.82719678,1.0794773,9,163
da02,1706844152885391,7.06733,0.83143759,1.0726563,10,164
da02,1706844152985336,7.0701938,0.83415979,1.0834998,9,165
da02,1706844153085410,7.0643954,0.83388335,1.0853053,8,166
da02,1706844153185326,7.0699954,0.83308554,1.0826762,10,167
da02,1706844153285894,7.0806651,0.8363204,1.0791371,11,168
da02,1706844153385458,7.0813532,0.84021121,1.0698453,11,169
da02,1706844153485415,7.0781937,0.8332811,1.0707682,9,170
da02,1706844153585354,7.0797777,0.84416169,1.0744547,10,171
da02,1706844153685404,7.0766721,0.83323252,1.0759064,9,172
da02,1706844153785363,7.0829854,0.83449036,1.0803798,10,173
da02,1706844153885401,7.079226,0.84014726,1.0861275,9,174
da02,1706844153985404,7.0684586,0.84092748,1.0913794,8,175
da02,1706844154085542,7.0531244,0.84407651,1.0892316,8,176
da02,1706844154185330,7.0580292,0.84521532,1.0803378,10,177
da02,1706844154285391,7.0530081,0.84104741,1.0793623,8,178
da02,1706844154385353,7.0530224,0.83986354,1.0757225,9,179
da02,1706844154485464,7.0598469,0.84237266,1.0799816,9,180
da02,1706844154585287,7.0627975,0.8363955,1.0811809,9,181
da02,1706844154685394,7.0546846,0.83405107,1.077842,8,182
da02,1706844154785418,7.0570645,0.82752174,1.0766981,9,183
da02,1706844154885380,7.0477562,0.824411,1.0691816,8,184
da02,1706844154985339,7.053309,0.8255378,1.0727515,9,185
da02,1706844155085498,7.0541148,0.82187194,1.0710708,9,186
da02,1706844155185363,7.0606771,0.82890522,1.0726935,10,187
da02,1706844155286942,7.0600286,0.82404661,1.0682936,9,188
da02,1706844155385444,7.0696621,0.83167267,1.0774834,10,189
da02,1706844155485357,7.072763,0.83375144,1.0664686,11,190
da02,1706844155586634,7.0846548,0.83838278,1.0620035,12,191
da02,1706844155685468,7.0892668,0.8446905,1.0694479,10,192
da02,1706844155785338,7.0835357,0.84928405,1.0772588,9,193
da02,1706844155885362,7.0885224,0.8484664,1.071821,11,194
da02,1706844155985350,7.0801258,0.83940387,1.0769054,8,195
da02,1706844156085364,7.0708385,0.82881689,1.081596,8,196
da02,1706844156185297,7.0601511,0.83984333,1.0884713,8,197
da02,1706844156285370,7.0594888,0.84121382,1.0829958,9,198
da02,1706844156385454,7.0685377,0.8442716,1.0746601,11,199
da02,1706844156485430,7.0746565,0.83826238,1.0785347,10,200
da02,1706844156585385,7.0730133,0.84191746,1.0767574,9,201
da02,1706844156685412,7.066586,0.83524519,1.0750105,8,202
da02,1706844156785369,7.0613966,0.82949591,1.0723,9,203
da02,1706844156885470,7.0622177,0.83934969,1.0825515,9,204
da02,1706844156985357,7.0616813,0.84797531,1.0756651,10,205
da02,1706844157087984,7.0556965,0.845426,1.0689915,9,206
da02,1706844157185376,7.0477262,0.8468197,1.0659804,8,207
da02,1706844157285408,7.0517769,0.8416093,1.0654365,9,208
da02,1706844157385421,7.0567374,0.83702689,1.0592828,10,209
da02,1706844157485365,7.0493245,0.83752245,1.0600529,8,210
da02,1706844157585355,7.0476003,0.83644539,1.0604168,9,211
da02,1706844157685359,7.0486522,0.83227962,1.0628182,9,212
da02,1706844157785336,7.0538545,0.83925372,1.0705715,9,213
da02,1706844157885386,7.0556693,0.83217585,1.0691482,9,214
da02,1706844157985328,7.0517759,0.84500891,1.0779538,8,215
da02,1706844158085354,7.0464549,0.8382687,1.0747067,8,216
da02,1706844158185366,7.0468531,0.8423686,1.0626166,10,217
da02,1706844158285356,7.0359554,0.83502126,1.0723152,8,218
da02,1706844158385339,7.0439606,0.84068412,1.0648812,10,219
da02,1706844158485361,7.041698,0.83723366,1.0729229,8,220
da02,1706844158588040,7.0567193,0.84204066,1.068256,11,221
da02,1706844158685364,7.0585823,0.83236426,1.0767367,8,222
da02,1706844158785491,7.0691414,0.82863796,1.0743613,10,223
da02,1706844158885485,7.0644331,0.82450408,1.0829071,8,224
da02,1706844158985715,7.0722461,0.83173931,1.0745935,11,225
da02,1706844159085415,7.0704041,0.83893996,1.0682871,10,226
da02,1706844159185466,7.0608115,0.8312,1.0564579,9,227
da02,1706844159285419,7.0870061,0.82461745,1.0620955,12,228
da02,1706844159385397,7.0868726,0.83178967,1.0595254,11,229
da02,1706844159485426,7.0853615,0.82849246,1.0652761,9,230
da02,1706844159585542,7.0715075,0.83375514,1.0639358,8,231
da02,1706844159685397,7.0731406,0.8262279,1.0650715,10,232
da02,1706844159785368,7.0608454,0.83018464,1.0623066,8,233
da02,1706844159885399,7.0550838,0.83201236,1.0665667,8,234
da02,1706844159985361,7.0549,0.83614129,1.0606859,10,235
da02,1706844160085532,7.0589013,0.84406638,1.0631653,10,236
da02,1706844160185459,7.0592675,0.84694564,1.0710303,9,237
da02,1706844160285382,7.0600266,0.84320176,1.068536,9,238
da02,1706844160385358,7.0586271,0.84328538,1.076991,8,239
da02,1706844160485402,7.05456,0.8418287,1.0810881,8,240
da02,1706844160585383,7.0591793,0.83902019,1.0765611,10,241
da02,1706844160685385,7.0721707,0.84000337,1.0769157,11,242
da02,1706844160785388,7.0882573,0.83039278,1.0699819,12,243
da02,1706844160885399,7.0855951,0.83053344,1.0604004,10,244
da02,1706844160985356,7.0938463,0.83854169,1.0609214,12,245
da02,1706844161085550,7.1009469,0.836004,1.0570848,12,246
da02,1706844161185479,7.0908184,0.8398881,1.0547,10,247
da02,1706844161285479,7.0820789,0.84268022,1.0645971,9,248
da02,1706844161385400,7.0841489,0.83222526,1.0633442,10,249
da02,1706844161485524,7.2292666,0.69375747,1.4085618,72,250
da02,1706844161585758,7.1800442,0.74095786,1.3188822,9,251
da02,1706844161685427,7.1530004,0.75696981,1.259293,9,252
da02,1706844161785399,7.1227212,0.77405792,1.2200835,7,253
da02,1706844161885490,7.1064696,0.7884897,1.1844046,9,254
da02,1706844161985402,7.0885072,0.80255771,1.1640394,8,255
da02,1706844162085430,7.0818877,0.81334847,1.1318121,10,256
da02,1706844162185404,7.0771356,0.80899912,1.1150824,9,257
da02,1706844162285440,7.0666261,0.81018806,1.0981135,9,258
da02,1706844162385385,7.062623,0.80732679,1.0920703,8,259
da02,1706844162485432,7.0767126,0.81440836,1.0862434,11,260
da02,1706844162585496,7.079433,0.80612594,1.079536,10,261
da02,1706844162685482,7.1005912,0.81073207,1.068493,13,262
da02,1706844162785430,7.0930886,0.80634707,1.0618665,10,263
da02,1706844162885520,7.0827041,0.8131355,1.0574063,9,264
da02,1706844162985406,7.066658,0.81166738,1.0643467,7,265
da02,1706844163089329,7.0861588,0.8214348,1.0753311,11,266
da02,1706844163185546,7.0761485,0.81464142,1.0711489,9,267
da02,1706844163285490,7.0728879,0.80661184,1.0647929,9,268
da02,1706844163385398,7.070323,0.80729854,1.0696493,9,269
da02,1706844163485520,7.0617504,0.81854582,1.07595,8,270
da02,1706844163585391,7.05911,0.82787752,1.0697917,9,271
da02,1706844163685452,7.0717287,0.82974857,1.0776306,10,272
da02,1706844163785542,7.0777078,0.83446467,1.0816334,10,273
da02,1706844163885442,7.0809779,0.84365326,1.0753989,11,274
da02,1706844163985392,7.0726104,0.83315772,1.0767252,8,275
da02,1706844164085640,7.0591216,0.82442182,1.0819359,7,276
da02,1706844164185424,7.0690536,0.82749319,1.086225,10,277
da02,1706844164285994,7.0769691,0.82725209,1.0784154,11,278
da02,1706844164385403,7.0647168,0.81671,1.07019,8,279
da02,1706844164485520,7.0733747,0.81615132,1.068047,11,280
da02,1706844164585645,7.0760665,0.81387258,1.0579723,11,281
da02,1706844164685471,7.060101,0.81379819,1.053005,8,282
da02,1706844164785442,7.0572515,0.81500047,1.0472517,9,283
da02,1706844164885427,7.05659,0.8199842,1.048896,9,284
da02,1706844164985484,7.0654545,0.81257778,1.0519316,10,285
da02,1706844165085454,7.0613217,0.81174171,1.0570854,8,286
da02,1706844165185405,7.0609784,0.80513662,1.0634668,8,287
da02,1706844165285517,7.0629673,0.80360609,1.0649339,9,288
da02,1706844165385414,7.0566878,0.8097856,1.0792427,8,289
da02,1706844165485458,7.0491648,0.82383704,1.0734407,8,290
da02,1706844165585514,7.054749,0.82247043,1.0838716,8,291
da02,1706844165685451,7.0627966,0.82228643,1.0808818,10,292
da02,1706844165785468,7.08304,0.82196593,1.0803317,12,293
da02,1706844165885920,7.0832872,0.81927359,1.0788425,10,294
da02,1706844165985473,7.0900106,0.8177883,1.0675315,11,295
da02,1706844166085415,7.0930085,0.8241452,1.0593401,11,296
da02,1706844166185475,7.0791168,0.82988989,1.049902,9,297
da02,1706844166285484,7.0729923,0.83111733,1.0546738,9,298
da02,1706844166385437,7.0760627,0.83141625,1.0548712,10,299
da02,1706844166485469,7.0779219,0.83537495,1.0550606,10,300
da02,1706844166585452,7.0689845,0.83823055,1.0539714,9,301
da02,1706844166685506,7.0704188,0.83376884,1.0490072,10,302
da02,1706844166785446,7.0790458,0.83639884,1.0592538,10,303
da02,1706844166885462,7.07024,0.83740669,1.0692023,8,304
da02,1706844166985522,7.0678134,0.83974814,1.0710065,9,305
da02,1706844167085521,7.0689363,0.846588,1.0568017,11,306
da02,1706844167185517,7.0673652,0.83735758,1.0523162,10,307
da02,1706844167285415,7.0741591,0.832705,1.0628288,10,308
da02,1706844167385474,7.0700088,0.83242422,1.0778842,8,309
da02,1706844167485521,7.0636578,0.84533811,1.0727509,9,310
da02,1706844167585458,7.0631166,0.85431153,1.0701212,10,311
da02,1706844167685597,7.0637374,0.844586,1.0726639,9,312
da02,1706844167785590,7.0524879,0.83188385,1.0747399,7,313
da02,1706844167885510,7.0632205,0.84054804,1.0771698,10,314
da02,1706844167985578,7.0432129,0.83958733,1.0814714,8,315
da02,1706844168085755,7.0405374,0.85019267,1.0850166,8,316
da02,1706844168185416,7.055222,0.84238493,1.0795205,11,317
da02,1706844168285516,7.0645523,0.84583372,1.0775282,10,318
da02,1706844168385508,7.0659142,0.84166068,1.071437,10,319
da02,1706844168485455,7.0635676,0.833992,1.0663041,9,320
da02,1706844168585502,7.06861,0.83277488,1.0697514,10,321
da02,1706844168685578,7.0723658,0.83412486,1.0692751,10,322
da02,1706844168785448,7.0770903,0.83438063,1.0745326,10,323
da02,1706844168885431,7.0707779,0.82967287,1.0654874,9,324
da02,1706844168985441,7.0705791,0.8272168,1.0768549,8,325
da02,1706844169085526,7.0697374,0.82050651,1.0852892,8,326
da02,1706844169185490,7.0667791,0.819945,1.086023,8,327
da02,1706844169285434,7.0849304,0.81911212,1.0765548,12,328
da02,1706844169385474,7.0811253,0.82609534,1.0721573,10,329
da02,1706844169485407,7.0794597,0.82807636,1.0599403,11,330
da02,1706844169585426,7.0821905,0.82013041,1.0632769,10,331
da02,1706844169685487,7.0702934,0.82530683,1.0576129,9,332
da02,1706844169785424,7.065176,0.83101666,1.0618483,9,333
da02,1706844169885481,7.0645671,0.82452345,1.0595258,9,334
da02,1706844169985863,7.0636306,0.82564384,1.0585012,9,335
da02,1706844170085508,7.0622535,0.82043332,1.0648669,8,336
da02,1706844170185461,7.0558071,0.821692,1.0701525,8,337
da02,1706844170285477,7.06279,0.82354993,1.0726377,10,338
da02,1706844170385496,7.0686741,0.83322096,1.0681736,11,339
da02,1706844170487289,7.05769,0.82411313,1.0762612,7,340
da02,1706844170585488,7.0691919,0.82631058,1.0624553,12,341
da02,1706844170687194,7.0708585,0.83113253,1.0623497,10,342
da02,1706844170785481,7.06114,0.82742828,1.0754651,7,343
da02,1706844170885417,7.0533791,0.83061051,1.0860903,8,344
da02,1706844170985523,7.04947,0.83240241,1.0768105,9,345
da02,1706844171085507,7.050478,0.82665253,1.0716691,9,346
da02,1706844171185421,7.0500655,0.8234,1.0760362,8,347
da02,1706844171285549,7.0361381,0.817379,1.0896001,8,348
da02,1706844171385462,7.0414824,0.82225668,1.0717705,10,349
da02,1706844171485445,7.0544925,0.81389523,1.0739087,10,350
da02,1706844171585749,7.0618482,0.81095117,1.0846838,9,351
da02,1706844171685488,7.0692458,0.81596446,1.0743806,11,352
da02,1706844171785423,7.0753245,0.81033236,1.0686734,10,353
da02,1706844171885565,7.0721688,0.80896664,1.0722072,9,354
da02,1706844171985456,7.0587621,0.8074683,1.0675079,8,355
da02,1706844172085443,7.0517344,0.80784249,1.0699587,8,356
da02,1706844172185544,7.0552382,0.80757213,1.0605094,10,357
da02,1706844172285456,7.0700741,0.81121695,1.0617539,11,358
da02,1706844172385543,7.0682588,0.80854917,1.0591089,9,359
da02,1706844172485571,7.0576138,0.81322485,1.0540062,8,360
da02,1706844172585490,7.0523448,0.81519103,1.0578485,8,361
da02,1706844172685527,7.0690322,0.81579584,1.0666933,11,362
da02,1706844172785504,7.0778008,0.81096059,1.0713037,10,363
da02,1706844172885462,7.0744019,0.81020385,1.0717944,9,364
da02,1706844172985716,7.0600448,0.8098253,1.0778967,7,365
da02,1706844173085606,7.0637088,0.8123762,1.0782849,9,366
da02,1706844173185456,7.0477667,0.81666285,1.0792423,8,367
da02,1706844173285618,7.0445719,0.81814748,1.0757295,8,368
da02,1706844173385538,7.0465803,0.82932609,1.0828445,8,369
da02,1706844173485453,7.0657992,0.83316022,1.079796,11,370
da02,1706844173585432,7.0767078,0.83936197,1.0756161,11,371
da02,1706844173685615,7.0749173,0.84355778,1.0684023,10,372
da02,1706844173785422,7.0698757,0.83916134,1.0640413,9,373
da02,1706844173885477,7.066503,0.83433354,1.0652462,9,374
da02,1706844173985542,7.0625672,0.82318604,1.0667294,8,375
da02,1706844174085472,7.0640912,0.82165867,1.0650026,9,376
da02,1706844174185442,7.0801067,0.82631028,1.0657932,12,377
da02,1706844174285565,7.0733824,0.82654268,1.0686154,9,378
da02,1706844174385610,7.0737939,0.82047355,1.0623651,10,379
da02,1706844174485494,7.073256,0.67642939,1.0491736,70,380
da02,1706844174585556,7.0739069,0.71872163,1.0523884,10,381
da02,1706844174685438,7.08713,0.74384987,1.0610257,11,382
da02,1706844174785430,7.071538,0.75711709,1.0633047,8,383
da02,1706844174885493,7.0668654,0.78026927,1.064779,9,384
da02,1706844174985498,7.0662756,0.78273571,1.0579745,10,385
da02,1706844175085682,7.07035,0.78919268,1.0493704,11,386
da02,1706844175185535,7.0540848,0.80904233,1.0539926,8,387
da02,1706844175286042,7.0549669,0.81582272,1.0640023,8,388
da02,1706844175385641,7.0634017,0.81242383,1.0693971,10,389
da02,1706844175485582,7.075336,0.81891859,1.074963,10,390
da02,1706844175585555,7.0676212,0.81421572,1.0777429,8,391
da02,1706844175685468,7.0736189,0.81499195,1.0756558,10,392
da02,1706844175785506,7.0635533,0.81839389,1.0723525,8,393
da02,1706844175885518,7.0653095,0.8120684,1.0685285,9,394
da02,1706844175988880,7.0718341,0.81560189,1.0732449,10,395
da02,1706844176085634,7.06825,0.82300115,1.0753748,9,396
da02,1706844176185469,7.0813365,0.82467073,1.0744121,11,397
da02,1706844176285462,7.07416,0.83428127,1.0742296,9,398
da02,1706844176385514,7.081574,0.82931232,1.0783638,10,399
da02,1706844176485478,7.0783234,0.82734936,1.0778687,9,400
da02,1706844176585523,7.0764294,0.83966154,1.0806224,9,401
da02,1706844176685538,7.0800524,0.84528321,1.0776798,10,402
da02,1706844176785506,7.07711,0.84380335,1.0788058,9,403
da02,1706844176885468,7.0612841,0.83692,1.0776129,7,404
da02,1706844176985498,7.0707664,0.83127409,1.0811712,10,405
da02,1706844177085518,7.0790858,0.82482749,1.0790857,10,406
da02,1706844177185517,7.077755,0.81503516,1.0715692,10,407
da02,1706844177285499,7.0746632,0.81858194,1.063471,10,408
da02,1706844177385440,7.0803275,0.82462251,1.0678996,10,409
da02,1706844177485492,7.0743918,0.82004148,1.0708666,9,410
da02,1706844177585585,7.0735922,0.82753062,1.0693063,10,411
da02,1706844177685568,7.0692544,0.8278513,1.0699122,9,412
da02,1706844177785541,7.0637922,0.8225106,1.0616148,9,413
da02,1706844177885521,7.0688243,0.82194793,1.0617338,10,414
da02,1706844177985533,7.0606446,0.82841724,1.0696392,8,415
da02,1706844178085503,7.0524526,0.84188384,1.0688009,8,416
da02,1706844178185555,7.0574827,0.8458482,1.0619662,10,417
da02,1706844178285496,7.0618134,0.83829516,1.0621977,10,418
da02,1706844178385516,7.0710745,0.83903331,1.0679954,10,419
da02,1706844178485487,7.0799594,0.84005666,1.0631959,11,420
da02,1706844178585504,7.0728889,0.83606726,1.0728592,8,421
da02,1706844178685504,7.079936,0.82807124,1.0666344,11,422
da02,1706844178785518,7.0789752,0.82792592,1.0716078,9,423
da02,1706844178885505,7.0923328,0.83775312,1.0689375,12,424
da02,1706844178985529,7.0897136,0.84041649,1.075943,9,425
da02,1706844179085483,7.08855,0.84057254,1.0791262,10,426
da02,1706844179185502,7.0821323,0.82941717,1.075568,9,427
da02,1706844179285504,7.0771837,0.8288843,1.0791636,9,428
da02,1706844179385516,7.0750208,0.82587636,1.0856994,8,429
da02,1706844179485505,7.0704083,0.82106334,1.0728805,10,430
da02,1706844179585535,7.07522,0.82493991,1.0799823,9,431
da02,1706844179685600,7.0742369,0.82891381,1.0829989,9,432
da02,1706844179785599,7.0707331,0.83780873,1.0866628,9,433
da02,1706844179885547,7.0703168,0.82594013,1.0703487,10,434
da02,1706844179985536,7.0514064,0.83797956,1.0773578,9,435
da02,1706844180085636,7.0485,0.83075941,1.0767459,8,436
da02,1706844180185538,7.0477591,0.83061635,1.0750288,9,437
da02,1706844180285499,7.0445113,0.83197284,1.0736513,8,438
da02,1706844180385596,7.0489864,0.82968169,1.0773644,9,439
da02,1706844180485514,7.0477357,0.83018607,1.0744463,9,440
da02,1706844180585537,7.0473313,0.82120484,1.0704852,9,441
da02,1706844180685576,7.0584464,0.81801343,1.0657367,10,442
da02,1706844180785534,7.070941,0.81940609,1.0648849,11,443
da02,1706844180885528,7.0783882,0.82121962,1.0586414,11,444
da02,1706844180985581,7.0772767,0.83327109,1.060304,10,445
da02,1706844181086108,7.087039,0.82789618,1.0581785,11,446
da02,1706844181185577,7.0732369,0.82839185,1.0658011,8,447
da02,1706844181285564,7.072741,0.83264464,1.0689325,9,448
da02,1706844181385527,7.0528,0.84560913,1.0760293,9,449
da02,1706844181485655,7.0504656,0.82674044,1.0713248,8,450
da02,1706844181585591,7.0529823,0.83174849,1.0725985,9,451
da02,1706844181685604,7.046885,0.834243,1.0790702,8,452
da02,1706844181785569,7.0559845,0.84084404,1.0743194,10,453
da02,1706844181885529,7.0511055,0.837,1.0772419,8,454
da02,1706844181985574,7.0439086,0.83976412,1.0707573,8,455
da02,1706844182085738,7.0450907,0.83545923,1.0798761,8,456
da02,1706844182185538,7.0482831,0.83230126,1.0785276,9,457
da02,1706844182285528,7.0454016,0.82613122,1.0751778,8,458
da02,1706844182385534,7.0633354,0.83454365,1.0668051,12,459
da02,1706844182485518,7.0677061,0.83172792,1.0635291,10,460
da02,1706844182585564,7.0786567,0.8289414,1.0653322,11,461
da02,1706844182686258,7.07258,0.83383805,1.0597599,10,462
da02,1706844182785515,7.0749383,0.83645296,1.0573143,10,463
da02,1706844182885526,7.0826626,0.82612813,1.0540248,11,464
da02,1706844182985533,7.0879951,0.82325912,1.05189,11,465
da02,1706844183085581,7.0816793,0.81868035,1.0558349,9,466
da02,1706844183185598,7.073472,0.81746715,1.0565788,9,467
da02,1706844183285612,7.0740466,0.82558453,1.0621041,10,468
da02,1706844183385577,7.0754519,0.81746405,1.0678324,9,469
da02,1706844183485616,7.0679865,0.81955719,1.0641938,9,470
da02,1706844183585590,7.06465,0.82232112,1.0574616,10,471
da02,1706844183685565,7.0705714,0.824039,1.0628434,10,472
da02,1706844183785571,7.0772882,0.82762474,1.0632772,11,473
da02,1706844183885539,7.0683985,0.81247956,1.0793079,7,474
da02,1706844183985605,7.0676503,0.81543511,1.0840678,9,475
da02,1706844184085542,7.0573306,0.80928808,1.0850811,7,476
da02,1706844184185614,7.0494657,0.81255543,1.0845115,7,477
da02,1706844184285558,7.0460124,0.804925,1.0803345,8,478
da02,1706844184385542,7.0488124,0.81948894,1.0783813,9,479
da02,1706844184485621,7.0432544,0.8321836,1.0769825,8,480
da02,1706844184585562,7.0449328,0.83393925,1.0756398,9,481
da02,1706844184685524,7.04847,0.83536553,1.0664785,10,482
da02,1706844184785539,7.0466657,0.82954544,1.0699875,8,483
da02,1706844184885571,7.0512609,0.83498549,1.0716792,9,484
da02,1706844184985603,7.0547614,0.83574688,1.0680532,10,485
da02,1706844185085628,7.0512886,0.83549327,1.0653719,9,486
da02,1706844185185566,7.04416,0.83296305,1.0676377,8,487
da02,1706844185285616,7.0536003,0.83695716,1.0598089,11,488
da02,1706844185385574,7.0450854,0.83597541,1.0579383,8,489
da02,1706844185485555,7.0394015,0.84000361,1.0680829,8,490
da02,1706844185585600,7.0484796,0.84363568,1.0673084,10,491
da02,1706844185685826,7.0707703,0.8360796,1.0724052,11,492
da02,1706844185785556,7.0764022,0.82877111,1.0719979,10,493
da02,1706844185885678,7.0742059,0.84157073,1.0665179,10,494
da02,1706844185985811,7.0751519,0.83207315,1.0707884,9,495
da02,1706844186087292,7.095057,0.82900709,1.0658042,13,496
da02,1706844186185641,7.0956426,0.82681513,1.0792073,9,497
da02,1706844186291784,7.09818,0.81887841,1.0742041,11,498
da02,1706844186385559,7.0812974,0.81640005,1.0749809,8,499
da02,1706844186485675,7.0666294,0.82083392,1.0831975,8,500
da02,1706844186585650,7.0690274,0.82142848,1.0761002,10,501
da02,1706844186685570,7.0589733,0.8231495,1.0805937,7,502
da02,1706844186785652,7.0551929,0.826335,1.0886527,8,503
da02,1706844186885703,7.0508785,0.82686269,1.0894021,8,504
da02,1706844186985570,7.0579567,0.82746679,1.0797856,10,505
da02,1706844187085814,7.0449133,0.83100843,1.0783796,8,506
da02,1706844187185571,7.0440931,0.84383172,1.0782738,9,507
da02,1706844187285650,7.0458369,0.84896344,1.0837046,8,508
da02,1706844187385550,7.04307,0.84573317,1.0801582,8,509
da02,1706844187485532,7.0470448,0.84634024,1.0819784,9,510
da02,1706844187585628,7.0630026,0.85117948,1.0714864,12,511
da02,1706844187685578,7.0763273,0.83342779,1.0829927,10,512
da02,1706844187785569,7.0686793,0.8292861,1.0748546,9,513
da02,1706844187885654,7.07766,0.83978117,1.073301,11,514
da02,1706844187985553,7.085155,0.84686923,1.0780332,11,515
da02,1706844188085564,7.0720248,0.85346925,1.0778443,8,516
da02,1706844188185658,7.0768161,0.850006,1.0813266,10,517
da02,1706844188285548,7.0726662,0.85373861,1.0739938,10,518
da02,1706844188385564,7.0734911,0.84954619,1.0627203,11,519
da02,1706844188485673,7.0730333,0.84064078,1.0716705,9,520
da02,1706844188585586,7.0715709,0.83400548,1.0673081,10,521
da02,1706844188685664,7.0728226,0.82572228,1.0586689,10,522
da02,1706844188785601,7.0692105,0.81715977,1.0563943,9,523
da02,1706844188885582,7.0601945,0.82216769,1.0738854,8,524
da02,1706844188985538,7.0508213,0.82408893,1.0743841,8,525
da02,1706844189085912,7.0620275,0.83021992,1.0791986,10,526
da02,1706844189185550,7.071681,0.83041716,1.0735036,11,527
da02,1706844189285538,7.0817103,0.82347065,1.0714056,11,528
da02,1706844189385653,7.0922594,0.82323426,1.061885,12,529
da02,1706844189485584,7.0978885,0.82074571,1.058313,11,530
da02,1706844189585553,7.0920267,0.82506865,1.0612527,10,531
da02,1706844189685664,7.0945673,0.82276416,1.0713646,10,532
da02,1706844189785566,7.0914078,0.82805914,1.0773911,9,533
da02,1706844189885630,7.0837793,0.82714456,1.075328,9,534
da02,1706844189985647,7.0620718,0.82734549,1.078388,8,535
da02,1706844190085691,7.0709925,0.82448167,1.0769193,10,536
da02,1706844190185590,7.0593739,0.82098991,1.0724809,8,537
da02,1706844190285623,7.0619726,0.82518834,1.0797579,9,538
da02,1706844190385690,7.0568461,0.81739557,1.086135,7,539
da02,1706844190485570,7.0637059,0.81249648,1.0783757,10,540
da02,1706844190585600,7.0641136,0.81776071,1.0727139,10,541
da02,1706844190685621,7.0551987,0.82496947,1.0681026,8,542
da02,1706844190785603,7.0498657,0.81801558,1.0642247,8,543
da02,1706844190885682,7.0648136,0.82123512,1.073089,10,544
da02,1706844190985632,7.0473595,0.82994014,1.0855616,9,545
da02,1706844191085625,7.0437732,0.83516359,1.0854174,8,546
da02,1706844191185607,7.0502491,0.838072,1.0863963,9,547
da02,1706844191286090,7.0496645,0.84650689,1.0880845,8,548
da02,1706844191386275,7.0555253,0.84144145,1.0776705,10,549
da02,1706844191485608,7.070271,0.83659911,1.0783998,11,550
da02,1706844191585600,7.0652781,0.82934952,1.0893863,7,551
da02,1706844191685675,7.0501781,0.82270581,1.0813183,7,552
da02,1706844191785617,7.0444412,0.82454216,1.075855,8,553
da02,1706844191885652,7.056201,0.82383782,1.0783795,10,554
da02,1706844191985588,7.0527763,0.8250066,1.0813977,8,555
da02,1706844192085638,7.0584569,0.83573252,1.0784183,10,556
da02,1706844192185580,7.0724082,0.82782745,1.0926799,9,557
da02,1706844192285916,7.0830913,0.84287918,1.0811411,12,558
da02,1706844192385528,7.0840659,0.83307427,1.0887741,9,559
da02,1706844192485560,7.0675969,0.83008039,1.0775477,8,560
da02,1706844192585596,7.0678821,0.82570714,1.0727638,9,561
da02,1706844192685614,7.0588794,0.82568908,1.06878,8,562
da02,1706844192785625,7.055315,0.81704533,1.0724103,8,563
da02,1706844192885616,7.0644288,0.81373066,1.0743769,10,564
da02,1706844192985566,7.0574393,0.8155129,1.084543,7,565
da02,1706844193085725,7.0397906,0.81001133,1.0782601,7,566
da02,1706844193185632,7.0481014,0.81519055,1.070659,10,567
da02,1706844193285610,7.0505791,0.81488377,1.0671185,9,568
da02,1706844193385622,7.0515137,0.8243019,1.0728631,9,569
da02,1706844193485597,7.0435042,0.82865161,1.0760674,8,570
da02,1706844193585599,7.0566006,0.83146143,1.0721458,11,571
da02,1706844193685592,7.0634475,0.82300425,1.0830078,9,572
da02,1706844193785628,7.0712757,0.81857759,1.0847803,10,573
da02,1706844193885649,7.0808892,0.82053876,1.0881416,10,574
da02,1706844193985601,7.0670037,0.82885116,1.0855652,8,575
da02,1706844194085620,7.0610056,0.82091558,1.0842971,8,576
da02,1706844194185595,7.070241,0.81743658,1.0768765,11,577
da02,1706844194285726,7.06845,0.69102973,1.0447955,70,578
da02,1706844194385606,7.0515656,0.73420984,1.0581486,8,579
da02,1706844194485599,7.076901,0.75593257,1.066561,12,580
da02,1706844194585625,7.0766225,0.77946609,1.0657969,10,581
da02,1706844194685675,7.071475,0.79399467,1.0756148,8,582
da02,1706844194785658,7.0728154,0.81547493,1.0724686,10,583
da02,1706844194885650,7.0694447,0.8180573,1.0743797,9,584
da02,1706844194985656,7.0711346,0.81931794,1.0732678,10,585
da02,1706844195085622,7.0571918,0.81815672,1.0783116,7,586
da02,1706844195185832,7.0602984,0.82653677,1.0700555,10,587
da02,1706844195285662,7.063004,0.83351839,1.0690682,10,588
da02,1706844195385636,7.0639548,0.83430403,1.0633581,10,589
da02,1706844195485616,7.061233,0.8337639,1.0557901,10,590
da02,1706844195586068,7.0772467,0.83164096,1.0591072,11,591
da02,1706844195685628,7.0732994,0.84303075,1.0519177,10,592
da02,1706844195786092,7.0697613,0.83868265,1.0703838,8,593
da02,1706844195885641,7.0603795,0.82980537,1.0652351,8,594
da02,1706844195985628,7.0674009,0.82858747,1.0607564,10,595
da02,1706844196085633,7.0643663,0.82001877,1.0634151,9,596
da02,1706844196185656,7.0610819,0.82890534,1.067991,9,597
da02,1706844196285628,7.0466433,0.82382113,1.0721772,7,598
da02,1706844196385614,7.0403109,0.82343858,1.0751401,7,599
da02,1706844196485631,7.0509095,0.81738394,1.0728498,10,600
da02,1706844196585575,7.0421133,0.83424562,1.0773828,8,601
da02,1706844196685640,7.0613847,0.83123958,1.0741494,11,602
da02,1706844196785746,7.0564914,0.84071082,1.0701461,9,603
da02,1706844196885628,7.0574837,0.8433426,1.072085,9,604
da02,1706844196985646,7.0500083,0.8332032,1.0858142,7,605
da02,1706844197085663,7.0483007,0.84407914,1.0768923,9,606
da02,1706844197185586,7.0463939,0.84503233,1.0807076,8,607
da02,1706844197286303,7.0496397,0.83795351,1.0874373,8,608
da02,1706844197385670,7.0619583,0.8388021,1.0831372,11,609
da02,1706844197485588,7.05713,0.83404267,1.0766556,9,610
da02,1706844197585810,7.0598683,0.83875275,1.0753481,9,611
da02,1706844197685681,7.0469246,0.82785159,1.0763283,7,612
da02,1706844197785676,7.0444193,0.8205241,1.0766194,8,613
da02,1706844197885688,7.0378327,0.82391042,1.0847377,8,614
da02,1706844197985626,7.0405149,0.8258453,1.0834787,8,615
da02,1706844198085627,7.0495591,0.84158587,1.0791355,10,616
da02,1706844198185613,7.0508852,0.83536422,1.0827487,8,617
da02,1706844198285608,7.0506139,0.83737367,1.0917643,8,618
da02,1706844198385590,7.0547819,0.82700193,1.096119,8,619
da02,1706844198485617,7.0540366,0.82522637,1.0858082,9,620
da02,1706844198585592,7.0595465,0.82696354,1.078774,10,621
da02,1706844198685610,7.0632987,0.82746929,1.0796628,9,622
da02,1706844198785589,7.0607224,0.83079851,1.0763122,9,623
da02,1706844198885630,7.0722218,0.82819825,1.0827494,10,624
da02,1706844198985597,7.0727043,0.83512491,1.0810562,10,625
da02,1706844199085811,7.0800581,0.83483803,1.0763068,11,626
da02,1706844199185617,7.0790043,0.8374964,1.0765301,10,627
da02,1706844199285626,7.0811043,0.84876633,1.0854657,10,628
da02,1706844199385598,7.0741673,0.84117085,1.0788648,9,629
da02,1706844199485602,7.0784464,0.84083354,1.0745142,10,630
da02,1706844199585599,7.0806422,0.83157104,1.0724524,10,631
da02,1706844199685616,7.07738,0.84238446,1.0855411,8,632
da02,1706844199785594,7.0789051,0.8390317,1.0955786,9,633
da02,1706844199885622,7.0700269,0.84404182,1.078927,10,634
da02,1706844199985612,7.0707426,0.84291792,1.0756651,10,635
da02,1706844200085638,7.0756536,0.8324585,1.0641208,11,636
da02,1706844200185634,7.0730381,0.83497012,1.0627482,10,637
da02,1706844200285654,7.0624022,0.83069211,1.0709033,7,638
da02,1706844200385644,7.0590086,0.82642967,1.0754619,8,639
da02,1706844200485663,7.0510197,0.83062887,1.0801711,8,640
da02,1706844200585652,7.0432582,0.82340622,1.0669649,8,641
da02,1706844200685731,7.0468,0.82997066,1.0710356,9,642
da02,1706844200785618,7.0556173,0.83009803,1.0798405,9,643
da02,1706844200885623,7.0553131,0.834627,1.0782274,9,644
da02,1706844200985590,7.0696821,0.83639067,1.071658,11,645
da02,1706844201085632,7.0735636,0.83081567,1.0851243,9,646
da02,1706844201185626,7.0787315,0.83454841,1.0820394,10,647
da02,1706844201285614,7.0708275,0.83202714,1.0721115,9,648
da02,1706844201385606,7.0554209,0.8291679,1.0770701,8,649
da02,1706844201487184,7.0628672,0.82876623,1.0826697,9,650
da02,1706844201585661,7.0684266,0.83185977,1.0803782,10,651
da02,1706844201685623,7.0777149,0.82489341,1.0795431,10,652
da02,1706844201785618,7.070828,0.82514614,1.0726858,9,653
da02,1706844201885621,7.0847549,0.82927626,1.0742817,11,654
da02,1706844201985615,7.0761166,0.82734954,1.0646054,9,655
da02,1706844202085639,7.0712485,0.84418869,1.0616494,10,656
da02,1706844202185658,7.0808854,0.842048,1.0601735,11,657
da02,1706844202285644,7.0761819,0.84292209,1.0576956,10,658
da02,1706844202385679,7.0620165,0.841531,1.0605155,8,659
da02,1706844202485711,7.0564394,0.8345452,1.0644678,8,660
da02,1706844202585828,7.0520916,0.83940613,1.0669057,8,661
da02,1706844202685675,7.0630989,0.83620226,1.0604228,11,662
da02,1706844202785676,7.0654211,0.84367406,1.0716342,9,663
da02,1706844202885726,7.060081,0.83953178,1.073584,8,664
da02,1706844202985672,7.0628772,0.84103131,1.0709761,10,665
da02,1706844203085673,7.0697103,0.82983041,1.0791141,9,666
da02,1706844203185786,7.0785637,0.83245671,1.0663567,12,667
da02,1706844203285682,7.078073,0.82336414,1.0689197,9,668
da02,1706844203385645,7.066566,0.82165706,1.0689769,8,669
da02,1706844203485659,7.0675669,0.83774757,1.0633085,10,670
da02,1706844203585630,7.0635362,0.83885294,1.0667977,9,671
da02,1706844203685686,7.078898,0.83879286,1.0722288,11,672
da02,1706844203785640,7.0738111,0.84785193,1.0744878,9,673
da02,1706844203885695,7.06924,0.8530829,1.0847775,8,674
da02,1706844203985629,7.073669,0.8441062,1.0849884,10,675
da02,1706844204085648,7.0792241,0.84305233,1.0788366,11,676
da02,1706844204185650,7.0841646,0.84150833,1.0763218,11,677
da02,1706844204285667,7.0820141,0.84703559,1.0704411,10,678
da02,1706844204385646,7.0820127,0.8463155,1.0691093,10,679
da02,1706844204485679,7.0762787,0.84452122,1.0767574,8,680
da02,1706844204585647,7.0579143,0.84337378,1.0812863,8,681
da02,1706844204685667,7.0589576,0.84387869,1.0773201,9,682
da02,1706844204785651,7.0666146,0.84547734,1.0730394,10,683
da02,1706844204885686,7.072073,0.840311,1.0703845,10,684
da02,1706844204985915,7.0736012,0.82889658,1.0692152,10,685
da02,1706844205085704,7.0769305,0.823708,1.0801855,9,686
da02,1706844205185753,7.0728254,0.82944643,1.0830472,9,687
da02,1706844205285745,7.076695,0.83052719,1.0786095,10,688
da02,1706844205385668,7.0605664,0.8284626,1.0767778,7,689
da02,1706844205485688,7.0634413,0.82039225,1.0694698,10,690
da02,1706844205585675,7.0598116,0.81762797,1.0664538,9,691
da02,1706844205685669,7.07182,0.82805645,1.0683465,11,692
da02,1706844205785634,7.0714655,0.82154477,1.0699911,9,693
da02,1706844205885661,7.0630445,0.82556474,1.0685295,8,694
da02,1706844205985656,7.0629044,0.82375562,1.0731636,9,695
da02,1706844206085671,7.0437946,0.82290757,1.075641,8,696
da02,1706844206185661,7.0572252,0.82224548,1.0827878,10,697
da02,1706844206285667,7.0561852,0.82576209,1.0782915,9,698
da02,1706844206385662,7.0622711,0.82962042,1.0735836,10,699
da02,1706844206485670,7.0646434,0.8257308,1.0722402,9,700
da02,1706844206585680,7.0682592,0.82770604,1.0710555,10,701
da02,1706844206685692,7.0675287,0.82916784,1.0672238,10,702
da02,1706844206785655,7.0538073,0.82066262,1.0737238,7,703
da02,1706844206885670,7.0575418,0.81748021,1.0771108,9,704
da02,1706844206985646,7.065186,0.8237617,1.0786755,10,705
da02,1706844207085673,7.0735221,0.83033085,1.088701,10,706
da02,1706844207185663,7.0748811,0.83346534,1.0765632,10,707
da02,1706844207285661,7.0672293,0.82853907,1.0724177,9,708
da02,1706844207385680,7.0617518,0.83230692,1.0728767,9,709
da02,1706844207485664,7.0546207,0.83356148,1.0786045,8,710
da02,1706844207585696,7.0605893,0.84247512,1.0826049,9,711
da02,1706844207685696,7.0613322,0.84398,1.0759312,10,712
da02,1706844207785755,7.0596323,0.84283829,1.0707678,9,713
da02,1706844207885766,7.0503039,0.84414285,1.0659016,8,714
da02,1706844207985979,7.0513878,0.84076035,1.0587424,10,715
da02,1706844208085734,7.062387,0.8484388,1.0541756,11,716
da02,1706844208185793,7.0693684,0.83772445,1.0483466,11,717
da02,1706844208286266,7.0485015,0.8412509,1.0557728,8,718
da02,1706844208385937,7.0530519,0.84113008,1.0651275,9,719
da02,1706844208485738,7.0410428,0.83035183,1.0741801,7,720
da02,1706844208585670,7.0505047,0.83452529,1.073607,10,721
da02,1706844208685680,7.0699887,0.8314845,1.0708057,12,722
da02,1706844208785672,7.0576563,0.83921218,1.0812745,8,723
da02,1706844208885706,7.0595942,0.83664638,1.0783141,9,724
da02,1706844208985680,7.0449495,0.84122813,1.0787045,8,725
da02,1706844209085686,7.0481591,0.83774793,1.0780085,9,726
da02,1706844209185679,7.0456233,0.83432686,1.0772548,8,727
da02,1706844209285681,7.0438128,0.8261494,1.0749208,8,728
da02,1706844209385662,7.0442038,0.82821387,1.0854477,8,729
da02,1706844209485678,7.0498915,0.82802123,1.0824921,9,730
da02,1706844209585697,7.0541239,0.83014488,1.0772098,10,731
da02,1706844209685712,7.0576859,0.83135957,1.0742955,9,732
da02,1706844209785666,7.0616517,0.82215089,1.0762058,9,733
da02,1706844209885688,7.0587749,0.82301056,1.0815673,8,734
da02,1706844209985666,7.0664415,0.83209836,1.0731801,11,735
da02,1706844210085718,7.065701,0.83724672,1.076829,9,736
da02,1706844210185724,7.0658326,0.84603411,1.0721341,10,737
da02,1706844210285684,7.0581756,0.83680892,1.0693364,8,738
da02,1706844210385708,7.0553489,0.83813208,1.0716121,8,739
da02,1706844210485698,7.0536633,0.83545542,1.0656921,9,740
da02,1706844210585704,7.0539713,0.83084071,1.0612999,9,741
da02,1706844210685690,7.0524106,0.82017463,1.0651116,8,742
da02,1706844210785674,7.0553451,0.81826079,1.06372,9,743
da02,1706844210885692,7.0639892,0.82064217,1.0648028,10,744
da02,1706844210985692,7.0604019,0.82969356,1.0756136,8,745
da02,1706844211085704,7.054503,0.82301325,1.0802294,7,746
da02,1706844211185738,7.0710988,0.82019806,1.076629,11,747
da02,1706844211285698,7.0733285,0.80893135,1.0735908,9,748
da02,1706844211385685,7.0740867,0.81029028,1.0644183,10,749
da02,1706844211485684,7.0659637,0.828339,1.0639892,9,750
da02,1706844211585708,7.0580564,0.8369652,1.0675963,8,751
da02,1706844211685698,7.0667615,0.83164805,1.0804651,9,752
da02,1706844211785693,7.0504622,0.82961935,1.08156,8,753
da02,1706844211885709,7.0476789,0.83118826,1.0858625,8,754
da02,1706844211985714,7.0371137,0.8372395,1.0764277,8,755
da02,1706844212085734,7.0475216,0.841923,1.0760349,10,756
da02,1706844212185694,7.0538092,0.8447172,1.0708083,10,757
da02,1706844212285691,7.0502615,0.83803576,1.0763437,8,758
da02,1706844212385733,7.0570316,0.84070188,1.0703936,10,759
da02,1706844212485697,7.0757561,0.82749689,1.0718251,11,760
da02,1706844212585892,7.082263,0.83473808,1.0674328,11,761
da02,1706844212685745,7.0720105,0.82909876,1.0669112,8,762
da02,1706844212785747,7.0733423,0.83279294,1.0743321,9,763
da02,1706844212885709,7.0640082,0.837734,1.0718423,8,764
da02,1706844212985688,7.0735416,0.83451307,1.0762384,10,765
da02,1706844213085722,7.0723767,0.82678485,1.0710834,9,766
da02,1706844213185712,7.0752268,0.82739437,1.0695503,10,767
da02,1706844213285701,7.0742512,0.83077949,1.0713763,9,768
da02,1706844213385723,7.0728178,0.82959616,1.0691997,9,769
da02,1706844213485729,7.0657005,0.82451403,1.0665437,9,770
da02,1706844213585708,7.0555496,0.83415031,1.0624993,8,771
da02,1706844213685745,7.0670714,0.8396396,1.0718143,10,772
da02,1706844213785704,7.0757847,0.83929569,1.0773108,10,773
da02,1706844213890478,7.0583382,0.83435613,1.0671251,8,774
da02,1706844213985887,7.0689144,0.83351934,1.0644485,11,775
da02,1706844214085722,7.0668507,0.83118105,1.0808337,8,776
da02,1706844214185778,7.0550909,0.82824326,1.0764281,8,777
da02,1706844214285716,7.0576282,0.83072877,1.067832,10,778
da02,1706844214385750,7.0677137,0.82482404,1.0607644,11,779
da02,1706844214485754,7.071404,0.81839418,1.0734183,9,780
da02,1706844214585739,7.0677586,0.8120175,1.0701813,9,781
da02,1706844214685774,7.1823115,0.81701255,1.053232,67,782
da02,1706844214785740,7.1485028,0.81995982,1.0546473,9,783
da02,1706844214885748,7.1258059,0.82291609,1.0603275,9,784
da02,1706844214985707,7.1113958,0.8281219,1.0699633,9,785
da02,1706844215085722,7.0969944,0.8189199,1.0689275,9,786
da02,1706844215185701,7.0864697,0.81843907,1.0637264,9,787
da02,1706844215285727,7.0946107,0.82277083,1.0612121,12,788
da02,1706844215385695,7.095325,0.8243919,1.0688987,10,789
da02,1706844215485731,7.1008906,0.82420278,1.0705073,11,790
da02,1706844215585717,7.091876,0.83333617,1.0614359,10,791
da02,1706844215685763,7.0920863,0.83567095,1.0666453,10,792
da02,1706844215785690,7.082305,0.833511,1.0844957,7,793
da02,1706844215885726,7.0812206,0.82716793,1.0808412,10,794
da02,1706844215985697,7.0903306,0.82516479,1.0791069,11,795
da02,1706844216085748,7.0845981,0.81902713,1.0718408,10,796
da02,1706844216185721,7.0777802,0.82777512,1.0788765,8,797
da02,1706844216285732,7.0880079,0.83421135,1.077817,11,798
da02,1706844216385730,7.0762649,0.83204228,1.0795656,8,799
da02,1706844216485729,7.0612917,0.83521223,1.0790044,8,800
da02,1706844216585748,7.06851,0.8288514,1.0786226,10,801
da02,1706844216685730,7.0674195,0.82476836,1.0738531,9,802
da02,1706844216785758,7.0493417,0.83041364,1.0777097,8,803
da02,1706844216887342,7.0544667,0.83113909,1.0833114,9,804
da02,1706844216985820,7.0592189,0.82310921,1.0833154,9,805
da02,1706844217085813,7.055006,0.82672256,1.0820253,8,806
da02,1706844217185832,7.0474629,0.81814623,1.078709,8,807
da02,1706844217285730,7.0416789,0.81955183,1.0824934,7,808
da02,1706844217385734,7.040699,0.82399195,1.0893303,8,809
da02,1706844217485779,7.0539646,0.83730966,1.0802325,11,810
da02,1706844217585754,7.06857,0.84394932,1.0787923,11,811
da02,1706844217685809,7.0684834,0.8439849,1.0724229,10,812
da02,1706844217785721,7.0830145,0.84343058,1.0703064,12,813
da02,1706844217885769,7.0634995,0.85630494,1.0796874,9,814
da02,1706844217985776,7.0841956,0.83362508,1.072624,12,815
da02,1706844218085745,7.0817695,0.83131647,1.0822843,9,816
da02,1706844218185734,7.0811534,0.82737446,1.0847266,9,817
da02,1706844218285789,7.0650539,0.82606572,1.0886731,8,818
da02,1706844218385722,7.0549264,0.82212895,1.0888902,7,819
da02,1706844218485771,7.0537672,0.82075471,1.0903586,8,820
da02,1706844218585758,7.0711803,0.82445884,1.0922657,11,821
da02,1706844218685818,7.0731282,0.82902175,1.0830166,10,822
da02,1706844218785732,7.0668168,0.83979744,1.0779253,9,823
da02,1706844218886172,7.0660062,0.83850783,1.090335,8,824
da02,1706844218986023,7.0541406,0.82962424,1.0811038,8,825
da02,1706844219085834,7.0577021,0.82866919,1.0878795,8,826
da02,1706844219185796,7.056838,0.83575583,1.0888094,9,827
da02,1706844219286525,7.062,0.83672053,1.0827973,10,828
da02,1706844219385815,7.0597606,0.83665454,1.0745096,9,829
da02,1706844219485901,7.0646725,0.831446,1.0675528,10,830
da02,1706844219585789,7.0675821,0.82709682,1.0712203,9,831
da02,1706844219685857,7.0808687,0.82664764,1.0671668,11,832
da02,1706844219785780,7.0768943,0.83276141,1.0771785,9,833
da02,1706844219885822,7.074481,0.82700473,1.0673171,10,834
da02,1706844219985869,7.0727286,0.84247047,1.0637727,10,835
da02,1706844220085909,7.0800948,0.83922786,1.062984,11,836
da02,1706844220185896,7.0764709,0.83327329,1.067311,9,837
da02,1706844220285938,7.0754867,0.8392514,1.0760396,9,838
da02,1706844220385844,7.0769238,0.82849473,1.0721291,10,839
da02,1706844220485754,7.0717883,0.82636291,1.0675273,9,840
da02,1706844220585854,7.0629396,0.82728535,1.0687082,8,841
da02,1706844220685881,7.0680947,0.83112556,1.068858,10,842
da02,1706844220785746,7.0726328,0.8399781,1.0695065,10,843
da02,1706844220885860,7.076961,0.83578819,1.0725671,10,844
da02,1706844220985779,7.0595737,0.83575213,1.0736432,8,845
da02,1706844221085766,7.0575233,0.83847338,1.0749177,9,846
da02,1706844221185774,7.0659842,0.83772612,1.0674145,11,847
da02,1706844221285804,7.0544772,0.83090663,1.0656565,8,848
da02,1706844221385788,7.0607672,0.81696111,1.0804776,8,849
da02,1706844221485832,7.0584197,0.82096225,1.0941893,8,850
da02,1706844221585796,7.0689092,0.82452744,1.0964675,10,851
da02,1706844221685836,7.0706825,0.82755876,1.0871297,10,852
da02,1706844221785812,7.0655,0.83050537,1.0794561,9,853
da02,1706844221885800,7.0540314,0.83104259,1.0840917,8,854
da02,1706844221985802,7.0475364,0.81836891,1.0854598,7,855
da02,1706844222085816,7.0501866,0.81271458,1.0919727,8,856
da02,1706844222185808,7.0554171,0.82311863,1.0893041,9,857
da02,1706844222285832,7.0639768,0.82761639,1.0888708,10,858
da02,1706844222385783,7.0604725,0.83048546,1.0883573,8,859
da02,1706844222485860,7.074842,0.8231653,1.0833378,11,860
da02,1706844222585825,7.074554,0.814942,1.0713346,10,861
da02,1706844222685854,7.0674086,0.81202161,1.0688428,9,862
da02,1706844222785804,7.0700722,0.80878824,1.0721824,9,863
da02,1706844222885854,7.0655241,0.81041509,1.0712869,9,864
da02,1706844222985839,7.0655317,0.81283724,1.0663255,10,865
da02,1706844223085834,7.0648704,0.80863905,1.0621938,9,866
da02,1706844223185805,7.058785,0.82068276,1.0704336,8,867
da02,1706844223285839,7.1729717,0.82196152,1.0542952,67,868
da02,1706844223385774,7.1526585,0.819704,1.0539435,10,869
da02,1706844223485770,7.1312451,0.81936216,1.0657336,9,870
da02,1706844223585860,7.1231174,0.82828057,1.0603986,11,871
da02,1706844223685815,7.1104636,0.836762,1.0560347,10,872
da02,1706844223785787,7.09779,0.82729113,1.0599309,9,873
da02,1706844223885870,7.0958047,0.82853431,1.0623217,10,874
da02,1706844223985809,7.0964813,0.83846456,1.0627413,11,875
da02,1706844224085826,7.095613,0.83504438,1.0661691,10,876
da02,1706844224185803,7.0919857,0.82764405,1.0578837,10,877
da02,1706844224285856,7.0829558,0.83252954,1.0514349,10,878
da02,1706844224385788,7.0789008,0.8346138,1.0580738,9,879
da02,1706844224485901,7.0807481,0.84144771,1.0648401,10,880
da02,1706844224585842,7.07255,0.84800267,1.0639149,9,881
da02,1706844224686400,7.0611553,0.84795475,1.0680679,8,882
da02,1706844224785828,7.0555725,0.85274386,1.078377,8,883
da02,1706844224886500,7.047061,0.84174675,1.0825236,7,884
da02,1706844224985902,7.0525184,0.83104795,1.0830083,9,885
da02,1706844225085884,7.0668979,0.8288644,1.0713559,11,886
da02,1706844225185872,7.0739,0.82186246,1.0719131,10,887
da02,1706844225285833,7.0933805,0.8187117,1.0672418,13,888
da02,1706844225385890,7.0901494,0.82545054,1.0656618,10,889
da02,1706844225485887,7.0986171,0.82244313,1.0606328,12,890
da02,1706844225585832,7.0898967,0.82438433,1.0731815,8,891
da02,1706844225685842,7.0869741,0.81467944,1.07818,9,892
da02,1706844225785848,7.0765991,0.81862891,1.0685282,9,893
da02,1706844225885841,7.0779414,0.82158303,1.081766,9,894
da02,1706844225985825,7.07807,0.83463544,1.0815498,10,895
da02,1706844226085850,7.0733671,0.83354712,1.0815525,9,896
da02,1706844226185891,7.0674591,0.83835018,1.0763735,9,897
da02,1706844226285857,7.0631204,0.83629936,1.0782531,8,898
da02,1706844226385848,7.0663414,0.83638769,1.0734689,10,899
da02,1706844226485856,7.0695968,0.8311944,1.0743272,9,900
da02,1706844226585833,7.0684347,0.83730859,1.0791128,9,901
da02,1706844226685858,7.0672398,0.837783,1.0839698,9,902
da02,1706844226785844,7.0667081,0.83775228,1.092474,8,903
da02,1706844226885853,7.0712781,0.83969069,1.0918943,10,904
da02,1706844226985869,7.0853047,0.82902223,1.0776231,12,905
da02,1706844227085852,7.0890484,0.835108,1.0741453,11,906
da02,1706844227185860,7.076992,0.83505416,1.0661526,9,907
da02,1706844227285860,7.071651,0.84250772,1.0628996,10,908
da02,1706844227385799,7.0611959,0.82322031,1.0658163,7,909
da02,1706844227485874,7.0660858,0.82318544,1.0703529,9,910
da02,1706844227585856,7.0666857,0.82397193,1.0608776,10,911
da02,1706844227685929,7.064095,0.82290119,1.0704644,8,912
da02,1706844227785846,7.06032,0.81838596,1.0668508,9,913
da02,1706844227885874,7.0631342,0.81952548,1.0716918,9,914
da02,1706844227985847,7.2299933,0.66160637,1.5277963,72,915
da02,1706844228085909,7.1849909,0.70496178,1.4058087,9,916
da02,1706844228185852,7.1369777,0.72781682,1.3278867,8,917
da02,1706844228285892,7.121985,0.73926777,1.2595985,10,918
da02,1706844228385894,7.1059008,0.76354575,1.2106106,9,919
da02,1706844228485879,7.0792537,0.787942,1.1734415,8,920
da02,1706844228585852,7.0794706,0.80004823,1.1674056,8,921
da02,1706844228685844,7.0751696,0.80797613,1.1484057,9,922
da02,1706844228785812,7.0735817,0.8068431,1.1327698,9,923
da02,1706844228885850,7.0814633,0.81513983,1.1141392,11,924
da02,1706844228985860,7.0617948,0.821368,1.1055033,8,925
da02,1706844229085834,7.0554447,0.82351243,1.1009927,8,926
da02,1706844229185903,7.0560317,0.82448977,1.0909345,9,927
da02,1706844229285894,7.0694795,0.82612705,1.0855519,11,928
da02,1706844229385836,7.0780892,0.82438052,1.0758865,11,929
da02,1706844229485834,7.0563984,0.8188796,1.0797501,8,930
da02,1706844229585861,7.0686703,0.8151477,1.0828489,10,931
da02,1706844229685813,7.0732222,0.81564212,1.0873321,9,932
da02,1706844229785825,7.07787,0.8070541,1.0951799,9,933
da02,1706844229885870,7.0824142,0.81305903,1.0819844,11,934
da02,1706844229985894,7.0738425,0.82440704,1.0836347,8,935
da02,1706844230085880,7.0641646,0.82171172,1.0783136,8,936
da02,1706844230185850,7.0718455,0.81763995,1.0737079,10,937
da02,1706844230286422,7.0603,0.81896681,1.0608214,9,938
da02,1706844230385846,7.04378,0.81526619,1.0594797,7,939
da02,1706844230486007,7.0397339,0.8133508,1.0577042,8,940
da02,1706844230585865,7.02828,0.81663543,1.0627191,8,941
da02,1706844230685953,7.036046,0.81895405,1.0632764,9,942
da02,1706844230785885,7.0401568,0.83119708,1.0586542,10,943
da02,1706844230885885,7.0460277,0.83436817,1.0613929,9,944
da02,1706844230985840,7.0582976,0.82375872,1.0599833,10,945
da02,1706844231085863,7.0642405,0.82543904,1.0715512,9,946
da02,1706844231185849,7.0802341,0.82688779,1.0737544,11,947
da02,1706844231285857,7.0684066,0.83402508,1.0731248,8,948
da02,1706844231385841,7.0613837,0.842067,1.0679579,9,949
da02,1706844231485833,7.0571203,0.83382243,1.0731936,8,950
da02,1706844231585847,7.0642495,0.82783729,1.0669901,10,951
da02,1706844231685855,7.0653405,0.82060611,1.0827459,8,952
da02,1706844231785837,7.059958,0.82565427,1.075415,9,953
da02,1706844231885840,7.0686774,0.82057792,1.0753067,10,954
da02,1706844231985840,7.0609536,0.82483965,1.072516,8,955
da02,1706844232085849,7.0607653,0.80707514,1.0840335,7,956
da02,1706844232185905,7.0471377,0.8089636,1.0832033,7,957
da02,1706844232287404,7.0417624,0.81569993,1.0803858,8,958
da02,1706844232385898,7.0390177,0.81179327,1.0751275,8,959
da02,1706844232485864,7.0550981,0.82258159,1.0709583,11,960
da02,1706844232585918,7.0600119,0.82095027,1.0576345,11,961
da02,1706844232685886,7.0655303,0.82566857,1.055357,10,962
da02,1706844232785839,7.0707421,0.832485,1.0658529,10,963
da02,1706844232885900,7.0635996,0.83606309,1.0620657,9,964
da02,1706844232985864,7.0683217,0.83022141,1.0640929,10,965
da02,1706844233085854,7.0702119,0.83175707,1.0742322,9,966
da02,1706844233185850,7.079349,0.83236164,1.0671512,11,967
da02,1706844233285879,7.067729,0.83921021,1.0723603,8,968
da02,1706844233385867,7.0725136,0.83596128,1.0726067,10,969
da02,1706844233485872,7.0729752,0.837671,1.0647687,10,970
da02,1706844233585861,7.0742469,0.82689261,1.0725625,9,971
da02,1706844233685935,7.0838275,0.8339411,1.0685087,11,972
da02,1706844233785856,7.0705667,0.82547408,1.0662197,8,973
da02,1706844233885874,7.0784369,0.82871848,1.0655417,11,974
da02,1706844233985862,7.0739965,0.83102953,1.0637348,9,975
da02,1706844234085870,7.0817132,0.83208567,1.0771554,10,976
da02,1706844234185860,7.0657339,0.83706981,1.0828058,8,977
da02,1706844234285865,7.0824924,0.83903319,1.0754852,12,978
da02,1706844234385876,7.0720019,0.84247404,1.0686132,9,979
da02,1706844234485874,7.0517163,0.83920354,1.0726283,8,980
da02,1706844234585849,7.0517206,0.835469,1.0723344,9,981
da02,1706844234685853,7.0695772,0.83771521,1.0832832,10,982
da02,1706844234785863,7.0770483,0.83084106,1.0699896,11,983
da02,1706844234885875,7.0854235,0.819664,1.0663462,11,984
da02,1706844234985878,7.0751653,0.81597215,1.0602764,9,985
da02,1706844235085943,7.0780463,0.82195228,1.0570652,11,986
da02,1706844235185965,7.0725031,0.8292914,1.0587637,9,987
da02,1706844235285874,7.0706387,0.834795,1.0632614,9,988
da02,1706844235385870,7.06783,0.83142734,1.0671148,9,989
da02,1706844235485922,7.0707064,0.82864785,1.0623589,10,990
da02,1706844235585912,7.067873,0.82691228,1.0550916,10,991
da02,1706844235685882,7.066833,0.83003664,1.0583549,9,992
da02,1706844235785893,7.0661397,0.82675481,1.0627902,9,993
da02,1706844235885864,7.0790014,0.82597494,1.0659258,11,994
da02,1706844235985962,7.0816774,0.82978356,1.0675457,10,995
da02,1706844236085955,7.076591,0.82170188,1.0658339,9,996
da02,1706844236185879,7.0814157,0.82624912,1.0644706,11,997
da02,1706844236285876,7.0606589,0.82744557,1.0678376,8,998
da02,1706844236385872,7.0508361,0.82506287,1.0677259,8,999
da02,1706844236485884,7.0589972,0.82604051,1.0822172,9,1000
da02,1706844236585892,7.0585504,0.8064642,1.0923268,7,1001
da02,1706844236685958,7.0560713,0.81164122,1.0888082,8,1002
da02,1706844236785885,7.062222,0.81679189,1.0807469,10,1003
da02,1706844236885879,7.072969,0.82033622,1.0781757,11,1004
da02,1706844236985880,7.0694904,0.82620549,1.0763208,9,1005
da02,1706844237085912,7.0726314,0.82954633,1.0769426,10,1006
da02,1706844237185877,7.0617852,0.8225106,1.0790808,7,1007
da02,1706844237285910,7.0690246,0.83461338,1.0810792,10,1008
da02,1706844237385833,7.0712476,0.82684481,1.0854968,9,1009
da02,1706844237485949,7.0744886,0.82070786,1.0782422,10,1010
da02,1706844237585938,7.2073593,0.82616425,1.0558556,67,1011
da02,1706844237685914,7.1680069,0.82945949,1.0560005,9,1012
da02,1706844237785893,7.1435075,0.82833833,1.0473912,10,1013
da02,1706844237885921,7.1232796,0.82476157,1.049382,9,1014
da02,1706844237985917,7.1142335,0.81949013,1.061164,9,1015
da02,1706844238085878,7.0905805,0.8228063,1.0665592,7,1016
da02,1706844238185934,7.0816259,0.82356524,1.0664449,9,1017
da02,1706844238285881,7.0711188,0.82225263,1.0616916,9,1018
da02,1706844238385886,7.0694003,0.816401,1.0714612,8,1019
da02,1706844238485888,7.0752583,0.82187891,1.0700105,10,1020
da02,1706844238585911,7.0711689,0.82963288,1.0671393,9,1021
da02,1706844238685904,7.0773578,0.83105075,1.0688686,10,1022
da02,1706844238785892,7.065167,0.83374649,1.0724589,8,1023
da02,1706844238885894,7.0776305,0.82532167,1.0577066,12,1024
da02,1706844238985894,7.0759854,0.83372271,1.0601791,10,1025
da02,1706844239085895,7.0670161,0.81743175,1.0797371,7,1026
da02,1706844239185904,7.063674,0.81317627,1.073169,9,1027
da02,1706844239285923,7.0630336,0.81264567,1.0673174,9,1028
da02,1706844239385893,7.0748219,0.81050026,1.0694823,11,1029
da02,1706844239485902,7.0520029,0.83345246,1.0748228,9,1030
da02,1706844239585925,7.0694447,0.83772033,1.0768806,11,1031
da02,1706844239685962,7.0688796,0.83181512,1.0712155,10,1032
da02,1706844239785907,7.0703163,0.8299886,1.0736328,9,1033
da02,1706844239885898,7.0561929,0.82653463,1.0775386,7,1034
da02,1706844239985905,7.0653253,0.82943243,1.0821486,10,1035
da02,1706844240085906,7.0717607,0.83538091,1.0780787,10,1036
da02,1706844240185906,7.076942,0.84177452,1.0692469,11,1037
da02,1706844240285888,7.07674,0.8382259,1.0697771,10,1038
da02,1706844240385896,7.0589738,0.84127855,1.0754336,8,1039
da02,1706844240485899,7.0517988,0.83883339,1.0738925,8,1040
da02,1706844240585906,7.0541453,0.83073753,1.0712882,9,1041
da02,1706844240685910,7.0648832,0.83830941,1.0638864,11,1042
da02,1706844240785912,7.0623965,0.8317861,1.0709544,8,1043
da02,1706844240885905,7.0677052,0.83338326,1.0701774,10,1044
da02,1706844240985941,7.0751452,0.83348858,1.0721978,10,1045
da02,1706844241086029,7.0608225,0.837036,1.0748937,8,1046
da02,1706844241185954,7.0596218,0.83836925,1.0713998,9,1047
da02,1706844241286502,7.0586715,0.84038872,1.0843815,8,1048
da02,1706844241385906,7.060688,0.84050816,1.0827837,9,1049
da02,1706844241486097,7.0615349,0.83463323,1.0773268,9,1050
da02,1706844241585971,7.0632286,0.83467638,1.0819743,9,1051
da02,1706844241685966,7.0629559,0.83504742,1.0885055,8,1052
da02,1706844241785937,7.0492315,0.84717196,1.083136,8,1053
da02,1706844241885916,7.0403833,0.838354,1.0767096,8,1054
da02,1706844241985948,7.0454035,0.84040946,1.0842509,8,1055
da02,1706844242085948,7.0409245,0.83439994,1.084577,7,1056
da02,1706844242185950,7.041636,0.83704913,1.0847543,8,1057
da02,1706844242285918,7.0524015,0.84362125,1.087606,10,1058
da02,1706844242385910,7.0510187,0.84324133,1.0853144,8,1059
da02,1706844242485930,7.0435185,0.84245533,1.0902705,8,1060
da02,1706844242585932,7.0589595,0.83846444,1.0849584,11,1061
da02,1706844242686016,7.0622911,0.84774458,1.0755789,10,1062
da02,1706844242785927,7.0611143,0.84498209,1.0650282,10,1063
da02,1706844242885946,7.0615029,0.83612126,1.0622591,9,1064
da02,1706844242985922,7.0634418,0.82007,1.0695337,8,1065
da02,1706844243085915,7.0634332,0.82934028,1.0744692,9,1066
da02,1706844243185922,7.0558128,0.83478886,1.0694873,9,1067
da02,1706844243285929,7.0593586,0.83334595,1.06919,9,1068
da02,1706844243385925,7.0584345,0.84114665,1.0727837,9,1069
da02,1706844243485916,7.0564389,0.83164316,1.0810112,8,1070
da02,1706844243585922,7.0653977,0.84227091,1.076358,11,1071
da02,1706844243685909,7.0784259,0.83987355,1.0730458,11,1072
da02,1706844243785987,7.0698376,0.8343969,1.0853419,7,1073
da02,1706844243885930,7.06864,0.83865887,1.0793986,10,1074
da02,1706844243985933,7.0755363,0.8322019,1.0800506,10,1075
da02,1706844244085938,7.0722466,0.83102387,1.0749418,9,1076
da02,1706844244185951,7.0738921,0.83618051,1.0707569,10,1077
da02,1706844244285926,7.0740271,0.836716,1.0630199,10,1078
da02,1706844244385927,7.0729575,0.83812004,1.0692278,9,1079
da02,1706844244485953,7.07682,0.83476877,1.0713075,10,1080
da02,1706844244585994,7.0708089,0.83962435,1.0711523,9,1081
da02,1706844244685960,7.0535522,0.83223683,1.0735027,7,1082
da02,1706844244785934,7.060473,0.82323378,1.0702264,10,1083
da02,1706844244885931,7.0456252,0.82790118,1.0639118,8,1084
da02,1706844244985934,7.0399742,0.8227309,1.0765346,7,1085
da02,1706844245085926,7.0363641,0.82610363,1.0677915,8,1086
da02,1706844245185934,7.0389543,0.83233643,1.0711939,8,1087
da02,1706844245285931,7.040216,0.82986259,1.0843177,7,1088
da02,1706844245385924,7.0338664,0.83395624,1.0815243,8,1089
da02,1706844245485935,7.0387745,0.82779241,1.078988,9,1090
da02,1706844245585948,7.0341496,0.818932,1.0767363,7,1091
da02,1706844245686008,7.0374932,0.81463695,1.0739413,8,1092
da02,1706844245785981,7.0375915,0.8181814,1.0669795,9,1093
da02,1706844245886001,7.0500011,0.814582,1.0668015,10,1094
da02,1706844245985940,7.0441518,0.82840294,1.0797778,8,1095
da02,1706844246085978,7.0391216,0.83069646,1.072973,8,1096
da02,1706844246185951,7.044529,0.831362,1.0727358,9,1097
da02,1706844246287163,7.04394,0.83522087,1.0672278,9,1098
da02,1706844246386135,7.0462146,0.83543974,1.0742214,8,1099
da02,1706844246486128,7.0463781,0.83710515,1.0752759,8,1100
da02,1706844246586144,7.0506616,0.83986241,1.0818356,9,1101
da02,1706844246686143,7.0574212,0.83527654,1.0836979,9,1102
da02,1706844246786178,7.0633273,0.827743,1.0823433,9,1103
da02,1706844246886163,7.079257,0.82571417,1.0684355,12,1104
da02,1706844246986154,7.0776834,0.82805371,1.067433,10,1105
da02,1706844247086152,7.0871992,0.83294046,1.0663933,11,1106
da02,1706844247186176,7.081378,0.83117342,1.0695354,9,1107
da02,1706844247286188,7.0882063,0.8259697,1.0591549,12,1108
da02,1706844247386123,7.0809155,0.8304013,1.0658551,9,1109
da02,1706844247486155,7.0716424,0.83290851,1.0741533,8,1110
da02,1706844247586155,7.0657096,0.84263426,1.0789022,8,1111
da02,1706844247687728,7.0706196,0.83662814,1.0833203,9,1112
da02,1706844247786123,7.080009,0.83107972,1.0924919,10,1113
da02,1706844247886693,7.0862012,0.83775216,1.0891912,11,1114
da02,1706844247986145,7.0871019,0.83756548,1.0770719,11,1115
da02,1706844248086164,7.0707674,0.85013068,1.0816743,8,1116
da02,1706844248186158,7.0751152,0.84827679,1.0783079,10,1117
da02,1706844248286132,7.0817037,0.85474211,1.0775871,11,1118
da02,1706844248386106,7.0740666,0.85606265,1.0789958,9,1119
da02,1706844248486132,7.074513,0.85348445,1.0709703,10,1120
da02,1706844248586110,7.0798783,0.84900177,1.0641856,11,1121
da02,1706844248686247,7.066318,0.84572858,1.0661224,8,1122
da02,1706844248786126,7.0705051,0.85280043,1.065738,10,1123
da02,1706844248886137,7.0746217,0.84505975,1.0635031,10,1124
da02,1706844248986107,7.071147,0.84220403,1.0580614,10,1125
da02,1706844249086339,7.0770097,0.83749688,1.059929,10,1126
da02,1706844249186121,7.0771275,0.83572561,1.0717928,9,1127
da02,1706844249286139,7.0660634,0.84173316,1.0758414,8,1128
da02,1706844249386124,7.0735493,0.83786774,1.0784566,10,1129
da02,1706844249486137,7.0639,0.834085,1.0713502,9,1130
da02,1706844249586121,7.0566378,0.83342588,1.0743309,8,1131
da02,1706844249686151,7.0373745,0.84173805,1.0756741,8,1132
da02,1706844249786120,7.0344343,0.8402099,1.0861835,8,1133
da02,1706844249886135,7.0510125,0.835643,1.0818021,10,1134
da02,1706844249986134,7.0688415,0.82928258,1.0826327,11,1135
da02,1706844250086159,7.0745606,0.82519484,1.0751966,10,1136
da02,1706844250186169,7.0679884,0.83127838,1.0777946,8,1137
da02,1706844250286180,7.0639253,0.82952517,1.0762091,9,1138
da02,1706844250386172,7.0688071,0.83404344,1.0635103,11,1139
da02,1706844250486120,7.0742006,0.82347071,1.0693842,9,1140
da02,1706844250586132,7.057754,0.83398938,1.071088,8,1141
da02,1706844250686151,7.0677004,0.83168733,1.0759431,10,1142
da02,1706844250786125,7.0627337,0.84184492,1.0688192,9,1143
da02,1706844250886140,7.0556068,0.84825009,1.0677857,9,1144
da02,1706844250986124,7.0405436,0.84464407,1.0758736,8,1145
da02,1706844251086160,7.0540605,0.83943,1.0619854,11,1146
da02,1706844251186129,7.0500293,0.836684,1.0694016,8,1147
da02,1706844251286266,7.0569239,0.83525187,1.0599651,10,1148
da02,1706844251386145,7.0644641,0.82963014,1.0622418,10,1149
da02,1706844251486173,7.0550861,0.83206236,1.0546875,9,1150
da02,1706844251586182,7.035635,0.82696849,1.0503088,7,1151
da02,1706844251686199,7.0471029,0.8391099,1.0528309,10,1152
da02,1706844251786214,7.0585356,0.83891064,1.0560378,10,1153
da02,1706844251886050,7.063797,0.8297196,1.0601981,9,1154
da02,1706844251985989,7.0603118,0.83315694,1.0710328,8,1155
da02,1706844252085991,7.0688176,0.83521843,1.0673208,11,1156
da02,1706844252186015,7.0598621,0.83915675,1.0679277,8,1157
da02,1706844252286901,7.04832,0.83458805,1.0660111,8,1158
da02,1706844252385990,7.0512376,0.82233012,1.0588439,9,1159
da02,1706844252486014,7.0555205,0.82553256,1.056736,10,1160
da02,1706844252586040,7.0560293,0.82939994,1.0550385,9,1161
da02,1706844252686031,7.049881,0.83517247,1.0576714,8,1162
da02,1706844252786047,7.0514841,0.83243865,1.0646203,9,1163
da02,1706844252885994,7.0634546,0.82680577,1.0672915,10,1164
da02,1706844252986071,7.0668907,0.83348924,1.0564131,11,1165
da02,1706844253086055,7.0633621,0.83866471,1.0599813,9,1166
da02,1706844253186049,7.073771,0.83895445,1.0671155,10,1167
da02,1706844253286003,7.075069,0.8398602,1.0679408,10,1168
da02,1706844253386008,7.0645866,0.84040314,1.0676553,8,1169
da02,1706844253485982,7.0677385,0.84350169,1.0756371,9,1170
da02,1706844253586000,7.07118,0.85146886,1.0756265,10,1171
da02,1706844253685986,7.0731349,0.84810179,1.0777502,9,1172
da02,1706844253785988,7.08686,0.84498668,1.0825509,11,1173
da02,1706844253885995,7.0655284,0.8385666,1.0751576,7,1174
da02,1706844253986463,7.0781951,0.83296716,1.073437,11,1175
da02,1706844254086006,7.0918293,0.8371101,1.0650558,12,1176
da02,1706844254186470,7.0803275,0.83087063,1.068624,8,1177
da02,1706844254286005,7.0812292,0.82824755,1.0632162,10,1178
da02,1706844254386490,7.0930471,0.82680237,1.0592487,12,1179
da02,1706844254486017,7.0988307,0.82528847,1.0580907,11,1180
da02,1706844254586016,7.0889955,0.82320142,1.0590926,9,1181
da02,1706844254686050,7.0918069,0.83071131,1.0640361,10,1182
da02,1706844254786006,7.095078,0.83639216,1.063689,11,1183
da02,1706844254886026,7.0835028,0.83187336,1.0628228,9,1184
da02,1706844254985999,7.0840178,0.82753128,1.0557951,11,1185
da02,1706844255086106,7.08519,0.82120526,1.0632417,10,1186
da02,1706844255186046,7.0764203,0.82346755,1.0646074,9,1187
da02,1706844255286050,7.0675383,0.82625,1.066583,8,1188
da02,1706844255386046,7.06021,0.82231712,1.0714127,8,1189
da02,1706844255486043,7.0641727,0.82475221,1.0717626,10,1190
da02,1706844255586044,7.0610089,0.82798851,1.0727715,9,1191
da02,1706844255686067,7.0685544,0.83089542,1.0775222,10,1192
da02,1706844255786048,7.0708232,0.83083737,1.0736074,10,1193
da02,1706844255886037,7.0747671,0.8342616,1.0636511,11,1194
da02,1706844255986021,7.0682459,0.83134764,1.0707403,8,1195
da02,1706844256086025,7.0639734,0.83851683,1.0738606,9,1196
da02,1706844256186079,7.0756688,0.8384642,1.0897136,10,1197
da02,1706844256286036,7.0685415,0.83489764,1.0854411,8,1198
da02,1706844256386034,7.0590844,0.827273,1.0868543,7,1199
da02,1706844256486032,7.0535388,0.82011181,1.0807265,8,1200
da02,1706844256586026,7.0445995,0.8281197,1.0816628,8,1201
da02,1706844256686089,7.0455651,0.83018696,1.0739483,9,1202
da02,1706844256786220,7.0566611,0.82965082,1.0649248,11,1203
da02,1706844256886114,7.0576472,0.83281422,1.0674299,9,1204
da02,1706844256986077,7.0679455,0.83606464,1.0684985,11,1205
da02,1706844257086087,7.07449,0.84079,1.0627395,11,1206
da02,1706844257186091,7.0637889,0.84029871,1.0699545,8,1207
da02,1706844257286107,7.063766,0.84004796,1.0732979,9,1208
da02,1706844257386135,7.0745254,0.83742839,1.069863,11,1209
da02,1706844257486260,7.0852041,0.833951,1.0825895,10,1210
da02,1706844257586081,7.0905957,0.71239293,1.0606307,70,1211
da02,1706844257686111,7.0900226,0.74273705,1.0617971,10,1212
da02,1706844257786110,7.0727906,0.76598358,1.0684456,8,1213
da02,1706844257886136,7.0678239,0.78476441,1.0603237,10,1214
da02,1706844257986130,7.0660863,0.79464948,1.0663197,9,1215
da02,1706844258086088,7.0644531,0.79913014,1.0611335,9,1216
da02,1706844258186077,7.0541267,0.80005676,1.0664819,7,1217
da02,1706844258286083,7.0718603,0.81086087,1.0647992,12,1218
da02,1706844258386086,7.07098,0.81697094,1.0574247,10,1219
da02,1706844258486095,7.0838408,0.81529224,1.0605783,11,1220
da02,1706844258586059,7.0883741,0.82219994,1.0616754,11,1221
da02,1706844258686090,7.0845714,0.81863445,1.07538,8,1222
da02,1706844258786064,7.0675945,0.82068038,1.0744058,7,1223
da02,1706844258886091,7.0643835,0.8220033,1.0685438,9,1224
da02,1706844258986078,7.0653267,0.8286069,1.0688939,9,1225
da02,1706844259086084,7.05367,0.8188526,1.0602154,8,1226
da02,1706844259186136,7.0613589,0.80680275,1.0719858,9,1227
da02,1706844259286089,7.0645313,0.82016313,1.0771629,9,1228
da02,1706844259386082,7.0621076,0.82046211,1.07404,9,1229
da02,1706844259486087,7.0646124,0.81329483,1.0633135,10,1230
da02,1706844259586083,7.0569296,0.80921483,1.0682069,8,1231
da02,1706844259686092,7.062448,0.81414372,1.0790528,9,1232
da02,1706844259786092,7.0586438,0.8155365,1.0770878,8,1233
da02,1706844259886129,7.053586,0.81089967,1.0820327,7,1234
da02,1706844259986099,7.0603385,0.81739151,1.0722475,10,1235
da02,1706844260086150,7.0547018,0.82239157,1.0778303,8,1236
da02,1706844260186062,7.0534496,0.83002663,1.0697886,9,1237
da02,1706844260286144,7.0664587,0.82350796,1.0753777,10,1238
da02,1706844260386026,7.0731153,0.82156956,1.078715,10,1239
da02,1706844260486011,7.06633,0.81699234,1.0743779,9,1240
da02,1706844260586001,7.0675874,0.82183611,1.0784277,9,1241
da02,1706844260686092,7.0522451,0.82006264,1.0751959,7,1242
da02,1706844260786022,7.0471334,0.82257652,1.0709627,8,1243
da02,1706844260886005,7.0550466,0.827514,1.0822295,9,1244
da02,1706844260985980,7.0534434,0.82742852,1.0812354,8,1245
da02,1706844261086004,7.047967,0.83254081,1.080755,8,1246
da02,1706844261185982,7.055172,0.82119328,1.0752591,10,1247
da02,1706844261286061,7.0635133,0.82100683,1.0679202,10,1248
da02,1706844261386056,7.0731163,0.82532108,1.0743903,10,1249
da02,1706844261486065,7.0697064,0.82320118,1.0751042,9,1250
da02,1706844261586046,7.0745273,0.81459832,1.0729111,10,1251
da02,1706844261686068,7.0597892,0.81126982,1.07318,7,1252
da02,1706844261786079,7.0592637,0.81637537,1.0780265,8,1253
da02,1706844261886062,7.072978,0.82225567,1.0839095,10,1254
da02,1706844261986058,7.0676088,0.82609004,1.0856843,8,1255
da02,1706844262086082,7.0678563,0.82379311,1.0867925,9,1256
da02,1706844262186112,7.0810313,0.82075346,1.0928825,10,1257
da02,1706844262286130,7.0730042,0.81789887,1.0840133,9,1258
da02,1706844262386494,7.0759807,0.82709152,1.0787023,10,1259
da02,1706844262486064,7.0771,0.83173537,1.0742573,10,1260
da02,1706844262586224,7.0683413,0.83769435,1.0729057,9,1261
da02,1706844262686038,7.0586886,0.82073081,1.0774413,7,1262
da02,1706844262786199,7.0678706,0.82991081,1.0860485,10,1263
da02,1706844262886128,7.0693865,0.8397516,1.0846612,10,1264
da02,1706844262986115,7.0826287,0.83011419,1.0878481,11,1265
da02,1706844263087656,7.0775638,0.82942945,1.0845782,9,1266
da02,1706844263186103,7.07177,0.83416176,1.0779839,9,1267
da02,1706844263286623,7.0703697,0.84479058,1.0771832,10,1268
da02,1706844263386059,7.0689793,0.8498441,1.0706023,10,1269
da02,1706844263486625,7.0681043,0.84350032,1.0699507,9,1270
da02,1706844263586087,7.0754437,0.84225357,1.0648297,11,1271
da02,1706844263686138,7.0867496,0.83799064,1.0661439,11,1272
da02,1706844263786050,7.0833755,0.83277923,1.0642825,10,1273
da02,1706844263886090,7.0754375,0.83183885,1.0588603,9,1274
da02,1706844263986079,7.0745,0.82851624,1.0615523,9,1275
da02,1706844264086088,7.0651579,0.84083384,1.0655663,8,1276
da02,1706844264186281,7.074019,0.83835024,1.0670571,10,1277
da02,1706844264286089,7.0631461,0.83218467,1.0623925,8,1278
da02,1706844264386055,7.0536466,0.8408953,1.0712069,8,1279
da02,1706844264486062,7.1627393,0.83440685,1.0519466,66,1280
da02,1706844264586086,7.1394086,0.84199327,1.0589885,9,1281
da02,1706844264686092,7.1108851,0.84390843,1.0557225,8,1282
da02,1706844264786070,7.1151986,0.84414446,1.0554245,12,1283
da02,1706844264886077,7.1044483,0.82987893,1.0565406,9,1284
da02,1706844264986074,7.0800004,0.8192873,1.0719019,7,1285
da02,1706844265086071,7.0832858,0.81959468,1.0651324,11,1286
da02,1706844265186143,7.094728,0.8310346,1.0767653,11,1287
da02,1706844265286293,7.0972557,0.83778828,1.0698248,11,1288
da02,1706844265386115,7.0879111,0.84908253,1.0630826,10,1289
da02,1706844265486079,7.0896788,0.83590233,1.0653614,10,1290
da02,1706844265586070,7.0850186,0.84169829,1.0621274,10,1291
da02,1706844265686089,7.0823216,0.84416914,1.0614244,10,1292
da02,1706844265786300,7.0757642,0.84260052,1.0609336,9,1293
da02,1706844265886133,7.073247,0.833544,1.0688548,9,1294
da02,1706844265986122,7.0661745,0.84163868,1.0720729,9,1295
da02,1706844266086150,7.0586743,0.84105545,1.0652534,9,1296
da02,1706844266186043,7.0763803,0.8451575,1.0496665,13,1297
da02,1706844266286057,7.0677915,0.845666,1.0423554,10,1298
da02,1706844266386040,7.0714655,0.83742356,1.0493101,10,1299
da02,1706844266486078,7.0691528,0.83721584,1.048822,10,1300
da02,1706844266586108,7.062716,0.84477061,1.0560026,9,1301
da02,1706844266686124,7.0445633,0.82894182,1.0582603,7,1302
da02,1706844266786113,7.0448384,0.82470983,1.0749415,7,1303
da02,1706844266886090,7.0417137,0.81815106,1.0758799,8,1304
da02,1706844266986123,7.0514212,0.82160437,1.0824224,9,1305
da02,1706844267086327,7.06785,0.83114851,1.0722386,12,1306
da02,1706844267186110,7.0591364,0.83610433,1.0716159,8,1307
da02,1706844267286136,7.0622749,0.83177596,1.0635648,10,1308
da02,1706844267386131,7.0596457,0.82760727,1.0762199,8,1309
da02,1706844267486098,7.0742536,0.81762326,1.076966,11,1310
da02,1706844267586150,7.0776434,0.82951123,1.0728414,10,1311
da02,1706844267686150,7.0760183,0.83457428,1.0783861,9,1312
da02,1706844267786130,7.0781331,0.84628046,1.0767472,10,1313
da02,1706844267886351,7.0892053,0.83841658,1.0716559,11,1314
da02,1706844267986203,7.1051173,0.83859265,1.0705954,12,1315
da02,1706844268086163,7.0864334,0.83461189,1.0657525,8,1316
da02,1706844268186201,7.0803051,0.83834583,1.077458,8,1317
da02,1706844268286168,7.0754652,0.83371556,1.078811,9,1318
da02,1706844268386401,7.0630527,0.83093733,1.0722147,8,1319
da02,1706844268486208,7.0678644,0.829766,1.0689913,10,1320
da02,1706844268586153,7.05917,0.8339166,1.0726177,8,1321
da02,1706844268686187,7.0559058,0.82398188,1.0728956,8,1322
da02,1706844268786173,7.0529284,0.82472432,1.0821431,8,1323
da02,1706844268886151,7.0534387,0.82166928,1.073287,9,1324
da02,1706844268986160,7.051734,0.829133,1.0639267,9,1325
da02,1706844269086158,7.0593028,0.83288854,1.0642235,10,1326
da02,1706844269186140,7.0542049,0.84035981,1.0712878,8,1327
da02,1706844269286162,7.0582628,0.83081925,1.0646478,10,1328
da02,1706844269386142,7.0628619,0.82217687,1.0600942,10,1329
da02,1706844269486154,7.05507,0.82518446,1.0752389,8,1330
da02,1706844269586160,7.0537481,0.83087128,1.0826869,8,1331
da02,1706844269686182,7.0646181,0.832688,1.0895354,10,1332
da02,1706844269786138,7.056087,0.82898045,1.0909936,7,1333
da02,1706844269886156,7.0637097,0.83276182,1.088038,10,1334
da02,1706844269986156,7.0609527,0.8392747,1.0802735,9,1335
da02,1706844270086170,7.0502243,0.835715,1.0982375,8,1336
da02,1706844270186143,7.0673261,0.84251195,1.0817468,12,1337
da02,1706844270286147,7.0752645,0.84009218,1.0668318,11,1338
da02,1706844270386160,7.0827618,0.83783877,1.0639633,11,1339
da02,1706844270486153,7.0781446,0.829262,1.0621599,9,1340
da02,1706844270586152,7.0647783,0.84117252,1.0527397,9,1341
da02,1706844270686182,7.080658,0.83870929,1.0558711,12,1342
da02,1706844270786168,7.0910068,0.83952516,1.0506091,12,1343
da02,1706844270886217,7.0810943,0.84127551,1.0614489,8,1344
da02,1706844270986122,7.0803127,0.8329913,1.0635562,10,1345
da02,1706844271086095,7.0751581,0.8255868,1.0659202,9,1346
da02,1706844271186155,7.083004,0.83108968,1.0620041,11,1347
da02,1706844271286106,7.0824747,0.82804936,1.0558035,10,1348
da02,1706844271386112,7.0892754,0.83103311,1.05993,11,1349
da02,1706844271486124,7.0731406,0.82252985,1.0586957,8,1350
da02,1706844271586126,7.06808,0.82824945,1.05716,9,1351
da02,1706844271686128,7.071907,0.83291614,1.0681604,9,1352
da02,1706844271786102,7.0675817,0.83342093,1.0645775,9,1353
da02,1706844271886129,7.0510044,0.835425,1.0711066,8,1354
da02,1706844271986125,7.0400882,0.83659834,1.0729142,8,1355
da02,1706844272086130,7.0390921,0.83943492,1.0742131,8,1356
da02,1706844272186128,7.048799,0.83275729,1.0697036,10,1357
da02,1706844272286126,7.05526,0.829558,1.0759318,9,1358
da02,1706844272386127,7.0535131,0.8345508,1.0783459,8,1359
da02,1706844272486138,7.0679755,0.83329791,1.0771618,11,1360
da02,1706844272586118,7.0617537,0.84632558,1.0749755,9,1361
da02,1706844272686181,7.0639234,0.83526695,1.0711849,9,1362
da02,1706844272786144,7.0524354,0.83508968,1.0654272,8,1363
da02,1706844272886167,7.0583315,0.83430827,1.0710658,9,1364
da02,1706844272986210,7.0569372,0.83931822,1.0671732,9,1365
da02,1706844273086197,7.065515,0.83941537,1.069531,10,1366
da02,1706844273186167,7.0623302,0.84310931,1.0698198,9,1367
da02,1706844273286132,7.0621181,0.82828969,1.0740682,8,1368
da02,1706844273386196,7.0528712,0.83800912,1.0761405,8,1369
da02,1706844273486145,7.06367,0.83282256,1.0817494,10,1370
da02,1706844273586116,7.0702333,0.83156347,1.0783249,10,1371
da02,1706844273686146,7.07587,0.83440208,1.0717416,11,1372
da02,1706844273786116,7.0762548,0.83565414,1.0775849,9,1373
da02,1706844273887104,7.0779271,0.84628475,1.0823289,10,1374
da02,1706844273986199,7.0831456,0.84731656,1.0762565,11,1375
da02,1706844274086290,7.068696,0.84893453,1.0766515,8,1376
da02,1706844274186181,7.0759053,0.84520978,1.0694948,11,1377
da02,1706844274286723,7.0732083,0.84561747,1.0709392,9,1378
da02,1706844274386124,7.0675416,0.83502263,1.0720383,8,1379
da02,1706844274486140,7.0705004,0.82903332,1.0766857,9,1380
da02,1706844274586112,7.071609,0.82228041,1.0797467,9,1381
da02,1706844274686133,7.0723147,0.82629091,1.0697622,10,1382
da02,1706844274786107,7.0705333,0.8303113,1.0707715,9,1383
da02,1706844274886149,7.0650229,0.82947832,1.084067,7,1384
da02,1706844274986147,7.0837045,0.82064337,1.0733604,12,1385
da02,1706844275086151,7.0765576,0.81630892,1.0735626,9,1386
da02,1706844275186108,7.0840826,0.821862,1.0707837,11,1387
da02,1706844275286133,7.0855131,0.82561135,1.0670418,10,1388
da02,1706844275386147,7.087101,0.82019454,1.0628068,10,1389
da02,1706844275486155,7.0758781,0.82680535,1.0635769,9,1390
da02,1706844275586159,7.0774293,0.8300249,1.0635958,10,1391
da02,1706844275686182,7.0657129,0.82590842,1.063584,8,1392
da02,1706844275786155,7.0585046,0.81905121,1.0708557,7,1393
da02,1706844275886186,7.0601583,0.82603258,1.0681657,10,1394
da02,1706844275986191,7.072464,0.83521491,1.0597079,12,1395
da02,1706844276086180,7.0644622,0.84172887,1.0689477,8,1396
da02,1706844276186165,7.0585327,0.84215337,1.0743775,8,1397
da02,1706844276286184,7.0663495,0.83852249,1.0803727,9,1398
da02,1706844276386174,7.0593653,0.82813913,1.0844965,7,1399
da02,1706844276486148,7.0616207,0.82755536,1.0904241,8,1400
da02,1706844276586182,7.0586567,0.83278155,1.078867,9,1401
da02,1706844276686170,7.0749636,0.8278985,1.0780658,11,1402
da02,1706844276786130,7.080852,0.8380295,1.070762,11,1403
da02,1706844276887948,7.0769186,0.84023225,1.0718896,9,1404
da02,1706844276986156,7.0694933,0.83507973,1.0755109,8,1405
da02,1706844277086153,7.0687776,0.837618,1.0803015,9,1406
da02,1706844277186210,7.0626893,0.82938188,1.0783058,8,1407
da02,1706844277286130,7.0580058,0.82999665,1.071362,9,1408
da02,1706844277386153,7.0497494,0.81834906,1.0700277,8,1409
da02,1706844277486156,7.0427661,0.811457,1.074858,7,1410
da02,1706844277586574,7.0536509,0.82294047,1.080855,10,1411
da02,1706844277686153,7.0619445,0.82490557,1.0755557,10,1412
da02,1706844277786143,7.06438,0.82331628,1.0740739,9,1413
da02,1706844277886164,7.0581303,0.82543063,1.0684819,9,1414
da02,1706844277986148,7.045331,0.83576375,1.0770224,8,1415
da02,1706844278086191,7.0526953,0.82957208,1.0807056,9,1416
da02,1706844278186172,7.052433,0.82934088,1.0825503,8,1417
da02,1706844278286158,7.0591588,0.827083,1.0739355,10,1418
da02,1706844278386161,7.0615296,0.82455659,1.0741906,9,1419
da02,1706844278487730,7.0650759,0.83205038,1.0718892,10,1420
da02,1706844278586199,7.06862,0.83020633,1.0700724,10,1421
da02,1706844278686194,7.06715,0.82391572,1.0656939,9,1422
da02,1706844278786192,7.0606213,0.8243205,1.0704733,8,1423
da02,1706844278886172,7.0637012,0.82698047,1.0727515,9,1424
da02,1706844278986233,7.0465784,0.8309269,1.0803386,8,1425
da02,1706844279086318,7.0498991,0.8448742,1.0866003,9,1426
da02,1706844279186213,7.0418515,0.84780723,1.0864432,8,1427
da02,1706844279286186,7.0431581,0.84305584,1.0795557,9,1428
da02,1706844279386209,7.0444903,0.84135294,1.0761588,9,1429
da02,1706844279486211,7.0485315,0.84044677,1.0792879,9,1430
da02,1706844279586182,7.0622153,0.84518737,1.0744499,11,1431
da02,1706844279686188,7.0704894,0.85278487,1.0739138,11,1432
da02,1706844279786179,7.0895376,0.8440901,1.0809915,11,1433
da02,1706844279886218,7.0919585,0.83778673,1.0802789,10,1434
da02,1706844279986190,7.0862207,0.82696915,1.0771973,9,1435
da02,1706844280086230,7.0699344,0.82918745,1.0761864,8,1436
da02,1706844280186264,7.0619187,0.83014596,1.0766115,8,1437
da02,1706844280286184,7.0740151,0.82366514,1.0689226,11,1438
da02,1706844280386177,7.0666356,0.81779349,1.0694228,8,1439
da02,1706844280486180,7.0714345,0.81241852,1.0668914,10,0
da02,1706844280586165,7.0619926,0.8119483,1.0681481,8,1
da02,1706844280686226,7.0621252,0.8135913,1.0653025,9,2
da02,1706844280786156,7.0423055,0.82279545,1.066034,8,3
da02,1706844280886183,7.0436149,0.81637734,1.0731448,8,4
da02,1706844280986155,7.0579443,0.81555063,1.0675447,11,5
da02,1706844281086177,7.0662522,0.82270664,1.0701767,10,6
da02,1706844281186188,7.0574431,0.81364852,1.0702239,8,7
da02,1706844281286182,7.0671358,0.81458378,1.0697454,10,8
da02,1706844281386179,7.056335,0.81930584,1.0575154,9,9
da02,1706844281486187,7.0678177,0.82073438,1.0579331,11,10
da02,1706844281586258,7.0652881,0.82356185,1.0552144,9,11
da02,1706844281686321,7.0596,0.82377034,1.0522842,9,12
da02,1706844281786170,7.0698061,0.82893574,1.0544052,11,13
da02,1706844281886195,7.0566826,0.818246,1.0669072,7,14
da02,1706844281986198,7.0626802,0.82174551,1.064321,10,15
da02,1706844282086208,7.0568266,0.82645506,1.0656873,8,16
da02,1706844282186220,7.0666218,0.82640916,1.070841,10,17
da02,1706844282286228,7.0595512,0.82017732,1.0776989,7,18
da02,1706844282386220,7.0591288,0.82083976,1.0768946,9,19
da02,1706844282486450,7.0740838,0.82227027,1.0816989,11,20
da02,1706844282586405,7.0647283,0.81968963,1.0855029,7,21
da02,1706844282686440,7.0652976,0.81935143,1.089403,9,22
da02,1706844282786196,7.06667,0.83267826,1.0774904,10,23
da02,1706844282886642,7.0680604,0.82013744,1.0765221,9,24
da02,1706844282986184,7.0565176,0.81167287,1.0793835,7,25
da02,1706844283086255,7.0662551,0.82546264,1.0730655,11,26
da02,1706844283186260,7.0609312,0.83557767,1.0752308,9,27
da02,1706844283286226,7.0681129,0.8381725,1.0673255,11,28
da02,1706844283386221,7.0696149,0.84257627,1.0732906,9,29
da02,1706844283486186,7.0639534,0.84029043,1.0662639,9,30
da02,1706844283586208,7.0581808,0.83881819,1.0754385,8,31
da02,1706844283686190,7.0499644,0.8415271,1.0680599,8,32
da02,1706844283786201,7.0585742,0.82718831,1.0713332,9,33
da02,1706844283886204,7.0660791,0.82435185,1.0683947,10,34
da02,1706844283986230,7.0678558,0.82137394,1.0769776,9,35
da02,1706844284086216,7.0652461,0.82728571,1.0857942,8,36
da02,1706844284186259,7.0653048,0.82658154,1.0813446,9,37
da02,1706844284286235,7.0863891,0.82930595,1.0829339,12,38
da02,1706844284386212,7.0800633,0.82477713,1.070869,10,39
da02,1706844284486237,7.0737205,0.82616335,1.070037,9,40
da02,1706844284586426,7.06855,0.8286466,1.0763283,8,41
da02,1706844284686292,7.0782275,0.82100159,1.0734409,11,42
da02,1706844284786251,7.0678782,0.81651032,1.0748031,8,43
da02,1706844284886504,7.0581131,0.81843126,1.0678641,8,44
da02,1706844284986279,7.0634151,0.81893659,1.0591514,10,45
da02,1706844285086207,7.0831437,0.81984615,1.0592136,12,46
da02,1706844285186222,7.0733285,0.82396489,1.0574032,9,47
da02,1706844285286759,7.0743794,0.82673091,1.0626677,10,48
da02,1706844285386240,7.0752273,0.82317525,1.0723987,9,49
da02,1706844285486224,7.0685019,0.80540842,1.0669991,8,50
da02,1706844285586285,7.0645165,0.82094878,1.0690477,9,51
da02,1706844285686268,7.0730062,0.8271,1.0849162,9,52
da02,1706844285786274,7.0572195,0.83846408,1.0960565,9,53
da02,1706844285886262,7.0574088,0.83229238,1.0937412,8,54
da02,1706844285986268,7.0540133,0.832269,1.0753783,10,55
da02,1706844286086238,7.0548315,0.83888215,1.0742887,9,56
da02,1706844286186313,7.0678244,0.836554,1.0706061,11,57
da02,1706844286286205,7.0661831,0.82790422,1.0684752,9,58
da02,1706844286386286,7.0659714,0.8293165,1.0652885,10,59
da02,1706844286486214,7.0685887,0.82442337,1.0616117,10,60
da02,1706844286586232,7.06478,0.82288665,1.0647619,9,61
da02,1706844286686236,7.0644231,0.83259916,1.0674607,9,62
da02,1706844286786229,7.0618682,0.83881634,1.0620918,10,63
da02,1706844286886216,7.0676961,0.83827949,1.0645795,10,64
da02,1706844286986228,7.0595574,0.83208984,1.0678149,8,65
da02,1706844287086260,7.0723872,0.84049171,1.0608637,12,66
da02,1706844287186236,7.089746,0.84383708,1.0630394,12,67
da02,1706844287286228,7.087296,0.85214162,1.0613323,10,68
da02,1706844287386242,7.0811734,0.8392185,1.0625684,9,69
da02,1706844287486244,7.0814729,0.83485609,1.0614002,10,70
da02,1706844287586257,7.0762911,0.83347374,1.0523531,10,71
da02,1706844287686269,7.0691175,0.82441872,1.0553074,8,72
da02,1706844287786242,7.0766568,0.82305449,1.0572386,11,73
da02,1706844287886233,7.0681906,0.81998658,1.0565265,9,74
da02,1706844287986248,7.0744781,0.81672251,1.0563174,10,75
da02,1706844288086224,7.0698638,0.82313412,1.0574676,9,76
da02,1706844288186382,7.0791035,0.82359862,1.0614074,11,77
da02,1706844288286256,7.0786028,0.83326775,1.0565143,10,78
da02,1706844288386277,7.079545,0.830393,1.0568595,10,79
da02,1706844288486287,7.0744591,0.83151168,1.0596032,9,80
da02,1706844288586279,7.0638332,0.8288449,1.0699533,7,81
da02,1706844288686220,7.055284,0.83951968,1.0769546,8,82
da02,1706844288786228,7.0486298,0.83895433,1.0819675,8,83
da02,1706844288886278,7.0457163,0.82772666,1.0805019,8,84
da02,1706844288986256,7.053021,0.82130039,1.0826089,9,85
da02,1706844289086236,7.0531044,0.82057142,1.0767221,9,86
da02,1706844289186299,7.047328,0.82774389,1.0801369,8,87
da02,1706844289286224,7.0444856,0.835026,1.0803761,8,88
da02,1706844289386256,7.0355763,0.83595538,1.0770999,8,89
da02,1706844289486235,7.0629263,0.840862,1.0701454,13,90
da02,1706844289586253,7.0633183,0.82813323,1.0695379,9,91
da02,1706844289686223,7.0744853,0.83142769,1.0767561,10,92
da02,1706844289786260,7.0827293,0.84516323,1.0707669,12,93
da02,1706844289886276,7.0739145,0.83427632,1.0770453,8,94
da02,1706844289986316,7.0691605,0.82990062,1.0773852,9,95
da02,1706844290086296,7.0716138,0.83310312,1.0718563,10,96
da02,1706844290186294,7.0703144,0.83856279,1.0593452,10,97
da02,1706844290286297,7.0842795,0.84491283,1.066139,11,98
da02,1706844290386282,7.0831227,0.83309752,1.0674266,9,99
da02,1706844290486363,7.0668964,0.83114964,1.0694857,7,100
da02,1706844290586298,7.0573945,0.82828844,1.0635216,8,101
da02,1706844290686339,7.0513997,0.82717425,1.0743034,7,102
da02,1706844290786308,7.0546193,0.821241,1.0736938,9,103
da02,1706844290886288,7.0592,0.82467085,1.0751668,9,104
da02,1706844290986343,7.0507913,0.82859892,1.074724,8,105
da02,1706844291086250,7.0591364,0.81973535,1.0808008,9,106
da02,1706844291186356,7.0646696,0.8115809,1.0825617,9,107
da02,1706844291286351,7.0614395,0.81359106,1.0870214,8,108
da02,1706844291386319,7.0574012,0.82104373,1.0914477,8,109
da02,1706844291486473,7.04836,0.82245362,1.0937666,8,110
da02,1706844291586322,7.0527124,0.8184697,1.0859089,9,111
da02,1706844291686298,7.0558681,0.82220894,1.0821515,9,112
da02,1706844291786311,7.0728517,0.82337648,1.0740583,12,113
da02,1706844291886323,7.0690093,0.82890141,1.0683944,9,114
da02,1706844291986316,7.0743103,0.82413805,1.0668888,10,115
da02,1706844292086298,7.089385,0.8233369,1.0665677,12,116
da02,1706844292186341,7.0902472,0.82708085,1.0663403,10,117
da02,1706844292286289,7.0753264,0.82370037,1.0656424,8,118
da02,1706844292386293,7.0750794,0.8283754,1.070911,9,119
da02,1706844292486313,7.0863552,0.83201844,1.0797338,11,120
da02,1706844292586339,7.085959,0.83873492,1.0834619,10,121
da02,1706844292686288,7.0851092,0.831103,1.0797881,10,122
da02,1706844292786266,7.0893316,0.83291364,1.0795012,10,123
da02,1706844292886267,7.0927896,0.83834028,1.0856177,10,124
da02,1706844292986273,7.0737815,0.83429009,1.0893414,8,125
da02,1706844293086338,7.0647092,0.83959359,1.0845158,8,126
da02,1706844293186338,7.062665,0.83241379,1.0798939,9,127
da02,1706844293286372,7.0495729,0.8358196,1.0823333,8,128
da02,1706844293386309,7.0515323,0.83935165,1.0749671,9,129
da02,1706844293486324,7.0592761,0.83154821,1.0771978,9,130
da02,1706844293586296,7.0679979,0.83621413,1.0764638,10,131
da02,1706844293686326,7.0666819,0.82839662,1.0742652,9,132
da02,1706844293786299,7.0659356,0.83112139,1.0765309,9,133
da02,1706844293887844,7.0731244,0.82692212,1.0768484,10,134
da02,1706844293986306,7.0560265,0.82313359,1.0726142,7,135
da02,1706844294086266,7.0497551,0.81509471,1.0723948,8,136
da02,1706844294186266,7.0702329,0.81392026,1.0712959,12,137
da02,1706844294286296,7.0735645,0.82110178,1.0707989,10,138
da02,1706844294386282,7.0693965,0.81294644,1.0641046,9,139
da02,1706844294486286,7.0583019,0.82765704,1.0652314,8,140
da02,1706844294586292,7.0561543,0.83384049,1.075557,8,141
da02,1706844294686287,7.0567555,0.81983137,1.0755899,8,142
da02,1706844294786286,7.0603471,0.82848936,1.0732189,10,143
da02,1706844294886288,7.0553927,0.83560187,1.0748886,8,144
da02,1706844294986302,7.174643,0.83434677,1.0578108,67,145
da02,1706844295086273,7.1560788,0.83683836,1.0623344,10,146
da02,1706844295186352,7.1383238,0.837889,1.0689199,10,147
da02,1706844295286299,7.1181364,0.8386302,1.0679657,9,148
da02,1706844295386323,7.1129689,0.8374238,1.070539,10,149
da02,1706844295486270,7.0836921,0.82867837,1.0754178,8,150
da02,1706844295586362,7.0894852,0.82436877,1.0813614,10,151
da02,1706844295686297,7.0949683,0.82568651,1.075648,11,152
da02,1706844295786297,7.0873,0.82014781,1.0709234,9,153
da02,1706844295886283,7.078495,0.81554544,1.0730751,8,154
da02,1706844295986432,7.0794621,0.81593597,1.076489,9,155
da02,1706844296086500,7.07976,0.81998348,1.0752909,10,156
da02,1706844296186309,7.0689368,0.82135463,1.0779705,8,157
da02,1706844296286805,7.0703053,0.82549906,1.0797893,9,158
da02,1706844296386301,7.0879254,0.82514364,1.0736388,12,159
da02,1706844296486288,7.0954671,0.81805289,1.0681927,11,160
da02,1706844296586281,7.0833716,0.82070917,1.0696605,8,161
da02,1706844296686350,7.0853524,0.82552236,1.0638324,11,162
da02,1706844296786306,7.0685682,0.8254683,1.0667901,7,163
da02,1706844296886279,7.0721755,0.81440365,1.0652204,10,164
da02,1706844296986302,7.0551515,0.82382572,1.0671521,8,165
da02,1706844297086276,7.05879,0.82959652,1.0688977,9,166
da02,1706844297186297,7.0467162,0.82930094,1.065009,8,167
da02,1706844297286290,7.0476322,0.82388049,1.0755353,8,168
da02,1706844297386248,7.0593624,0.82490319,1.0696163,11,169
da02,1706844297486279,7.0569415,0.83294594,1.0715955,9,170
da02,1706844297586307,7.0360532,0.82078296,1.0688378,7,171
da02,1706844297686308,7.0399275,0.82396239,1.0626347,9,172
da02,1706844297786299,7.0347762,0.8295874,1.0611488,8,173
da02,1706844297886300,7.0356388,0.82482016,1.0673369,8,174
da02,1706844297986310,7.042583,0.83297217,1.0652193,10,175
da02,1706844298086280,7.0375404,0.83666527,1.0693519,8,176
da02,1706844298186324,7.0463543,0.838474,1.0726441,9,177
da02,1706844298286291,7.0459032,0.82775849,1.075655,8,178
da02,1706844298386326,7.0497184,0.8224104,1.076394,9,179
da02,1706844298486304,7.042634,0.82123911,1.0817517,7,180
da02,1706844298586306,7.0436811,0.82652706,1.0733325,9,181
da02,1706844298686290,7.0555553,0.830939,1.0745176,10,182
da02,1706844298786319,7.0503764,0.83109546,1.0729051,8,183
da02,1706844298886335,7.0618725,0.82542515,1.0710514,10,184
da02,1706844298986352,7.058557,0.8258397,1.0766528,8,185
da02,1706844299086359,7.04036,0.81243169,1.0848027,7,186
da02,1706844299186356,7.05497,0.82192677,1.0781119,11,187
da02,1706844299286269,7.0533791,0.82330143,1.0705669,9,188
da02,1706844299386349,7.0415077,0.82668865,1.082564,8,189
da02,1706844299486317,7.0471134,0.82651097,1.0778742,9,190
da02,1706844299586311,7.06139,0.82020551,1.0649823,11,191
da02,1706844299686382,7.0666547,0.819506,1.0590848,10,192
da02,1706844299786318,7.0670843,0.82338047,1.0607017,9,193
da02,1706844299886333,7.0643725,0.82476962,1.0596697,9,194
da02,1706844299986314,7.0592761,0.82647282,1.064973,8,195
da02,1706844300086316,7.0608096,0.82712293,1.0623025,10,196
da02,1706844300186317,7.0784883,0.82632607,1.061022,12,197
da02,1706844300286312,7.0713439,0.82962161,1.0560883,9,198
da02,1706844300386311,7.0630441,0.82601827,1.0563105,8,199
da02,1706844300486282,7.0698242,0.82195592,1.0616021,10,200
da02,1706844300586309,7.0725,0.82676584,1.0610665,10,201
da02,1706844300686303,7.0629973,0.833522,1.0684663,8,202
da02,1706844300786328,7.0765724,0.83552313,1.0716343,11,203
da02,1706844300886318,7.0715575,0.82933921,1.0740203,9,204
da02,1706844300986354,7.0807285,0.83128881,1.0684018,11,205
da02,1706844301086370,7.0903463,0.829022,1.0674136,11,206
da02,1706844301186383,7.0921378,0.83024347,1.0663424,11,207
da02,1706844301286341,7.0927033,0.83074236,1.0706437,10,208
da02,1706844301386328,7.0897274,0.8288489,1.0701873,10,209
da02,1706844301486352,7.0772362,0.82389206,1.0751641,8,210
da02,1706844301586374,7.0616956,0.82606614,1.0811839,8,211
da02,1706844301686311,7.0496244,0.82817239,1.0732324,8,212
da02,1706844301786318,7.0519824,0.83208263,1.0726134,9,213
da02,1706844301886319,7.0410647,0.81947088,1.0732461,7,214
da02,1706844301986336,7.051352,0.81998676,1.0807701,9,215
da02,1706844302086349,7.0598269,0.82303876,1.0782251,10,216
da02,1706844302186335,7.0562544,0.82482582,1.0761381,9,217
da02,1706844302286324,7.0533514,0.81641412,1.0741434,8,218
da02,1706844302386342,7.067524,0.81557041,1.0753055,11,219
da02,1706844302486351,7.076107,0.82471818,1.0658981,11,220
da02,1706844302586364,7.0783944,0.8231824,1.0773635,9,221
da02,1706844302686443,7.0830832,0.83144915,1.0756397,11,222
da02,1706844302786350,7.0767593,0.8304137,1.0757099,9,223
da02,1706844302886360,7.0739217,0.8300786,1.0703551,10,224
da02,1706844302986379,7.08559,0.82997876,1.0706472,11,225
da02,1706844303086324,7.0808759,0.83276874,1.0649041,10,226
da02,1706844303186352,7.0762153,0.83368844,1.0643032,9,227
da02,1706844303286326,7.05747,0.83565831,1.0670826,8,228
da02,1706844303386365,7.0639133,0.8407017,1.0763533,9,229
da02,1706844303486348,7.0527577,0.83999914,1.0631284,9,230
da02,1706844303586345,7.0602775,0.85179806,1.0684494,10,231
da02,1706844303686369,7.0617504,0.8580178,1.0700324,10,232
da02,1706844303786340,7.0656595,0.85450548,1.072873,10,233
da02,1706844303886342,7.0527449,0.84152955,1.0835248,8,234
da02,1706844303986352,7.0627031,0.84291053,1.0873793,10,235
da02,1706844304086347,7.0598683,0.84387606,1.0814202,9,236
da02,1706844304186416,7.0517635,0.83705515,1.0748616,8,237
da02,1706844304286335,7.0532527,0.83576685,1.071696,9,238
da02,1706844304386350,7.0565619,0.83810109,1.0850677,8,239
da02,1706844304486352,7.0748253,0.84052879,1.0788506,12,240
da02,1706844304586385,7.0936885,0.83308709,1.0713905,13,241
da02,1706844304686376,7.0873694,0.83251983,1.0620109,10,242
da02,1706844304786387,7.0898404,0.83168459,1.0770938,9,243
da02,1706844304886378,7.0904741,0.81686217,1.067978,10,244
da02,1706844304986350,7.0863752,0.82773763,1.0703523,10,245
da02,1706844305086353,7.0857191,0.82694685,1.0762171,9,246
da02,1706844305186365,7.081038,0.82366645,1.085881,8,247
da02,1706844305286326,7.0744514,0.82533038,1.0812961,9,248
da02,1706844305386335,7.0827217,0.83947831,1.0737897,12,249
da02,1706844305486348,7.0734258,0.83715552,1.0728116,9,250
da02,1706844305586350,7.0662928,0.8444317,1.0674295,9,251
da02,1706844305686654,7.0662775,0.85134429,1.0726945,9,252
da02,1706844305786378,7.057169,0.85302675,1.0816916,8,253
da02,1706844305886377,7.0446391,0.8542667,1.0823412,8,254
da02,1706844305986358,7.0494256,0.8494339,1.0784281,9,255
da02,1706844306086425,7.0581222,0.8376497,1.0729407,10,256
da02,1706844306186589,7.0689592,0.84677178,1.0735618,11,257
da02,1706844306286454,7.0688076,0.84380192,1.0753514,9,258
da02,1706844306386466,7.0847611,0.84631556,1.070628,12,259
da02,1706844306486412,7.0838518,0.8337642,1.0756242,9,260
da02,1706844306586424,7.0820212,0.82546854,1.0762178,9,261
da02,1706844306686437,7.0751672,0.8278352,1.0706204,9,262
da02,1706844306786440,7.0783525,0.83373737,1.0783513,10,263
da02,1706844306886436,7.0791097,0.82210791,1.0731792,10,264
da02,1706844306986445,7.0711584,0.82038796,1.0723269,8,265
da02,1706844307086428,7.0877776,0.81415629,1.0823078,11,266
da02,1706844307186519,7.0782123,0.8271538,1.0780604,9,267
da02,1706844307286992,7.0796065,0.82770228,1.0710043,10,268
da02,1706844307386442,7.0803351,0.82400548,1.0632514,10,269
da02,1706844307486482,7.0872693,0.82835078,1.0682497,11,270
da02,1706844307586436,7.0970321,0.83616865,1.0686533,12,271
da02,1706844307686415,7.094408,0.83929956,1.0678608,10,272
da02,1706844307786423,7.0872478,0.82994604,1.0736979,9,273
da02,1706844307886429,7.0796871,0.84057295,1.0665588,10,274
da02,1706844307986438,7.06956,0.84065557,1.0597795,9,275
da02,1706844308086456,7.0633945,0.84599185,1.0534896,10,276
da02,1706844308186462,7.0514545,0.83262044,1.0503496,8,277
da02,1706844308286430,7.0544791,0.83652264,1.0593331,9,278
da02,1706844308386924,7.0569181,0.828236,1.0662519,9,279
da02,1706844308486439,7.1710386,0.8253727,1.0504972,67,280
da02,1706844308586432,7.1287146,0.82157546,1.0542084,7,281
da02,1706844308686508,7.1160522,0.8171159,1.0540023,10,282
da02,1706844308786430,7.0984235,0.82038367,1.0579711,9,283
da02,1706844308886434,7.0966296,0.82521445,1.0626292,10,284
da02,1706844308986446,7.0917883,0.82986277,1.074928,9,285
da02,1706844309086454,7.0827665,0.83749849,1.069108,10,286
da02,1706844309186453,7.0822253,0.83730423,1.0663327,10,287
da02,1706844309288027,7.0703869,0.83468276,1.0778255,7,288
da02,1706844309386456,7.0672369,0.83283889,1.0773493,9,289
da02,1706844309486431,7.0542488,0.82944107,1.0779231,7,290
da02,1706844309586444,7.0658655,0.828713,1.072189,11,291
da02,1706844309686436,7.0666547,0.8202123,1.0635906,10,292
da02,1706844309786444,7.0569134,0.81586903,1.0718199,7,293
da02,1706844309886434,7.0404768,0.81471318,1.0850589,8,294
da02,1706844309986454,7.0447483,0.82005817,1.0911111,8,295
da02,1706844310086439,7.1752081,0.82019842,1.0738194,67,296
da02,1706844310186466,7.1515732,0.82324558,1.0657285,10,297
da02,1706844310286453,7.1457362,0.82638258,1.0659741,12,298
da02,1706844310386465,7.1412749,0.83092916,1.074457,11,299
da02,1706844310486444,7.115438,0.83036363,1.0711554,8,300
da02,1706844310586464,7.1055112,0.83523059,1.0768378,9,301
da02,1706844310686483,7.1030335,0.84086251,1.0741965,11,302
da02,1706844310786487,7.0807467,0.83355105,1.0814151,8,303
da02,1706844310886427,7.0908694,0.82362711,1.0723746,11,304
da02,1706844310986438,7.0971322,0.82750285,1.0580746,12,305
da02,1706844311086502,7.0834231,0.83113575,1.0634617,8,306
da02,1706844311186492,7.0708413,0.83389896,1.0604987,9,307
da02,1706844311286874,7.0652356,0.83441383,1.0732824,8,308
da02,1706844311386867,7.075263,0.83249295,1.064676,11,309
da02,1706844311486521,7.0803022,0.84100485,1.0696219,10,310
da02,1706844311586506,7.0672398,0.82584065,1.0746075,7,311
da02,1706844311686561,7.0717049,0.8297773,1.0629936,11,312
da02,1706844311786516,7.0556726,0.82791722,1.0615765,7,313
da02,1706844311886564,7.0501084,0.82689583,1.0728445,7,314
da02,1706844311986490,7.0524592,0.82324284,1.0773816,8,315
da02,1706844312086516,7.0579967,0.82369304,1.0631509,11,316
da02,1706844312186537,7.0633106,0.82393837,1.0635188,10,317
da02,1706844312286989,7.0492635,0.83133471,1.0683361,8,318
da02,1706844312386470,7.0564404,0.82562464,1.0574144,10,319
da02,1706844312486506,7.0659156,0.82960659,1.0533313,11,320
da02,1706844312586531,7.0674791,0.81782478,1.0621802,9,321
da02,1706844312686584,7.061934,0.82430655,1.0614004,9,322
da02,1706844312786580,7.0573559,0.8317439,1.0643084,9,323
da02,1706844312886570,7.0525937,0.825336,1.0655602,8,324
da02,1706844312986560,7.041389,0.82230872,1.0665898,7,325
da02,1706844313086586,7.0482612,0.81766045,1.0600767,10,326
da02,1706844313186572,7.0494256,0.82452816,1.0657898,9,327
da02,1706844313286573,7.0637674,0.82237619,1.0744978,10,328
da02,1706844313387078,7.0500374,0.826468,1.0726913,8,329
da02,1706844313486583,7.0604162,0.82416224,1.0756485,10,330
da02,1706844313586599,7.0662317,0.82538384,1.0805522,9,331
da02,1706844313686568,7.0656161,0.82774389,1.08088,9,332
da02,1706844313786580,7.0708923,0.8295995,1.0797201,10,333
da02,1706844313886548,7.0642028,0.82785583,1.0792882,8,334
da02,1706844313986549,7.0630064,0.82624859,1.0753459,9,335
da02,1706844314086558,7.0609794,0.82387984,1.0761106,9,336
da02,1706844314186541,7.0525503,0.82538968,1.0757482,8,337
da02,1706844314286560,7.0443754,0.82270122,1.0874932,8,338
da02,1706844314386548,7.0436492,0.81667805,1.0846947,8,339
da02,1706844314486577,7.0406585,0.82221472,1.086421,8,340
da02,1706844314586560,7.0515504,0.81726205,1.0751691,10,341
da02,1706844314686610,7.0534778,0.82051706,1.0767668,9,342
da02,1706844314786548,7.0477524,0.81875139,1.0772569,8,343
da02,1706844314886561,7.0528483,0.82613784,1.0792272,9,344
da02,1706844314986538,7.050334,0.82229906,1.073018,9,345
da02,1706844315086569,7.0548439,0.82547528,1.0711516,9,346
da02,1706844315186557,7.0547848,0.82777858,1.0744084,9,347
da02,1706844315286564,7.0523272,0.8372817,1.0800548,8,348
da02,1706844315386568,7.0471406,0.83884883,1.0756961,8,349
da02,1706844315486584,7.0609226,0.83550179,1.0602785,12,350
da02,1706844315586578,7.0574274,0.83603382,1.0644519,8,351
da02,1706844315686609,7.0496659,0.82475322,1.0665759,7,352
da02,1706844315786571,7.0593252,0.82700729,1.0662559,10,353
da02,1706844315886613,7.0655141,0.82310468,1.0607383,10,354
da02,1706844315986751,7.0649791,0.83045852,1.0751252,8,355
da02,1706844316086578,7.0670252,0.82482833,1.0854673,8,356
da02,1706844316186624,7.0734315,0.829269,1.0884645,10,357
da02,1706844316286594,7.0734496,0.84593469,1.0887949,10,358
da02,1706844316386561,7.0722742,0.83530176,1.0918528,8,359
da02,1706844316486578,7.0721393,0.82883668,1.0931634,9,360
da02,1706844316586557,7.0608115,0.83581227,1.0907511,8,361
da02,1706844316686578,7.0705366,0.8248592,1.0817338,11,362
da02,1706844316786550,7.062757,0.82652324,1.0818187,8,363
da02,1706844316886606,7.063014,0.82862633,1.0780363,9,364
da02,1706844316986578,7.05645,0.82337505,1.0748093,8,365
da02,1706844317086601,7.0580697,0.8131147,1.0826494,8,366
da02,1706844317186568,7.0576668,0.81367689,1.0788471,9,367
da02,1706844317286602,7.0579753,0.82348138,1.0737667,9,368
da02,1706844317386559,7.0690351,0.82384169,1.0738982,10,369
da02,1706844317486484,7.0701261,0.81995183,1.0656251,10,370
da02,1706844317586488,7.0762691,0.81971431,1.0614737,11,371
da02,1706844317686556,7.0759754,0.81420112,1.0604329,10,372
da02,1706844317786482,7.0709481,0.82244736,1.0533466,10,373
da02,1706844317886484,7.072619,0.82453477,1.0516965,10,374
da02,1706844317986483,7.0685959,0.8211475,1.0514988,9,375
da02,1706844318086538,7.0587354,0.81738222,1.0527638,8,376
da02,1706844318186536,7.0544558,0.81043893,1.0579565,8,377
da02,1706844318287064,7.0546665,0.805268,1.0647541,8,378
da02,1706844318386532,7.0623722,0.80870038,1.0575935,11,379
da02,1706844318487058,7.0683918,0.81864405,1.0671562,10,380
da02,1706844318586570,7.0760627,0.82094157,1.0706204,10,381
da02,1706844318686537,7.0585928,0.82048512,1.0735009,8,382
da02,1706844318786532,7.0642896,0.81216872,1.0695415,10,383
da02,1706844318886543,7.06653,0.81344396,1.0630559,10,384
da02,1706844318986527,7.0677223,0.819157,1.0737395,9,385
da02,1706844319086568,7.0535207,0.81582284,1.0706651,7,386
da02,1706844319186559,7.0378551,0.81921518,1.0741673,8,387
da02,1706844319286506,7.0414505,0.81264126,1.0672579,9,388
da02,1706844319386619,7.0512877,0.81527305,1.0676479,10,389
da02,1706844319486502,7.0519915,0.82793623,1.0743935,9,390
da02,1706844319586482,7.06491,0.82907009,1.0723599,11,391
da02,1706844319686516,7.0601163,0.82601786,1.0668801,9,392
da02,1706844319786487,7.0708413,0.83767146,1.070066,11,393
da02,1706844319886524,7.06636,0.83837634,1.080532,8,394
da02,1706844319986485,7.0673418,0.83155191,1.0760504,9,395
da02,1706844320086736,7.0575833,0.8375479,1.0713427,8,396
da02,1706844320186512,7.0675178,0.838847,1.0738034,10,397
da02,1706844320286526,7.0720286,0.83276153,1.0640305,11,398
da02,1706844320386510,7.0667186,0.84518021,1.0669225,9,399
da02,1706844320486519,7.0656233,0.84070659,1.0726795,9,400
da02,1706844320586501,7.0587578,0.83430344,1.0725439,8,401
da02,1706844320686582,7.0648227,0.84416062,1.0781627,10,402
da02,1706844320786520,7.0536056,0.85777271,1.0745766,8,403
da02,1706844320886506,7.0534172,0.85365564,1.0611448,10,404
da02,1706844320986712,7.0450044,0.846191,1.06582,7,405
da02,1706844321086732,7.0501418,0.83963972,1.0660068,9,406
da02,1706844321186524,7.064662,0.83807588,1.0470028,12,407
da02,1706844321286540,7.0654483,0.8207795,1.0567031,9,408
da02,1706844321386529,7.0672169,0.8300702,1.0491129,11,409
da02,1706844321486523,7.0693412,0.83618557,1.0530809,10,410
da02,1706844321586542,7.0690145,0.83581293,1.0752319,8,411
da02,1706844321686573,7.0679321,0.84525669,1.0774989,9,412
da02,1706844321786640,7.0643983,0.83072913,1.0629377,10,413
da02,1706844321886541,7.0705862,0.83998793,1.0751594,9,414
da02,1706844321986556,7.0697422,0.83234757,1.0771375,9,415
da02,1706844322086528,7.0537615,0.83463639,1.0802097,8,416
da02,1706844322186592,7.0510039,0.82976753,1.0778944,8,417
da02,1706844322286535,7.0503035,0.83466208,1.0874499,8,418
da02,1706844322386561,7.0545936,0.82500136,1.0815263,9,419
da02,1706844322486716,7.0534816,0.82514846,1.0855576,8,420
da02,1706844322586562,7.0503883,0.82415044,1.0812145,8,421
da02,1706844322686540,7.0419569,0.82481742,1.0787816,7,422
da02,1706844322786534,7.0500522,0.82921314,1.0807655,9,423
da02,1706844322886602,7.0501218,0.82611108,1.076677,9,424
da02,1706844322986510,7.0455308,0.82817155,1.0800401,8,425
da02,1706844323086533,7.0370178,0.83572721,1.0731637,8,426
da02,1706844323186533,7.0396042,0.82945853,1.0757531,8,427
da02,1706844323286532,7.04666,0.81546485,1.0710585,9,428
da02,1706844323386534,7.0525303,0.81661218,1.0696524,9,429
da02,1706844323486579,7.0568976,0.81974453,1.0655301,10,430
da02,1706844323587093,7.0666752,0.82137626,1.0707231,10,431
da02,1706844323686626,7.0709147,0.82564729,1.0624449,11,432
da02,1706844323786510,7.0618238,0.83159965,1.0653157,8,433
da02,1706844323886585,7.0792847,0.826299,1.0659865,12,434
da02,1706844323986523,7.0842175,0.82897377,1.0629056,11,435
da02,1706844324086558,7.0734763,0.82475162,1.0673078,8,436
da02,1706844324186527,7.0726352,0.82355392,1.0706259,9,437
da02,1706844324286538,7.073431,0.8291471,1.0609151,11,438
da02,1706844324386924,7.0704064,0.82122451,1.0608609,9,439
da02,1706844324486552,7.0748544,0.82431561,1.0695488,10,440
da02,1706844324586533,7.0790334,0.82378364,1.0585556,11,441
da02,1706844324688124,7.0894136,0.8207463,1.0717049,10,442
da02,1706844324786566,7.0842576,0.8175602,1.0718105,9,443
da02,1706844324886544,7.07466,0.81506896,1.0771317,8,444
da02,1706844324986534,7.0555592,0.82021558,1.0738866,8,445
da02,1706844325086542,7.0590343,0.83020568,1.0788729,9,446
da02,1706844325186612,7.0629711,0.82427329,1.0855315,9,447
da02,1706844325286563,7.062501,0.82091874,1.0841539,9,448
da02,1706844325386549,7.073617,0.81855887,1.0841314,10,449
da02,1706844325486746,7.0795727,0.82351464,1.0792432,11,450
da02,1706844325586552,7.077251,0.82040566,1.0750839,9,451
da02,1706844325686556,7.0670485,0.82172972,1.0702219,8,452
da02,1706844325786559,7.0759435,0.8169409,1.065707,11,453
da02,1706844325886750,7.0630207,0.81979156,1.0692959,8,454
da02,1706844325986566,7.0544863,0.82080239,1.0751272,7,455
da02,1706844326086593,7.0634789,0.814716,1.0671335,10,456
da02,1706844326186600,7.0731993,0.81388944,1.0716337,10,457
da02,1706844326286564,7.078908,0.81815189,1.0680975,11,458
da02,1706844326386546,7.0666132,0.8293488,1.0671681,8,459
da02,1706844326486554,7.0688386,0.83781177,1.0749779,9,460
da02,1706844326586544,7.0692382,0.82890821,1.0674154,10,461
da02,1706844326686623,7.0705767,0.82898372,1.0635728,10,462
da02,1706844326786574,7.0773339,0.82916415,1.0555607,11,463
da02,1706844326886572,7.0656595,0.82413971,1.0572057,8,464
da02,1706844326986733,7.0650964,0.83239257,1.0652232,9,465
da02,1706844327086564,7.0624743,0.83296657,1.069962,9,466
da02,1706844327186551,7.06771,0.83769584,1.062964,11,467
da02,1706844327286513,7.0590205,0.84105551,1.0608584,9,468
da02,1706844327386522,7.053268,0.84383917,1.0731781,8,469
da02,1706844327486574,7.0532355,0.84083796,1.0707221,9,470
da02,1706844327586542,7.0550232,0.84458894,1.0690897,9,471
da02,1706844327686580,7.0563464,0.84848166,1.072041,9,472
da02,1706844327786566,7.0742979,0.8464275,1.071072,12,473
da02,1706844327886584,7.075521,0.84214032,1.0660379,10,474
da02,1706844327986603,7.0823035,0.83110446,1.0659885,10,475
da02,1706844328086568,7.078476,0.82904738,1.0713301,9,476
da02,1706844328186688,7.0754819,0.83418936,1.0813509,9,477
da02,1706844328286574,7.074482,0.83366865,1.0757105,10,478
da02,1706844328386698,7.0679045,0.83882159,1.0709471,9,479
da02,1706844328486593,7.0729136,0.84314394,1.0713713,10,480
da02,1706844328587153,7.0714779,0.83591539,1.0633101,10,481
da02,1706844328686789,7.0783987,0.8339467,1.0601798,11,482
da02,1706844328786599,7.0732474,0.8323155,1.0603249,9,483
da02,1706844328886654,7.0716558,0.83221686,1.0640116,9,484
da02,1706844328986620,7.08006,0.83196592,1.0580786,11,485
da02,1706844329086628,7.07285,0.837901,1.0601847,9,486
da02,1706844329186628,7.0706782,0.830392,1.067243,9,487
da02,1706844329287144,7.0618124,0.825052,1.0694587,8,488
da02,1706844329386588,7.0761943,0.82096219,1.0709153,11,489
da02,1706844329486572,7.0654488,0.82511103,1.0695211,8,490
da02,1706844329586559,7.0713744,0.83690935,1.0766675,10,491
da02,1706844329686609,7.0706816,0.83077508,1.0834684,8,492
da02,1706844329786588,7.0778475,0.82105148,1.0913705,9,493
da02,1706844329886619,7.0635533,0.83037442,1.084855,8,494
da02,1706844329986617,7.0679264,0.8240664,1.0832111,9,495
da02,1706844330086638,7.0814791,0.82171261,1.0878241,11,496
da02,1706844330186616,7.0782027,0.82503539,1.0822563,9,497
da02,1706844330286634,7.0863843,0.83286148,1.0822998,11,498
da02,1706844330386619,7.0946426,0.82683688,1.076779,11,499
da02,1706844330486659,7.0907612,0.82856739,1.070677,10,500
da02,1706844330586660,7.0820804,0.82969052,1.0827197,8,501
da02,1706844330686662,7.0790591,0.82952225,1.0791143,9,502
da02,1706844330786666,7.0860467,0.82275939,1.0834256,10,503
da02,1706844330886676,7.0756044,0.82048333,1.0813537,8,504
da02,1706844330986630,7.078836,0.82051021,1.0687251,11,505
da02,1706844331086611,7.0781517,0.82112026,1.0766098,9,506
da02,1706844331186695,7.0765758,0.81825906,1.0703812,10,507
da02,1706844331286628,7.075892,0.80669039,1.0753407,9,508
da02,1706844331386633,7.0698509,0.81111431,1.07058,9,509
da02,1706844331486648,7.0695019,0.8148008,1.0761847,9,510
da02,1706844331586657,7.0743213,0.8105343,1.0781847,10,511
da02,1706844331686619,7.0659037,0.81993973,1.0740653,9,512
da02,1706844331786636,7.0498753,0.81743717,1.0833156,8,513
da02,1706844331886650,7.0518365,0.82105339,1.0780364,9,514
da02,1706844331986628,7.0448489,0.82742232,1.0723962,8,515
da02,1706844332086636,7.0390196,0.82277477,1.0742342,7,516
da02,1706844332186646,7.0434327,0.81757927,1.0677071,9,517
da02,1706844332286638,7.0543194,0.81867582,1.061208,11,518
da02,1706844332386676,7.0678816,0.81766051,1.0607799,11,519
da02,1706844332486689,7.0720124,0.80928838,1.0658731,9,520
da02,1706844332586670,7.074892,0.81646335,1.0739534,9,521
da02,1706844332686981,7.0577149,0.81712645,1.0760007,8,522
da02,1706844332786703,7.0672674,0.82167095,1.0755147,10,523
da02,1706844332886691,7.0528946,0.81240016,1.0806102,7,524
da02,1706844332986718,7.0480466,0.81188571,1.0936687,8,525
da02,1706844333086714,7.0549135,0.82471448,1.0948534,9,526
da02,1706844333186689,7.0517049,0.83239347,1.0921605,8,527
da02,1706844333286676,7.0465884,0.839694,1.0824542,9,528
da02,1706844333386713,7.0654674,0.83910757,1.0739511,12,529
da02,1706844333486713,7.0554376,0.84277779,1.0749223,8,530
da02,1706844333587270,7.0717149,0.8417992,1.0672518,12,531
da02,1706844333686702,7.0835862,0.83690476,1.0665511,11,532
da02,1706844333786687,7.0798578,0.83078343,1.0720859,9,533
da02,1706844333887344,7.0704641,0.83362913,1.0701691,9,534
da02,1706844333986736,7.0756326,0.83741212,1.0687246,10,535
da02,1706844334086863,7.0761852,0.83006549,1.0765849,9,536
da02,1706844334186750,7.07319,0.82453251,1.0757552,9,537
da02,1706844334286696,7.0689263,0.82679158,1.0675355,10,538
da02,1706844334386692,7.0656776,0.83174217,1.0738505,9,539
da02,1706844334486717,7.0678067,0.83663869,1.0778097,9,540
da02,1706844334586737,7.0653529,0.8310023,1.0687047,9,541
da02,1706844334686691,7.0641479,0.8349449,1.0706333,9,542
da02,1706844334786699,7.062027,0.81801361,1.0725657,8,543
da02,1706844334886683,7.0670881,0.82004666,1.0730369,10,544
da02,1706844334986715,7.0830655,0.82999271,1.0682113,12,545
da02,1706844335086704,7.08449,0.82079786,1.0756382,9,546
da02,1706844335186721,7.0805535,0.81758159,1.0785465,9,547
da02,1706844335286722,7.0684261,0.81732017,1.076197,8,548
da02,1706844335386731,7.0694089,0.83077222,1.0686309,10,549
da02,1706844335486734,7.0786934,0.83501917,1.0602648,12,550
da02,1706844335586748,7.088047,0.8325718,1.0592079,11,551
da02,1706844335686846,7.0938268,0.83638638,1.0529376,12,552
da02,1706844335786715,7.0697536,0.84736377,1.0594883,8,553
da02,1706844335886737,7.0637541,0.83970714,1.0610117,9,554
da02,1706844335986696,7.0531983,0.83198839,1.0656959,7,555
da02,1706844336086682,7.0554709,0.83201945,1.0607518,10,556
da02,1706844336186703,7.0617738,0.83090419,1.0669154,9,557
da02,1706844336286692,7.0491586,0.84214628,1.0724691,8,558
da02,1706844336386711,7.0448189,0.83913922,1.0689175,8,559
da02,1706844336486676,7.0438004,0.84021109,1.0743549,8,560
da02,1706844336586698,7.0455379,0.827641,1.0660118,9,561
da02,1706844336686665,7.0416131,0.83531022,1.0690385,8,562
da02,1706844336786696,7.04416,0.83145756,1.0654978,9,563
da02,1706844336886691,7.0532689,0.83280993,1.0598463,10,564
da02,1706844336986725,7.0612707,0.83151418,1.0659583,10,565
da02,1706844337086688,7.0556755,0.8383345,1.0607941,9,566
da02,1706844337186820,7.0418205,0.83055258,1.060536,7,567
da02,1706844337286715,7.0498004,0.81930929,1.0614241,9,568
da02,1706844337386722,7.0486574,0.82653785,1.0612004,9,569
da02,1706844337486682,7.0550232,0.83385026,1.0686969,9,570
da02,1706844337586702,7.053021,0.83367664,1.0704011,8,571
da02,1706844337686527,7.0579524,0.837379,1.0700045,10,572
da02,1706844337786545,7.0663023,0.83694577,1.05996,11,573
da02,1706844337886525,7.0674415,0.82032079,1.0650846,9,574
da02,1706844337986543,7.0574694,0.81823558,1.0660483,8,575
da02,1706844338086543,7.0506616,0.82158655,1.0630574,8,576
da02,1706844338186533,7.0610995,0.808142,1.0608739,10,577
da02,1706844338286540,7.0678,0.82010478,1.0676134,10,578
da02,1706844338386552,7.0708146,0.83537334,1.0727525,10,579
da02,1706844338486495,7.0705895,0.83374095,1.0792277,9,580
da02,1706844338586573,7.0450835,0.84465849,1.072069,8,581
da02,1706844338686668,7.0465693,0.84955907,1.0828749,8,582
da02,1706844338786571,7.0624375,0.84042913,1.0818541,11,583
da02,1706844338886532,7.0742292,0.84143496,1.0798343,11,584
da02,1706844338986582,7.0694971,0.828515,1.0811625,8,585
da02,1706844339086572,7.0769262,0.8249703,1.0838333,10,586
da02,1706844339186572,7.0774922,0.82604748,1.075609,10,587
da02,1706844339286563,7.0694852,0.82820177,1.0745385,9,588
da02,1706844339386943,7.0607543,0.83348334,1.078196,8,589
da02,1706844339486624,7.0588145,0.83426917,1.0672766,10,590
da02,1706844339586560,7.07052,0.82789373,1.0587708,11,591
da02,1706844339686543,7.0703998,0.82703048,1.0645822,9,592
da02,1706844339786556,7.0626764,0.82587552,1.0758443,7,593
da02,1706844339886550,7.0749788,0.82011211,1.0656418,11,594
da02,1706844339986593,7.0774627,0.82757622,1.0721421,10,595
da02,1706844340088124,7.08513,0.83105391,1.071133,11,596
da02,1706844340186729,7.0798483,0.82866418,1.0689436,9,597
da02,1706844340287121,7.0831747,0.82545334,1.0701069,10,598
da02,1706844340386591,7.2135439,0.82142973,1.0557982,67,599
da02,1706844340486592,7.1726661,0.82472759,1.0631862,8,600
da02,1706844340586626,7.1508927,0.81646436,1.0769906,9,601
da02,1706844340686533,7.1371269,0.82347459,1.069424,11,602
da02,1706844340786560,7.130372,0.82206213,1.0608165,11,603
da02,1706844340886560,7.1137395,0.82413411,1.0657145,9,604
da02,1706844340986549,7.116478,0.83221459,1.0729024,11,605
da02,1706844341086552,7.0944719,0.83580989,1.068244,8,606
da02,1706844341186559,7.0941763,0.82974124,1.0616877,11,607
da02,1706844341286544,7.0839877,0.82459867,1.0716987,8,608
da02,1706844341386582,7.0770693,0.82453227,1.0713468,9,609
da02,1706844341486543,7.0750132,0.84351623,1.0728161,10,610
da02,1706844341586569,7.0733156,0.84366006,1.0679407,10,611
da02,1706844341687531,7.0668,0.83651358,1.0759919,8,612
da02,1706844341786586,7.0688429,0.82802343,1.0603777,11,613
da02,1706844341886556,7.0725617,0.82947451,1.0581011,10,614
da02,1706844341986571,7.0680861,0.82850623,1.071502,8,615
da02,1706844342086568,7.0607004,0.84267062,1.0748459,8,616
da02,1706844342186572,7.0671773,0.84305894,1.0721378,10,617
da02,1706844342286554,7.0624871,0.84244317,1.0747602,8,618
da02,1706844342386594,7.0465617,0.83395809,1.0775715,8,619
da02,1706844342486556,7.0421424,0.83142728,1.081334,7,620
da02,1706844342586611,7.0474806,0.83677411,1.0791417,9,621
da02,1706844342686622,7.0536232,0.82660246,1.075013,9,622
da02,1706844342786588,7.0677209,0.82549822,1.0691233,11,623
da02,1706844342886559,7.0755777,0.82496279,1.0717355,10,624
da02,1706844342986587,7.0755634,0.83338737,1.0818375,9,625
da02,1706844343086543,7.077219,0.82929844,1.0906521,9,626
da02,1706844343188375,7.0796309,0.82852751,1.0863256,10,627
da02,1706844343286576,7.0733652,0.83016962,1.0744183,10,628
da02,1706844343386540,7.083971,0.83460236,1.0640875,12,629
da02,1706844343486554,7.0772266,0.84505028,1.0711502,9,630
da02,1706844343586604,7.0772486,0.84589612,1.0740814,10,631
da02,1706844343686582,7.0830569,0.83986717,1.0840871,9,632
da02,1706844343786705,7.0660515,0.83810377,1.0802531,7,633
da02,1706844343886594,7.0620847,0.83502144,1.077006,9,634
da02,1706844343986551,7.0586309,0.83868062,1.0753469,9,635
da02,1706844344086590,7.0555029,0.82757574,1.0711607,9,636
da02,1706844344186604,7.0521288,0.83565426,1.074767,8,637
da02,1706844344286602,7.0669589,0.834182,1.0669334,11,638
da02,1706844344386617,7.0785575,0.82253307,1.0740335,10,639
da02,1706844344486676,7.0757389,0.81813413,1.0759406,9,640
da02,1706844344586630,7.07346,0.82504791,1.0654567,10,641
da02,1706844344687275,7.0713387,0.83276343,1.0648553,10,642
da02,1706844344786636,7.0793662,0.83604395,1.0662999,11,643
da02,1706844344886590,7.0706673,0.82595307,1.0671091,8,644
da02,1706844344986772,7.0643482,0.8292495,1.0685283,9,645
da02,1706844345086595,7.202354,0.84043908,1.0510678,67,646
da02,1706844345186588,7.1784091,0.83766508,1.0645424,10,647
da02,1706844345286734,7.1515565,0.84291863,1.0729136,9,648
da02,1706844345386590,7.1377783,0.83202976,1.0741333,10,649
da02,1706844345486614,7.1209416,0.82454515,1.0705532,9,650
da02,1706844345586665,7.1193819,0.82285112,1.065165,11,651
da02,1706844345686600,7.1289287,0.8258186,1.0651237,13,652
da02,1706844345786622,7.10259,0.83653456,1.0683879,8,653
da02,1706844345886636,7.1044097,0.83518803,1.0648675,11,654
da02,1706844345986641,7.0941992,0.83847839,1.0664213,9,655
da02,1706844346086650,7.0968938,0.84118062,1.0575598,12,656
da02,1706844346186787,7.095891,0.83257371,1.0760188,9,657
da02,1706844346286710,7.0833931,0.82636923,1.0727048,9,658
da02,1706844346386656,7.0779266,0.81574571,1.0724518,9,659
da02,1706844346486759,7.0652084,0.82261592,1.0779135,8,660
da02,1706844346586672,7.0564022,0.8293094,1.0772184,8,661
da02,1706844346686636,7.0663466,0.82747614,1.0715719,11,662
da02,1706844346786616,7.0681095,0.82267767,1.0638803,10,663
da02,1706844346886665,7.0770359,0.82060963,1.0706018,10,664
da02,1706844346986661,7.0822692,0.81726843,1.0590849,11,665
da02,1706844347086938,7.0853915,0.81427574,1.0668381,10,666
da02,1706844347186631,7.0900183,0.81432259,1.0690401,10,667
da02,1706844347286607,7.0979509,0.82223767,1.0759618,11,668
da02,1706844347386586,7.0893493,0.82777363,1.0630218,10,669
da02,1706844347486644,7.0735345,0.82305485,1.0668976,7,670
da02,1706844347586654,7.0792217,0.81824452,1.0737504,10,671
da02,1706844347686619,7.07962,0.81953776,1.0649656,10,672
da02,1706844347786851,7.0795193,0.82079768,1.0686649,9,673
da02,1706844347886661,7.0780077,0.81651539,1.0651228,10,674
da02,1706844347986621,7.0747852,0.82409668,1.0676602,9,675
da02,1706844348086659,7.07022,0.81737906,1.0813742,8,676
da02,1706844348186632,7.0754781,0.82068855,1.0870372,9,677
da02,1706844348286575,7.0709662,0.82796484,1.0822889,9,678
da02,1706844348386638,7.0611563,0.82962316,1.0766432,8,679
da02,1706844348486618,7.0577369,0.82271415,1.0663183,9,680
da02,1706844348586612,7.0650234,0.82244962,1.0715022,10,681
da02,1706844348686611,7.0571795,0.81949937,1.0678166,8,682
da02,1706844348786609,7.0733581,0.82388836,1.0743054,11,683
da02,1706844348886650,7.0636735,0.82910669,1.081465,8,684
da02,1706844348986640,7.0633035,0.83088791,1.0843164,9,685
da02,1706844349086621,7.0531168,0.832867,1.0829365,8,686
da02,1706844349186630,7.0362945,0.8387242,1.0820893,8,687
da02,1706844349286698,7.0514054,0.84982353,1.0776597,11,688
da02,1706844349386634,7.0502224,0.85007596,1.0862248,8,689
da02,1706844349486622,7.060524,0.84527445,1.0793107,10,690
da02,1706844349586637,7.0629077,0.83892888,1.0834216,9,691
da02,1706844349686625,7.0696678,0.83617216,1.075801,10,692
da02,1706844349786587,7.08227,0.84350765,1.0738975,11,693
da02,1706844349886638,7.1038561,0.83761507,1.0711813,13,694
da02,1706844349986649,7.10545,0.83039075,1.0651964,11,695
da02,1706844350086633,7.1073451,0.82642919,1.0710562,10,696
da02,1706844350186702,7.0858502,0.82430059,1.0701399,8,697
da02,1706844350286718,7.0731912,0.82048345,1.0716314,8,698
da02,1706844350386612,7.0659227,0.81891859,1.057393,10,699
da02,1706844350486957,7.0608397,0.82064807,1.0563643,9,700
da02,1706844350586680,7.0793204,0.81283969,1.067525,11,701
da02,1706844350686632,7.0693712,0.81533074,1.0628557,9,702
da02,1706844350786674,7.0717096,0.82432479,1.0730876,9,703
da02,1706844350886667,7.0633025,0.82311559,1.0770051,8,704
da02,1706844350986666,7.0652213,0.833183,1.0750278,10,705
da02,1706844351086658,7.0595589,0.83094996,1.0709295,9,706
da02,1706844351186667,7.062427,0.83338439,1.0876493,8,707
da02,1706844351287202,7.0582952,0.82697719,1.0814277,9,708
da02,1706844351386651,7.0535479,0.82929635,1.0743579,9,709
da02,1706844351486672,7.0483603,0.83802545,1.078144,8,710
da02,1706844351586652,7.0642018,0.8303,1.0752344,11,711
da02,1706844351686652,7.0679379,0.82998872,1.0767274,9,712
da02,1706844351786663,7.0610671,0.83780926,1.0817124,8,713
da02,1706844351886670,7.067204,0.83080161,1.0771505,10,714
da02,1706844351986716,7.0587435,0.82904774,1.0883434,8,715
da02,1706844352086653,7.0463166,0.82919931,1.0861559,8,716
da02,1706844352186659,7.0450497,0.82377088,1.0919935,7,717
da02,1706844352286706,7.0464692,0.8152501,1.0905746,8,718
da02,1706844352386667,7.0516214,0.81490171,1.0928478,9,719
da02,1706844352486674,7.0494142,0.81382263,1.0908126,8,720
da02,1706844352586674,7.0529709,0.82133734,1.0855117,9,721
da02,1706844352686661,7.0633216,0.7066589,1.0578657,70,722
da02,1706844352787149,7.0658603,0.72974908,1.0642312,9,723
da02,1706844352886706,7.068418,0.75418431,1.0698054,9,724
da02,1706844352986693,7.0660415,0.77882493,1.0707825,9,725
da02,1706844353086725,7.0638909,0.79553181,1.062153,10,726
da02,1706844353186695,7.0623302,0.80574375,1.0625265,9,727
da02,1706844353286742,7.0598874,0.82120025,1.0656933,9,728
da02,1706844353386686,7.0592914,0.82723153,1.0659122,9,729
da02,1706844353486674,7.0691066,0.83633852,1.0688504,11,730
da02,1706844353586652,7.0731845,0.83309132,1.0647886,10,731
da02,1706844353686724,7.0812454,0.82920069,1.0651338,11,732
da02,1706844353786706,7.0830722,0.82583845,1.0675226,10,733
da02,1706844353886679,7.0745168,0.8228358,1.0653446,9,734
da02,1706844353986680,7.0891876,0.81935281,1.0670621,11,735
da02,1706844354086698,7.0832429,0.82175189,1.0676548,9,736
da02,1706844354186666,7.0799685,0.82135689,1.06332,10,737
da02,1706844354286681,7.0711746,0.8347649,1.0648711,9,738
da02,1706844354386665,7.061357,0.832424,1.0704575,8,739
da02,1706844354486688,7.0601244,0.82822239,1.0621445,10,740
da02,1706844354586665,7.0657234,0.82439554,1.0566065,10,741
da02,1706844354686686,7.0674739,0.83038795,1.0634553,9,742
da02,1706844354786656,7.0562835,0.83022749,1.0703697,7,743
da02,1706844354886692,7.0636034,0.8262642,1.065222,10,744
da02,1706844354986702,7.0473156,0.82626182,1.083344,8,745
da02,1706844355086680,7.0559716,0.83188868,1.0753678,10,746
da02,1706844355186666,7.0568843,0.825883,1.0751295,9,747
da02,1706844355286796,7.0521111,0.82876015,1.0799919,8,748
da02,1706844355386769,7.049654,0.83211166,1.0760987,9,749
da02,1706844355488482,7.0454435,0.83803207,1.0672827,9,750
da02,1706844355586803,7.0415874,0.83979189,1.0650729,8,751
da02,1706844355686796,7.045547,0.84225994,1.0696167,9,752
da02,1706844355786726,7.0469394,0.84677941,1.0654129,9,753
da02,1706844355886831,7.0584393,0.84126258,1.0719597,10,754
da02,1706844355987005,7.0492473,0.83089042,1.0770042,7,755
da02,1706844356087058,7.0646763,0.83386987,1.084833,10,756
da02,1706844356186730,7.0714283,0.8286109,1.0806195,10,757
da02,1706844356286708,7.0686989,0.83312356,1.0833726,9,758
da02,1706844356386762,7.0804787,0.83562583,1.0779817,11,759
da02,1706844356486706,7.0857992,0.840925,1.0645009,12,760
da02,1706844356586675,7.0803318,0.83718824,1.0643268,9,761
da02,1706844356686782,7.0750308,0.83772659,1.0655677,9,762
da02,1706844356786739,7.0723286,0.83030164,1.0637115,9,763
da02,1706844356886716,7.0825019,0.82982409,1.0559286,12,764
da02,1706844356986754,7.0716667,0.83366948,1.0559614,9,765
da02,1706844357086726,7.0836406,0.82519609,1.0563308,11,766
da02,1706844357186705,7.0771737,0.82578743,1.0536551,9,767
da02,1706844357286769,7.0876245,0.82711393,1.0608482,11,768
da02,1706844357386693,7.0817919,0.82121837,1.0598236,9,769
da02,1706844357486712,7.0777316,0.81974983,1.0687339,9,770
da02,1706844357586760,7.0750647,0.81941134,1.0730299,9,771
da02,1706844357686754,7.0699506,0.82323068,1.0758171,9,772
da02,1706844357786702,7.0788307,0.82183027,1.0696354,11,773
da02,1706844357886776,7.0871048,0.81592673,1.0643975,11,774
da02,1706844357986674,7.0784039,0.80900604,1.0671418,8,775
da02,1706844358086690,7.0743952,0.81359833,1.0690484,9,776
da02,1706844358186738,7.082201,0.8123607,1.0638589,11,777
da02,1706844358286756,7.0802712,0.81763572,1.0688398,9,778
da02,1706844358386698,7.0825276,0.830256,1.0681708,10,779
da02,1706844358486735,7.0657005,0.82860106,1.0752094,8,780
da02,1706844358586744,7.0634842,0.81738687,1.0821893,8,781
da02,1706844358686729,7.0643,0.82328761,1.0773466,10,782
da02,1706844358786709,7.0597172,0.8182584,1.0771376,8,783
da02,1706844358886703,7.0520816,0.81518841,1.0757823,8,784
da02,1706844358986680,7.0565944,0.81524432,1.0804163,9,785
da02,1706844359086740,7.0388846,0.82662284,1.0805756,8,786
da02,1706844359186739,7.0463061,0.82533228,1.0795275,9,787
da02,1706844359287121,7.0492673,0.82021821,1.0768502,9,788
da02,1706844359386700,7.0426354,0.821539,1.0724478,8,789
da02,1706844359486728,7.0466828,0.83042508,1.076944,9,790
da02,1706844359586821,7.064786,0.82722133,1.081015,11,791
da02,1706844359686822,7.0590796,0.83533514,1.0898005,8,792
da02,1706844359786773,7.0566893,0.84303796,1.0836799,9,793
da02,1706844359886824,7.0655107,0.83099341,1.0783621,10,794
da02,1706844359986798,7.0747356,0.82725769,1.0728592,11,795
da02,1706844360086728,7.0704637,0.82953823,1.070556,9,796
da02,1706844360186792,7.0572658,0.83634251,1.070594,8,797
da02,1706844360286808,7.0558324,0.83551812,1.0791386,8,798
da02,1706844360386732,7.0579982,0.82412535,1.0762827,9,799
da02,1706844360486817,7.0627975,0.83246458,1.0748781,10,800
da02,1706844360586817,7.05895,0.82474452,1.0839301,7,801
da02,1706844360686751,7.0623755,0.83176541,1.0843205,9,802
da02,1706844360786678,7.051518,0.81887794,1.0862466,7,803
da02,1706844360886710,7.0473223,0.82320511,1.0782685,9,804
da02,1706844360986747,7.0523028,0.81978,1.0756842,9,805
da02,1706844361086793,7.1791096,0.81926382,1.0534959,67,806
da02,1706844361186859,7.1571479,0.82323486,1.0626981,10,807
da02,1706844361286859,7.148788,0.82184625,1.0700704,11,808
da02,1706844361386735,7.116569,0.82009143,1.0717982,7,809
da02,1706844361486999,7.0934834,0.82218516,1.0700625,8,810
da02,1706844361586801,7.0681124,0.82923311,1.0727799,8,811
da02,1706844361686812,7.068862,0.83558005,1.0673208,10,812
da02,1706844361786751,7.0657973,0.82828057,1.0666469,9,813
da02,1706844361886736,7.0588379,0.82729244,1.0611525,9,814
da02,1706844361986796,7.0460429,0.82599258,1.0678049,8,815
da02,1706844362086798,7.0408134,0.81307465,1.0704689,7,816
da02,1706844362186715,7.0371284,0.81205589,1.0686886,8,817
da02,1706844362287327,7.0461597,0.81332815,1.0661911,10,818
da02,1706844362386792,7.0441036,0.81710762,1.0725558,8,819
da02,1706844362486740,7.062036,0.82246935,1.0732832,11,820
da02,1706844362586780,7.0568585,0.8187741,1.0709476,8,821
da02,1706844362686801,7.0547118,0.82646286,1.0746078,8,822
da02,1706844362786810,7.0627689,0.82528079,1.073934,10,823
da02,1706844362886819,7.0626531,0.82695311,1.0707138,9,824
da02,1706844362986820,7.0726161,0.82196087,1.0701908,10,825
da02,1706844363086791,7.0632839,0.8176055,1.071318,8,826
da02,1706844363186828,7.0724134,0.80893612,1.0702418,10,827
da02,1706844363286788,7.0805764,0.81668073,1.0710236,11,828
da02,1706844363386784,7.089807,0.82186675,1.0618687,12,829
da02,1706844363486822,7.0890436,0.82521969,1.0616766,10,830
da02,1706844363586718,7.0813317,0.81899208,1.066898,8,831
da02,1706844363686751,7.0746145,0.82515115,1.0719534,9,832
da02,1706844363787326,7.0815692,0.82173163,1.0714716,10,833
da02,1706844363886779,7.0878286,0.82590252,1.0729969,11,834
da02,1706844363986700,7.0960174,0.82799125,1.0692159,11,835
da02,1706844364086815,7.087923,0.83196378,1.0693142,9,836
da02,1706844364186767,7.0796695,0.82819092,1.0677983,9,837
da02,1706844364286766,7.0810647,0.82919192,1.0684962,10,838
da02,1706844364386811,7.0767488,0.8294605,1.075273,9,839
da02,1706844364486761,7.0684319,0.83780557,1.0792758,8,840
da02,1706844364586707,7.0623522,0.83398879,1.0827556,8,841
da02,1706844364686823,7.0589771,0.82892221,1.0805566,8,842
da02,1706844364786735,7.0557246,0.82248431,1.0795451,8,843
da02,1706844364886734,7.0536427,0.81838942,1.0839822,8,844
da02,1706844364986923,7.066031,0.82975912,1.078344,11,845
da02,1706844365086765,7.0680809,0.83521473,1.0735868,10,846
da02,1706844365186711,7.0787654,0.83934206,1.0830187,10,847
da02,1706844365286771,7.0794244,0.82633352,1.072917,10,848
da02,1706844365386814,7.0816827,0.82602012,1.0627496,11,849
da02,1706844365486742,7.0795946,0.82038277,1.0720329,9,850
da02,1706844365586718,7.072309,0.81607026,1.0804482,8,851
da02,1706844365686794,7.0640769,0.81999612,1.0732626,9,852
da02,1706844365786826,7.0759892,0.816778,1.0715733,11,853
da02,1706844365886813,7.0918679,0.81220931,1.07184,12,854
da02,1706844365986824,7.0860982,0.81115741,1.0719119,9,855
da02,1706844366086804,7.0743737,0.81960046,1.0755538,8,856
da02,1706844366187018,7.065968,0.8245436,1.0675695,9,857
da02,1706844366286935,7.0720172,0.82201856,1.06285,10,858
da02,1706844366386924,7.069531,0.8279,1.0597029,10,859
da02,1706844366486781,7.0577331,0.83397746,1.0655869,8,860
da02,1706844366586801,7.0533957,0.84191412,1.0737376,8,861
da02,1706844366686820,7.0501065,0.85009116,1.0806187,8,862
da02,1706844366786775,7.0499978,0.85180545,1.0836576,8,863
da02,1706844366886778,7.0606289,0.82969266,1.0722444,10,864
da02,1706844366986805,7.0735741,0.83371681,1.08269,10,865
da02,1706844367086670,7.0844784,0.83907676,1.0758449,12,866
da02,1706844367186777,7.0666757,0.84016991,1.0699539,8,867
da02,1706844367286810,7.064785,0.83993441,1.0735859,9,868
da02,1706844367386717,7.0687757,0.83689177,1.0689713,10,869
da02,1706844367486797,7.0641179,0.83406621,1.0761414,8,870
da02,1706844367586799,7.0565038,0.82816255,1.0788825,8,871
da02,1706844367686741,7.0560427,0.82752228,1.087088,8,872
da02,1706844367786819,7.0553346,0.82745165,1.0845865,9,873
da02,1706844367886756,7.0562792,0.8303957,1.0845603,9,874
da02,1706844367986717,7.0680575,0.83424234,1.0848671,10,875
da02,1706844368086838,7.0577602,0.83878756,1.0803444,8,876
da02,1706844368186734,7.0455251,0.83986014,1.0812557,8,877
da02,1706844368286750,7.0385361,0.84621662,1.0908556,8,878
da02,1706844368386810,7.0500731,0.82733423,1.0836507,10,879
da02,1706844368486762,7.0488653,0.83249044,1.0854783,8,880
da02,1706844368586689,7.0333018,0.82721472,1.0841625,8,881
da02,1706844368686746,7.0473723,0.83180469,1.0853841,10,882
da02,1706844368786831,7.0578051,0.81994259,1.0765178,10,883
da02,1706844368886716,7.0636082,0.81738442,1.0735303,10,884
da02,1706844368986744,7.0618563,0.814661,1.0675254,9,885
da02,1706844369086835,7.0680623,0.82093388,1.0662822,10,886
da02,1706844369186766,7.0574622,0.82143724,1.0552522,9,887
da02,1706844369286751,7.0602431,0.82150048,1.0529709,10,888
da02,1706844369386887,7.0654597,0.81745481,1.0517495,10,889
da02,1706844369486746,7.0653682,0.82477349,1.0614315,9,890
da02,1706844369586782,7.0802875,0.83059049,1.0538388,12,891
da02,1706844369686831,7.0755129,0.82339734,1.0634699,8,892
da02,1706844369786794,7.067255,0.82352775,1.0774744,7,893
da02,1706844369886807,7.0596523,0.84153563,1.079062,8,894
da02,1706844369986883,7.0694442,0.83920044,1.0875005,10,895
da02,1706844370086748,7.0627632,0.83316833,1.0871577,8,896
da02,1706844370186804,7.0629544,0.83704233,1.0755599,10,897
da02,1706844370286768,7.073205,0.831418,1.071808,11,898
da02,1706844370386726,7.0741844,0.83904886,1.0718966,10,899
da02,1706844370486805,7.0712309,0.83613044,1.0726144,9,900
da02,1706844370586753,7.0592332,0.82553577,1.0819992,7,901
da02,1706844370686780,7.0660954,0.82908994,1.0771375,10,902
da02,1706844370786879,7.063,0.81961942,1.0818791,8,903
da02,1706844370888420,7.0539751,0.82778364,1.0819134,8,904
da02,1706844370986779,7.0609946,0.83072996,1.0811369,10,905
da02,1706844371086718,7.0652261,0.82622862,1.0748965,10,906
da02,1706844371186734,7.055717,0.82827067,1.0752009,8,907
da02,1706844371287098,7.047328,0.83652419,1.0741459,8,908
da02,1706844371386750,7.0676064,0.83298367,1.0712098,12,909
da02,1706844371486748,7.068573,0.83280009,1.0643246,10,910
da02,1706844371586732,7.0622993,0.84034461,1.0672513,9,911
da02,1706844371686786,7.0460243,0.85266364,1.0633467,8,912
da02,1706844371786814,7.0604644,0.84656054,1.0561755,11,913
da02,1706844371886799,7.0724649,0.83404732,1.0707085,10,914
da02,1706844371986757,7.065455,0.82670385,1.0711112,8,915
da02,1706844372086748,7.0665727,0.82843333,1.0669835,10,916
da02,1706844372186731,7.0659795,0.82231295,1.0531286,10,917
da02,1706844372286948,7.0758066,0.82221788,1.0605229,10,918
da02,1706844372386670,7.082428,0.82298565,1.0526555,11,919
da02,1706844372486739,7.0807633,0.82972336,1.0591615,10,920
da02,1706844372586752,7.0855808,0.83780527,1.0686376,10,921
da02,1706844372686775,7.0843744,0.83412415,1.0724689,9,922
da02,1706844372786811,7.0872612,0.83214676,1.0797184,10,923
da02,1706844372886724,7.0761471,0.82677805,1.0771724,8,924
da02,1706844372986785,7.072207,0.834044,1.0739274,9,925
da02,1706844373086890,7.0734181,0.84213257,1.0738629,10,926
da02,1706844373186725,7.06851,0.82827687,1.0790772,8,927
da02,1706844373287312,7.0699711,0.83067054,1.08442,9,928
da02,1706844373386888,7.0620351,0.82563251,1.0847903,8,929
da02,1706844373486757,7.059269,0.81332213,1.0728315,9,930
da02,1706844373586766,7.0488644,0.82522619,1.0803195,8,931
da02,1706844373686869,7.0653243,0.82336193,1.0724899,11,932
da02,1706844373786737,7.0665574,0.82026923,1.073801,9,933
da02,1706844373886798,7.0777025,0.82480264,1.0782659,10,934
da02,1706844373986856,7.0659909,0.81749493,1.0731924,8,935
da02,1706844374086729,7.067771,0.81848383,1.0774978,9,936
da02,1706844374186770,7.0691,0.82036507,1.0772952,9,937
da02,1706844374286853,7.07775,0.82342142,1.0707611,11,938
da02,1706844374386750,7.0688868,0.82807463,1.0729766,8,939
da02,1706844374486778,7.0641732,0.82971126,1.07607,8,940
da02,1706844374586871,7.0705791,0.82582319,1.0881526,9,941
da02,1706844374686741,7.0712786,0.82138497,1.083864,9,942
da02,1706844374786830,7.0692253,0.81163341,1.0818712,9,943
da02,1706844374886885,7.0881114,0.82481563,1.0782415,12,944
da02,1706844374986788,7.0815854,0.83104473,1.0792041,9,945
da02,1706844375086756,7.0775595,0.82943106,1.0726185,10,946
da02,1706844375186848,7.0764465,0.82863462,1.0660709,10,947
da02,1706844375286740,7.085125,0.83339304,1.0618553,11,948
da02,1706844375386760,7.0893068,0.83686447,1.0667875,10,949
da02,1706844375486845,7.0764155,0.83709288,1.0623332,9,950
da02,1706844375586746,7.0712371,0.84292108,1.0596619,10,951
da02,1706844375686766,7.060153,0.84525985,1.0652504,8,952
da02,1706844375786846,7.0663781,0.84541684,1.0601115,11,953
da02,1706844375886730,7.0737824,0.83949775,1.0700879,10,954
da02,1706844375986747,7.0758934,0.83730626,1.0677549,10,955
da02,1706844376086772,7.075119,0.83895475,1.0714464,9,956
da02,1706844376186768,7.0708046,0.83492291,1.0722053,9,957
da02,1706844376286801,7.06709,0.83790231,1.0697501,9,958
da02,1706844376386765,7.049149,0.83691049,1.0735247,8,959
da02,1706844376486776,7.0432572,0.83774817,1.0773019,8,960
da02,1706844376586774,7.0349541,0.84320307,1.0776919,8,961
da02,1706844376686883,7.0555134,0.84619147,1.0720963,12,962
da02,1706844376786748,7.0764813,0.838797,1.0661098,12,963
da02,1706844376886985,7.0797215,0.843898,1.0653731,10,964
da02,1706844376986786,7.0792723,0.83508909,1.0514362,11,965
da02,1706844377086799,7.0756617,0.84248793,1.0588908,9,966
da02,1706844377186959,7.0768061,0.84663171,1.0605084,10,967
da02,1706844377286706,7.0772982,0.84797454,1.0523707,11,968
da02,1706844377386961,7.0858488,0.83998889,1.0603838,10,969
da02,1706844377486839,7.0866485,0.82723188,1.0543473,10,970
da02,1706844377586786,7.0796781,0.83584112,1.0599372,9,971
da02,1706844377686731,7.0816026,0.82557851,1.0608277,10,972
da02,1706844377786943,7.071,0.83044773,1.0634345,8,973
da02,1706844377886763,7.0779285,0.83537966,1.0696636,10,974
da02,1706844377986836,7.0751514,0.83566374,1.0675884,10,975
da02,1706844378086895,7.071218,0.8321045,1.0665711,9,976
da02,1706844378186833,7.0821986,0.82177585,1.0601069,11,977
da02,1706844378286757,7.0775051,0.83065122,1.0635943,9,978
da02,1706844378386934,7.0729885,0.82718015,1.0708011,8,979
da02,1706844378486734,7.0653119,0.83092666,1.0692056,9,980
da02,1706844378586800,7.0713191,0.83567017,1.082152,9,981
da02,1706844378686898,7.0759583,0.83484811,1.0752072,10,982
da02,1706844378786831,7.0747461,0.83979136,1.0691414,10,983
da02,1706844378886819,7.0807743,0.84015542,1.0732032,10,984
da02,1706844378986977,7.06659,0.84053165,1.0798309,8,985
da02,1706844379086790,7.0722847,0.84631377,1.0760379,10,986
da02,1706844379186833,7.0709333,0.84278053,1.0682259,10,987
da02,1706844379286844,7.0660591,0.84266073,1.0666884,9,988
da02,1706844379386893,7.0628285,0.83992487,1.0696489,9,989
da02,1706844379486838,7.0613403,0.82702154,1.0707896,9,990
da02,1706844379586794,7.0647712,0.81966192,1.0711939,9,991
da02,1706844379686918,7.0772057,0.82140428,1.0701246,11,992
da02,1706844379786805,7.0745187,0.83076757,1.0697756,10,993
da02,1706844379886736,7.0744343,0.8349933,1.055462,11,994
da02,1706844379986851,7.0794649,0.83327287,1.0507919,11,995
da02,1706844380086738,7.0736952,0.82991719,1.0553092,9,996
da02,1706844380186892,7.0711856,0.83223945,1.066117,9,997
da02,1706844380286870,7.0757856,0.83678669,1.0608554,11,998
da02,1706844380386809,7.0797057,0.83416092,1.0637043,10,999
da02,1706844380486793,7.0627341,0.83678466,1.0674187,8,1000
da02,1706844380586884,7.0537939,0.83954126,1.0706958,8,1001
da02,1706844380686812,7.072124,0.82772863,1.0764173,11,1002
da02,1706844380786866,7.0834813,0.8289966,1.0693202,12,1003
da02,1706844380886825,7.0674224,0.83340907,1.0623653,8,1004
da02,1706844380986870,7.0581717,0.83069044,1.0633717,8,1005
da02,1706844381086917,7.0614138,0.83319592,1.07816,8,1006
da02,1706844381186872,7.0623221,0.83775812,1.0740122,10,1007
da02,1706844381286759,7.0675983,0.84124839,1.0697839,10,1008
da02,1706844381386974,7.06716,0.83146858,1.0638007,10,1009
da02,1706844381486801,7.0706062,0.82715118,1.0643444,10,1010
da02,1706844381586871,7.0756173,0.816076,1.0617887,10,1011
da02,1706844381686793,7.0645356,0.82741153,1.0634803,8,1012
da02,1706844381786806,7.0591097,0.82206804,1.0722315,8,1013
da02,1706844381886900,7.0505342,0.81468004,1.0675787,8,1014
da02,1706844381986874,7.0580835,0.81695145,1.0528116,11,1015
da02,1706844382086828,7.0614157,0.8218596,1.0546675,10,1016
da02,1706844382187016,7.0797324,0.82050735,1.0570472,12,1017
da02,1706844382286900,7.0875659,0.82609749,1.0660692,10,1018
da02,1706844382386830,7.0755997,0.82299638,1.0648422,8,1019
da02,1706844382486906,7.0777426,0.81553346,1.0733895,9,1020
da02,1706844382586872,7.072341,0.82004225,1.0657612,10,1021
da02,1706844382686820,7.0667963,0.8202967,1.077179,8,1022
da02,1706844382786918,7.0630183,0.82011724,1.0867926,8,1023
da02,1706844382886982,7.0635729,0.82453692,1.0869751,9,1024
da02,1706844382986853,7.0695338,0.81714916,1.0735803,11,1025
da02,1706844383086833,7.0690832,0.83047915,1.0821731,9,1026
da02,1706844383186858,7.0665221,0.83716172,1.0804313,9,1027
da02,1706844383286823,7.069653,0.83743042,1.0737774,10,1028
da02,1706844383386812,7.0593286,0.84191537,1.0734438,8,1029
da02,1706844383486809,7.0666547,0.83311558,1.0768296,10,1030
da02,1706844383586849,7.0671158,0.83132184,1.0770772,9,1031
da02,1706844383686772,7.0827422,0.83429974,1.0762674,12,1032
da02,1706844383786906,7.0879769,0.83270067,1.077185,10,1033
da02,1706844383886920,7.081152,0.83398372,1.0762588,9,1034
da02,1706844383986947,7.0776572,0.82898617,1.0745294,9,1035
da02,1706844384086814,7.0909586,0.8332569,1.0833552,11,1036
da02,1706844384186920,7.0822067,0.83661884,1.0819103,9,1037
da02,1706844384287454,7.0857577,0.82962114,1.070274,11,1038
da02,1706844384386852,7.092927,0.82885319,1.073212,11,1039
da02,1706844384486828,7.0872283,0.82549292,1.0784886,9,1040
da02,1706844384586896,7.0847015,0.83343321,1.0841389,9,1041
da02,1706844384686834,7.0951781,0.83551681,1.0790933,12,1042
da02,1706844384786874,7.0806279,0.82514846,1.0783463,8,1043
da02,1706844384886870,7.062346,0.82448548,1.0692971,8,1044
da02,1706844384986866,7.0595846,0.83113974,1.0720292,9,1045
da02,1706844385086832,7.0446434,0.83188832,1.0711026,8,1046
da02,1706844385186826,7.0392151,0.8279925,1.0750219,7,1047
da02,1706844385286883,7.0657454,0.82700908,1.0735806,12,1048
da02,1706844385386869,7.0541215,0.83299035,1.0697265,8,1049
da02,1706844385486838,7.0558877,0.82635522,1.0681638,9,1050
da02,1706844385586866,7.0525327,0.82687622,1.077545,8,1051
da02,1706844385686964,7.0539412,0.82034343,1.0637025,10,1052
da02,1706844385786840,7.0779161,0.82467037,1.0621597,13,1053
da02,1706844385886822,7.0682321,0.82872868,1.0564802,9,1054
da02,1706844385986997,7.0675979,0.82314014,1.0655148,9,1055
da02,1706844386086804,7.0738959,0.82690686,1.0693372,10,1056
da02,1706844386186844,7.0747743,0.83003271,1.0757816,9,1057
da02,1706844386288611,7.07178,0.82269126,1.0658606,10,1058
da02,1706844386386858,7.0759754,0.81981909,1.071496,10,1059
da02,1706844386486821,7.0791116,0.81994659,1.0688708,10,1060
da02,1706844386586928,7.0804167,0.81212825,1.0722839,9,1061
da02,1706844386686834,7.0724525,0.81700867,1.0741384,8,1062
da02,1706844386786897,7.2310147,0.66191149,1.5289338,72,1063
da02,1706844386886924,7.187737,0.70099872,1.4187564,8,1064
da02,1706844386986857,7.166832,0.72599787,1.3319259,10,1065
da02,1706844387086822,7.1312051,0.7504642,1.268599,8,1066
da02,1706844387186958,7.1166449,0.77161622,1.2175556,10,1067
da02,1706844387286823,7.103673,0.79603434,1.1800547,10,1068
da02,1706844387386869,7.0925336,0.80683273,1.1561614,9,1069
da02,1706844387486954,7.071641,0.81365752,1.1373835,8,1070
da02,1706844387586891,7.0646915,0.8203752,1.12399,8,1071
da02,1706844387686908,7.064889,0.82139868,1.1099914,9,1072
da02,1706844387786990,7.0811067,0.8257671,1.096814,12,1073
da02,1706844387886891,7.0760727,0.82314444,1.0967658,8,1074
da02,1706844387986890,7.0698519,0.83132643,1.0854034,9,1075
da02,1706844388086865,7.07999,0.82227933,1.078588,11,1076
da02,1706844388186874,7.0893846,0.82148308,1.0811943,11,1077
da02,1706844388286948,7.0827136,0.8173297,1.0815978,9,1078
da02,1706844388390600,7.0848007,0.82638466,1.0701026,11,1079
da02,1706844388486889,7.0737081,0.83508027,1.0805677,8,1080
da02,1706844388586857,7.0709043,0.82862955,1.0890754,8,1081
da02,1706844388686848,7.0627527,0.82297951,1.0879283,8,1082
da02,1706844388786834,7.0564456,0.83003503,1.0792843,9,1083
da02,1706844388886850,7.0635433,0.83734941,1.0717398,11,1084
da02,1706844388986873,7.0663142,0.83413935,1.074026,9,1085
da02,1706844389086846,7.0679045,0.83884233,1.0730934,10,1086
da02,1706844389186906,7.0627327,0.8340373,1.0764138,8,1087
da02,1706844389286846,7.0580778,0.83116257,1.080609,8,1088
da02,1706844389386844,7.0591688,0.82909572,1.0787894,9,1089
da02,1706844389486876,7.0604138,0.82495159,1.0739782,9,1090
da02,1706844389586950,7.0669265,0.83200306,1.0722241,10,1091
da02,1706844389686868,7.07085,0.82153308,1.0813123,9,1092
da02,1706844389786920,7.0838652,0.80970716,1.0795095,11,1093
da02,1706844389886849,7.0795546,0.81872767,1.0681334,10,1094
da02,1706844389986844,7.063035,0.82262874,1.0672438,8,1095
da02,1706844390086867,7.0712752,0.82467914,1.0685844,10,1096
da02,1706844390186858,7.0670748,0.82944572,1.0694165,9,1097
da02,1706844390286843,7.0664959,0.83940643,1.0689503,10,1098
da02,1706844390386882,7.062079,0.83296543,1.0739971,8,1099
da02,1706844390486888,7.0644164,0.83043528,1.0846524,8,1100
da02,1706844390586976,7.0646825,0.82894367,1.0804882,9,1101
da02,1706844390686868,7.0866809,0.83258343,1.0813587,12,1102
da02,1706844390786870,7.0957613,0.81914479,1.0723736,11,1103
da02,1706844390886955,7.10173,0.81317812,1.0682962,11,1104
da02,1706844390986904,7.1010256,0.82022059,1.0687814,11,1105
da02,1706844391086896,7.0911646,0.83431768,1.0705675,9,1106
da02,1706844391186884,7.0856948,0.84317148,1.0619446,10,1107
da02,1706844391286898,7.0812283,0.82574958,1.0607021,9,1108
da02,1706844391386902,7.082058,0.83859324,1.0593045,11,1109
da02,1706844391486855,7.0755625,0.83836007,1.0669376,9,1110
da02,1706844391586911,7.0868173,0.83505231,1.0715016,11,1111
da02,1706844391686855,7.08324,0.84172523,1.0757508,9,1112
da02,1706844391786870,7.073092,0.83618265,1.0787034,8,1113
da02,1706844391886850,7.0754676,0.829242,1.068678,10,1114
da02,1706844391986891,7.0800271,0.81803781,1.063718,10,1115
da02,1706844392086823,7.0693436,0.8307116,1.0702432,8,1116
da02,1706844392186901,7.0539441,0.82515353,1.088835,8,1117
da02,1706844392287012,7.0563498,0.83095253,1.084397,9,1118
da02,1706844392386884,7.055511,0.83341092,1.0798628,9,1119
da02,1706844392486860,7.0554862,0.84461761,1.0743152,10,1120
da02,1706844392586991,7.0676947,0.83148056,1.0691414,11,1121
da02,1706844392686829,7.0737834,0.82120007,1.0671157,10,1122
da02,1706844392786920,7.0778246,0.82291061,1.0598004,11,1123
da02,1706844392886976,7.0707064,0.83584386,1.0733967,8,1124
da02,1706844392986871,7.0724316,0.83462173,1.0629615,10,1125
da02,1706844393086852,7.0724921,0.83920413,1.064795,10,1126
da02,1706844393186899,7.0724297,0.84932333,1.0684386,10,1127
da02,1706844393286880,7.0644908,0.84899539,1.0705578,8,1128
da02,1706844393386916,7.0804677,0.84006417,1.0753505,11,1129
da02,1706844393486914,7.0974383,0.83987051,1.066082,13,1130
da02,1706844393586893,7.1011882,0.82156444,1.0593855,11,1131
da02,1706844393686881,7.0860543,0.82821232,1.059966,9,1132
da02,1706844393786878,7.0818105,0.818663,1.0616193,9,1133
da02,1706844393887024,7.0793638,0.81186694,1.0690844,9,1134
da02,1706844393986948,7.0870509,0.81217819,1.0677385,11,1135
da02,1706844394086898,7.0753312,0.82791084,1.0646727,9,1136
da02,1706844394186870,7.0656447,0.82511473,1.0617032,8,1137
da02,1706844394286906,7.0535269,0.817679,1.0616807,7,1138
da02,1706844394386950,7.0683885,0.81915063,1.0653551,11,1139
da02,1706844394486925,7.0679564,0.82576615,1.0612988,10,1140
da02,1706844394586884,7.0759792,0.83146542,1.0767218,9,1141
da02,1706844394686927,7.0775886,0.82789475,1.075439,10,1142
da02,1706844394786929,7.0832934,0.827484,1.08547,9,1143
da02,1706844394886826,7.0887341,0.83177418,1.0752529,11,1144
da02,1706844394986948,7.0813146,0.834784,1.0741287,9,1145
da02,1706844395086891,7.0824151,0.82175982,1.0845019,9,1146
da02,1706844395186877,7.074832,0.81675446,1.0832589,8,1147
da02,1706844395287486,7.074038,0.81730312,1.0685297,10,1148
da02,1706844395386970,7.0868683,0.81817538,1.0683049,11,1149
da02,1706844395486845,7.0741773,0.82561767,1.0707562,8,1150
da02,1706844395586916,7.0742073,0.83095753,1.0713187,10,1151
da02,1706844395686881,7.0735593,0.828976,1.0712529,9,1152
da02,1706844395786895,7.0837779,0.82499117,1.0804367,10,1153
da02,1706844395886888,7.07952,0.82899088,1.0760322,10,1154
da02,1706844395986916,7.0798397,0.82753527,1.0742286,10,1155
da02,1706844396086842,7.0669689,0.834494,1.0737821,8,1156
da02,1706844396186896,7.0689378,0.82863539,1.0744878,9,1157
da02,1706844396286864,7.0747242,0.81908679,1.0673631,10,1158
da02,1706844396386916,7.0639567,0.82408404,1.0658121,8,1159
da02,1706844396486873,7.0676994,0.82868028,1.0707572,9,1160
da02,1706844396586915,7.0744753,0.8205843,1.0786741,9,1161
da02,1706844396686892,7.073462,0.81480348,1.0811719,9,1162
da02,1706844396786894,7.0554695,0.818106,1.0824523,8,1163
da02,1706844396886888,7.0518541,0.81994343,1.0868479,8,1164
da02,1706844396986944,7.0708361,0.82946169,1.0874417,11,1165
da02,1706844397086907,7.0659661,0.8337279,1.0890734,8,1166
da02,1706844397186946,7.06768,0.83513147,1.0908669,9,1167
da02,1706844397287040,7.0598769,0.83271557,1.0896525,8,1168
da02,1706844397386923,7.0750718,0.83198166,1.0813482,11,1169
da02,1706844397486927,7.0584364,0.81601018,1.0787865,7,1170
da02,1706844397587028,7.0567102,0.82026887,1.0852829,8,1171
da02,1706844397686954,7.0546551,0.82423264,1.0842522,8,1172
da02,1706844397786937,7.0688319,0.82555932,1.0815916,11,1173
da02,1706844397887028,7.0649562,0.82371771,1.0835415,8,1174
da02,1706844397986953,7.0796986,0.81884605,1.0846392,11,1175
da02,1706844398086918,7.0793085,0.81394434,1.07648,10,1176
da02,1706844398187034,7.0850115,0.81895262,1.0728747,11,1177
da02,1706844398286933,7.0939155,0.81600308,1.0820873,10,1178
da02,1706844398386932,7.0910854,0.8141073,1.0712159,10,1179
da02,1706844398487017,7.0822968,0.82222897,1.0766108,9,1180
da02,1706844398586975,7.0853229,0.82473147,1.0783449,10,1181
da02,1706844398686928,7.0883408,0.82698023,1.082113,10,1182
da02,1706844398787060,7.0758915,0.84152609,1.0828042,8,1183
da02,1706844398886984,7.0702157,0.83801788,1.073797,9,1184
da02,1706844398987031,7.0766997,0.83284193,1.076205,10,1185
da02,1706844399087613,7.0659809,0.8239516,1.0665251,9,1186
da02,1706844399187004,7.0723014,0.8267507,1.0724701,10,1187
da02,1706844399286929,7.07483,0.8243587,1.0722502,10,1188
da02,1706844399387070,7.0656223,0.82431495,1.069142,8,1189
da02,1706844399487201,7.082943,0.8155899,1.0733404,11,1190
da02,1706844399587135,7.0711379,0.8291921,1.0840679,8,1191
da02,1706844399686992,7.0593204,0.83451921,1.0925549,8,1192
da02,1706844399787033,7.0583844,0.84215569,1.0789093,10,1193
da02,1706844399887031,7.0701017,0.8393864,1.0730213,11,1194
da02,1706844399986992,7.0548029,0.83914143,1.0830394,8,1195
da02,1706844400087023,7.0566964,0.83622855,1.0771832,9,1196
da02,1706844400187037,7.0543723,0.8519243,1.0720502,9,1197
da02,1706844400287106,7.0530109,0.84009755,1.0794108,8,1198
da02,1706844400387064,7.0560379,0.84181732,1.074582,10,1199
da02,1706844400486999,7.0565047,0.83592808,1.0779926,8,1200
da02,1706844400587111,7.0560308,0.8356182,1.0795391,9,1201
da02,1706844400686988,7.0514402,0.83727759,1.0722599,9,1202
da02,1706844400787042,7.0489664,0.82650667,1.0691394,8,1203
da02,1706844400887048,7.0488663,0.82550693,1.0824763,7,1204
da02,1706844400987011,7.0588241,0.82082433,1.079824,10,1205
da02,1706844401087036,7.0595636,0.83147126,1.073912,10,1206
da02,1706844401187016,7.0666218,0.83986014,1.0743454,10,1207
da02,1706844401287051,7.0702572,0.83007574,1.0712037,10,1208
da02,1706844401387061,7.0771136,0.82765013,1.0718868,10,1209
da02,1706844401486977,7.0920143,0.81321943,1.075098,11,1210
da02,1706844401587065,7.0919681,0.81087774,1.0726175,10,1211
da02,1706844401688709,7.0905704,0.82139188,1.0787983,10,1212
da02,1706844401787054,7.080555,0.81683725,1.0817238,8,1213
da02,1706844401887080,7.0841637,0.81288481,1.0721548,11,1214
da02,1706844401987062,7.0889668,0.82225126,1.0721434,11,1215
da02,1706844402086986,7.0987597,0.8279016,1.0677402,12,1216
da02,1706844402187100,7.1061854,0.82769674,1.0592369,12,1217
da02,1706844402287070,7.1040792,0.82023215,1.072493,9,1218
da02,1706844402387047,7.0849762,0.81595075,1.0671165,8,1219
da02,1706844402487089,7.0901089,0.81408387,1.0699477,10,1220
da02,1706844402587053,7.073256,0.81797886,1.0790547,8,1221
da02,1706844402687028,7.0689974,0.82066286,1.0810198,9,1222
da02,1706844402787062,7.0753684,0.82360995,1.0740879,11,1223
da02,1706844402887064,7.0695758,0.84012026,1.0801103,9,1224
da02,1706844402987098,7.0730357,0.84298509,1.0781471,10,1225
da02,1706844403087050,7.0603709,0.84421092,1.0752381,8,1226
da02,1706844403187050,7.0627751,0.83925062,1.0807284,9,1227
da02,1706844403287018,7.0656877,0.83778381,1.0852904,9,1228
da02,1706844403387069,7.0761313,0.84993029,1.0771676,12,1229
da02,1706844403487047,7.0712152,0.84012914,1.0819651,8,1230
da02,1706844403586982,7.0656238,0.83355379,1.0761764,9,1231
da02,1706844403687065,7.0598154,0.8335067,1.0687201,9,1232
da02,1706844403787094,7.0625486,0.84427953,1.073761,9,1233
da02,1706844403887028,7.066391,0.835227,1.0765727,9,1234
da02,1706844403987129,7.0784388,0.83313787,1.0666238,12,1235
da02,1706844404087069,7.0698261,0.832749,1.0701885,8,1236
da02,1706844404187372,7.0649686,0.82761669,1.0721793,8,1237
da02,1706844404287080,7.0667105,0.818578,1.080793,8,1238
da02,1706844404387074,7.0675139,0.82230723,1.0780308,9,1239
da02,1706844404487015,7.079257,0.824535,1.071839,11,1240
da02,1706844404587103,7.072763,0.8240912,1.0727899,9,1241
da02,1706844404687088,7.0643268,0.83160478,1.0693442,9,1242
da02,1706844404787041,7.0692339,0.82762432,1.0709559,10,1243
da02,1706844404887062,7.0736241,0.82839125,1.0719141,10,1244
da02,1706844404987121,7.06714,0.818326,1.0768601,8,1245
da02,1706844405086997,7.06508,0.82696819,1.0722765,9,1246
da02,1706844405187078,7.0639243,0.83203971,1.0619456,10,1247
da02,1706844405287060,7.0681973,0.82645726,1.0626011,10,1248
da02,1706844405387001,7.0655417,0.83005637,1.0632267,9,1249
da02,1706844405486995,7.0728097,0.82610911,1.0706537,10,1250
da02,1706844405586990,7.0731597,0.83127666,1.0788449,9,1251
da02,1706844405686964,7.078227,0.82065427,1.0829911,9,1252
da02,1706844405787005,7.0772824,0.82503265,1.0759749,10,1253
da02,1706844405886960,7.0647879,0.82516652,1.0714887,8,1254
da02,1706844405986979,7.0610828,0.82867646,1.0715194,9,1255
da02,1706844406087028,7.058928,0.816332,1.0680273,9,1256
da02,1706844406187003,7.0456147,0.82485813,1.0741212,8,1257
da02,1706844406287677,7.0471406,0.824686,1.0772499,8,1258
da02,1706844406387106,7.0628405,0.8251816,1.0711563,11,1259
da02,1706844406487010,7.0508919,0.82492691,1.0622488,8,1260
da02,1706844406587139,7.0436916,0.83299416,1.0564518,9,1261
da02,1706844406686979,7.0686,0.82998091,1.073349,11,1262
da02,1706844406787048,7.0719452,0.83349496,1.0750812,10,1263
da02,1706844406887097,7.0637188,0.83855885,1.0824947,8,1264
da02,1706844406987047,7.048007,0.844893,1.0825936,8,1265
da02,1706844407086984,7.0462642,0.8400535,1.083148,8,1266
da02,1706844407187154,7.0518637,0.83430928,1.0773166,9,1267
da02,1706844407286998,7.0556726,0.830352,1.0756776,9,1268
da02,1706844407387030,7.0662937,0.84543258,1.0708724,11,1269
da02,1706844407487101,7.0782003,0.82534719,1.0677788,11,1270
da02,1706844407587102,7.0668092,0.83732772,1.0701534,8,1271
da02,1706844407687029,7.0651507,0.84409463,1.0808485,8,1272
da02,1706844407787215,7.0474992,0.85168207,1.077571,8,1273
da02,1706844407887031,7.0368075,0.84170353,1.0731562,7,1274
da02,1706844407987060,7.0440307,0.83405817,1.0670242,10,1275
da02,1706844408087068,7.040998,0.83192,1.0682702,8,1276
da02,1706844408187042,7.046124,0.84416664,1.0743834,9,1277
da02,1706844408286943,7.0512867,0.8421998,1.0787172,9,1278
da02,1706844408387167,7.0586467,0.83856195,1.0766011,10,1279
da02,1706844408487028,7.069921,0.83364284,1.0805,10,1280
da02,1706844408587194,7.0781589,0.84561318,1.0810479,11,1281
da02,1706844408687120,7.0794187,0.85044938,1.079973,10,1282
da02,1706844408787102,7.0702806,0.83936113,1.080803,8,1283
da02,1706844408887021,7.0739923,0.83983696,1.075192,10,1284
da02,1706844408987202,7.0796981,0.84836245,1.0793221,10,1285
da02,1706844409087067,7.0807538,0.84133685,1.0750142,10,1286
da02,1706844409187105,7.0698285,0.827242,1.0821836,7,1287
da02,1706844409287737,7.0756063,0.82660949,1.0845377,10,1288
da02,1706844409387453,7.0835509,0.81836838,1.0754935,11,1289
da02,1706844409487033,7.0728431,0.82461,1.0831016,8,1290
da02,1706844409587368,7.0622377,0.824042,1.0865291,7,1291
da02,1706844409687030,7.0627065,0.81662118,1.0973375,8,1292
da02,1706844409787019,7.0579724,0.82371503,1.0943247,8,1293
da02,1706844409887050,7.051878,0.821543,1.0890771,8,1294
da02,1706844409987134,7.0542059,0.81661171,1.0898986,8,1295
da02,1706844410087024,7.0665746,0.81943464,1.0874085,10,1296
da02,1706844410187059,7.0746851,0.82382554,1.078972,11,1297
da02,1706844410287078,7.0723219,0.82392758,1.0914332,8,1298
da02,1706844410387008,7.0668383,0.8210547,1.080543,9,1299
da02,1706844410487217,7.0698771,0.82543391,1.0663126,11,1300
da02,1706844410587104,7.0671148,0.83341545,1.0647366,9,1301
da02,1706844410687060,7.0643554,0.83447671,1.0710118,9,1302
da02,1706844410787151,7.2575488,0.64700359,1.4473029,73,1303
da02,1706844410887057,7.2086997,0.69545233,1.3552611,9,1304
da02,1706844410987134,7.1526442,0.73377216,1.2883685,8,1305
da02,1706844411087072,7.1290212,0.75154817,1.2334808,9,1306
da02,1706844411187054,7.1092534,0.7734974,1.1892194,9,1307
da02,1706844411287116,7.0922103,0.78536755,1.1665606,8,1308
da02,1706844411387035,7.0880685,0.80377424,1.1415391,10,1309
da02,1706844411487076,7.0901437,0.80379456,1.1259512,10,1310
da02,1706844411587176,7.0848122,0.80370694,1.115929,9,1311
da02,1706844411687110,7.0868068,0.812332,1.1071479,10,1312
da02,1706844411787094,7.0782638,0.82293308,1.0866607,10,1313
da02,1706844411887094,7.0754285,0.8217755,1.0940751,8,1314
da02,1706844411987140,7.0642972,0.81303364,1.0768217,9,1315
da02,1706844412087066,7.0662179,0.80992162,1.0736185,9,1316
da02,1706844412187079,7.057621,0.81491095,1.077381,8,1317
da02,1706844412287205,7.0408344,0.82089031,1.0685033,8,1318
da02,1706844412387066,7.035253,0.81746668,1.076476,7,1319
da02,1706844412487062,7.0432148,0.81772006,1.0750471,9,1320
da02,1706844412587168,7.0549703,0.81461,1.0753031,10,1321
da02,1706844412687046,7.0553446,0.81363893,1.0805666,8,1322
da02,1706844412787066,7.0563517,0.81565559,1.0687475,10,1323
da02,1706844412887130,7.0544777,0.81288987,1.0807383,7,1324
da02,1706844412987044,7.0383115,0.80953711,1.0781865,7,1325
da02,1706844413087043,7.0492649,0.81592721,1.0779765,10,1326
da02,1706844413187068,7.046268,0.82916611,1.0771208,8,1327
da02,1706844413287142,7.0442777,0.82340264,1.0751696,8,1328
da02,1706844413387066,7.0422153,0.82961637,1.0683042,9,1329
da02,1706844413487042,7.0419383,0.82747597,1.0720706,8,1330
da02,1706844413587122,7.0504546,0.82977015,1.068832,10,1331
da02,1706844413687005,7.0538197,0.82879573,1.0713645,9,1332
da02,1706844413787150,7.0516715,0.83365268,1.0686557,9,1333
da02,1706844413887073,7.0567517,0.82541013,1.0637218,10,1334
da02,1706844413987063,7.073019,0.82943767,1.0716026,11,1335
da02,1706844414087140,7.0644121,0.84017849,1.0623521,9,1336
da02,1706844414187044,7.0559239,0.83458388,1.0744177,7,1337
da02,1706844414287045,7.0556517,0.83127767,1.0719812,9,1338
da02,1706844414387106,7.0604362,0.82620752,1.0769247,9,1339
da02,1706844414487132,7.065516,0.82542586,1.0786842,9,1340
da02,1706844414587012,7.0647311,0.82594186,1.0739169,9,1341
da02,1706844414687110,7.065958,0.8323347,1.0705471,10,1342
da02,1706844414787090,7.0681434,0.82925826,1.0727726,9,1343
da02,1706844414887041,7.0594869,0.82679904,1.0770702,8,1344
da02,1706844414987191,7.0470214,0.84060377,1.0756013,8,1345
da02,1706844415087071,7.0569382,0.84042597,1.0685589,11,1346
da02,1706844415187068,7.0551915,0.84015578,1.065528,9,1347
da02,1706844415287240,7.04697,0.843206,1.066144,8,1348
da02,1706844415387154,7.056366,0.85046339,1.0744125,10,1349
da02,1706844415487116,7.0516658,0.85060728,1.0729473,8,1350
da02,1706844415587274,7.0461636,0.85480511,1.071182,8,1351
da02,1706844415687149,7.0480347,0.84120631,1.0667527,9,1352
da02,1706844415787162,7.048233,0.83431536,1.0723488,8,1353
da02,1706844415887075,7.0494776,0.832575,1.0697403,9,1354
da02,1706844415989526,7.0525575,0.84024346,1.0701478,9,1355
da02,1706844416087086,7.0549326,0.83921117,1.0834503,8,1356
da02,1706844416187049,7.056005,0.83695805,1.0867784,8,1357
da02,1706844416287128,7.064539,0.8313027,1.0810283,10,1358
da02,1706844416387038,7.0701652,0.82781488,1.0746168,10,1359
da02,1706844416487049,7.0704193,0.83339936,1.0683303,10,1360
da02,1706844416587199,7.07299,0.82520163,1.0856398,8,1361
da02,1706844416687020,7.07454,0.82622093,1.0769638,10,1362
da02,1706844416787100,7.0752707,0.8296454,1.0663528,10,1363
da02,1706844416887135,7.0816236,0.82769984,1.0707093,10,1364
da02,1706844416987026,7.0890231,0.83165979,1.0574394,12,1365
da02,1706844417088761,7.0840507,0.84442186,1.0608284,10,1366
da02,1706844417187180,7.078928,0.84544015,1.0595988,10,1367
da02,1706844417287554,7.0678792,0.84312671,1.0582826,9,1368
da02,1706844417387042,7.0668597,0.83991164,1.0676128,9,1369
da02,1706844417487091,7.0783415,0.8403542,1.0636971,11,1370
da02,1706844417587090,7.0785427,0.83752942,1.0680745,9,1371
da02,1706844417687078,7.0720367,0.82182771,1.0688812,8,1372
da02,1706844417787068,7.0700603,0.81947649,1.07033,9,1373
da02,1706844417887090,7.078063,0.82307589,1.0720431,10,1374
da02,1706844417987068,7.08412,0.82359248,1.0650589,11,1375
da02,1706844418087119,7.0722256,0.82178986,1.0771918,7,1376
da02,1706844418187087,7.0744634,0.81311822,1.0836378,9,1377
da02,1706844418287127,7.0668797,0.81552267,1.078433,9,1378
da02,1706844418387092,7.06117,0.81839603,1.0824859,8,1379
da02,1706844418487101,7.0680342,0.81661338,1.0801829,10,1380
da02,1706844418587055,7.0703425,0.82575214,1.0736408,10,1381
da02,1706844418687114,7.0678849,0.68987769,1.0468054,70,1382
da02,1706844418787185,7.0737553,0.72627932,1.0463302,11,1383
da02,1706844418887073,7.0655937,0.74999863,1.0517941,8,1384
da02,1706844418987101,7.0738378,0.77727181,1.0616828,10,1385
da02,1706844419087186,7.0667248,0.79271024,1.0682617,8,1386
da02,1706844419187062,7.0598927,0.80139607,1.0599812,9,1387
da02,1706844419287126,7.0498805,0.80585259,1.068395,7,1388
da02,1706844419387690,7.0561581,0.80490893,1.0697455,9,1389
da02,1706844419487076,7.0530791,0.81381381,1.0732616,8,1390
da02,1706844419587082,7.0500813,0.81568104,1.0682033,9,1391
da02,1706844419687206,7.0500584,0.81944251,1.0569801,10,1392
da02,1706844419787176,7.0481696,0.82171011,1.0653481,8,1393
da02,1706844419887120,7.068152,0.82864958,1.0592396,12,1394
da02,1706844419987196,7.0816836,0.82629353,1.0626469,11,1395
da02,1706844420087108,7.0756192,0.83213621,1.0677972,9,1396
da02,1706844420187126,7.0635681,0.82931578,1.0725952,7,1397
da02,1706844420287221,7.0717239,0.82751292,1.0643361,11,1398
da02,1706844420387088,7.0682511,0.82631981,1.0706676,8,1399
da02,1706844420487100,7.0736742,0.82440943,1.0768672,9,1400
da02,1706844420587182,7.0811267,0.82981044,1.0715272,11,1401
da02,1706844420687084,7.0872216,0.82447863,1.0732558,10,1402
da02,1706844420787068,7.0936775,0.82313031,1.0736791,11,1403
da02,1706844420887178,7.1015339,0.70830631,1.0461006,70,1404
da02,1706844420987066,7.0874248,0.74544996,1.0580652,8,1405
da02,1706844421087167,7.0723681,0.76765913,1.0663859,7,1406
da02,1706844421187198,7.0783029,0.78235918,1.0638034,11,1407
da02,1706844421287141,7.0716438,0.79054093,1.0802126,7,1408
da02,1706844421387082,7.0766983,0.793956,1.0651673,11,1409
da02,1706844421487209,7.0911393,0.8040843,1.0625836,12,1410
da02,1706844421587174,7.0700674,0.81982994,1.0649446,8,1411
da02,1706844421687103,7.0728679,0.81165177,1.0706697,9,1412
da02,1706844421787175,7.0581226,0.811643,1.07877,8,1413
da02,1706844421887083,7.0670428,0.82685566,1.0795233,10,1414
da02,1706844421987118,7.0742893,0.82333165,1.0877202,9,1415
da02,1706844422087194,7.0769997,0.82664192,1.0875918,10,1416
da02,1706844422187074,7.0668612,0.82632864,1.0910039,7,1417
da02,1706844422287106,7.0610657,0.832086,1.0937601,8,1418
da02,1706844422387189,7.0618987,0.84694594,1.0891277,10,1419
da02,1706844422487139,7.0661464,0.84697086,1.0848176,10,1420
da02,1706844422587135,7.0713086,0.84290117,1.0823104,10,1421
da02,1706844422687125,7.057354,0.83358574,1.0881916,7,1422
da02,1706844422787210,7.0580516,0.84253818,1.0795177,10,1423
da02,1706844422887135,7.0683036,0.84000421,1.0764704,11,1424
da02,1706844422987180,7.0821824,0.83557612,1.0732079,11,1425
da02,1706844423087260,7.0779886,0.83391935,1.0722642,9,1426
da02,1706844423187279,7.072813,0.8401199,1.0719532,9,1427
da02,1706844423287158,7.0728517,0.83769053,1.077293,9,1428
da02,1706844423387293,7.0826387,0.85104084,1.067506,12,1429
da02,1706844423487201,7.0847635,0.85047096,1.0667273,10,1430
da02,1706844423587156,7.0752869,0.84835172,1.0734619,8,1431
da02,1706844423687227,7.068325,0.8378526,1.0680523,9,1432
da02,1706844423787202,7.0672083,0.83600396,1.0673497,9,1433
da02,1706844423887108,7.0741978,0.84812033,1.0693563,11,1434
da02,1706844423987148,7.0735426,0.84182626,1.0735708,9,1435
da02,1706844424087137,7.0949407,0.83517396,1.0785835,12,1436
da02,1706844424187127,7.0985,0.83966917,1.0895197,10,1437
da02,1706844424287182,7.0764952,0.83793873,1.0846374,8,1438
da02,1706844424387683,7.0689688,0.84575206,1.0777186,9,1439
da02,1706844424487091,7.0732985,0.84980142,1.0795736,10,0
da02,1706844424587099,7.0784788,0.85213447,1.0789912,10,1
da02,1706844424687134,7.078824,0.85939562,1.0812858,10,2
da02,1706844424787116,7.0780325,0.85811943,1.0848103,9,3
da02,1706844424887119,7.0813456,0.85354495,1.0789732,10,4
da02,1706844424987260,7.0628076,0.85242331,1.0795538,8,5
da02,1706844425087298,7.0535412,0.84608978,1.0731286,8,6
da02,1706844425187157,7.0541606,0.84515959,1.070076,9,7
da02,1706844425287278,7.0589705,0.83591056,1.066529,10,8
da02,1706844425387322,7.0594697,0.8319124,1.0668242,9,9
da02,1706844425487154,7.0547886,0.83479095,1.0727849,8,10
da02,1706844425587183,7.05402,0.83114541,1.0607551,10,11
da02,1706844425687130,7.068408,0.82624626,1.0663171,10,12
da02,1706844425787318,7.0580344,0.82932335,1.088263,8,13
da02,1706844425887185,7.0516653,0.81823534,1.0848365,8,14
da02,1706844425987168,7.056386,0.81193072,1.0816654,9,15
da02,1706844426087287,7.0388913,0.81406993,1.0782053,8,16
da02,1706844426187156,7.0489635,0.817841,1.0751684,10,17
da02,1706844426287549,7.0598297,0.80419326,1.0733848,10,18
da02,1706844426387204,7.0555344,0.8080337,1.076929,8,19
da02,1706844426487264,7.0600562,0.8023994,1.0812732,9,20
da02,1706844426587299,7.0572858,0.80296624,1.0825307,8,21
da02,1706844426687148,7.0622931,0.81433314,1.0826168,10,22
da02,1706844426787258,7.0557642,0.82158977,1.0849297,8,23
da02,1706844426887306,7.0478435,0.82554835,1.0806357,8,24
da02,1706844426987158,7.06116,0.81903541,1.0758853,10,25
da02,1706844427087159,7.0533233,0.82782471,1.0684631,9,26
da02,1706844427187206,7.0522237,0.82317686,1.069484,8,27
da02,1706844427287194,7.0469,0.81514955,1.066263,8,28
da02,1706844427387225,7.0446305,0.81860894,1.0574386,9,29
da02,1706844427487181,7.0526819,0.83393562,1.0588365,10,30
da02,1706844427587170,7.058332,0.82147169,1.0611998,9,31
da02,1706844427687263,7.06629,0.818546,1.0652691,10,32
da02,1706844427787286,7.056489,0.82366174,1.0645427,8,33
da02,1706844427887212,7.0422487,0.82967764,1.0627766,8,34
da02,1706844427987206,7.0440917,0.83660823,1.0588673,9,35
da02,1706844428087211,7.04572,0.82719159,1.0550784,9,36
da02,1706844428187165,7.0431738,0.81587654,1.0696366,7,37
da02,1706844428287756,7.0453463,0.81570905,1.0731691,8,38
da02,1706844428387205,7.0459061,0.81112075,1.0671413,9,39
da02,1706844428487154,7.048398,0.81771433,1.084262,8,40
da02,1706844428587222,7.047576,0.82650179,1.0749029,9,41
da02,1706844428687216,7.0509243,0.8248558,1.0731045,9,42
da02,1706844428787246,7.0518909,0.8239367,1.078585,8,43
da02,1706844428887174,7.05185,0.82404906,1.0730133,9,44
da02,1706844428987234,7.0540333,0.82858586,1.0772972,9,45
da02,1706844429087152,7.0621204,0.83592647,1.0675145,11,46
da02,1706844429187163,7.0748477,0.830581,1.0727948,10,47
da02,1706844429287240,7.0767031,0.82947218,1.0732087,10,48
da02,1706844429387214,7.0711889,0.82963693,1.0793893,8,49
da02,1706844429487207,7.0719218,0.83617455,1.0823385,9,50
da02,1706844429587267,7.0622625,0.83540094,1.0777253,8,51
da02,1706844429687233,7.056633,0.82888252,1.0694509,9,52
da02,1706844429787219,7.0584893,0.82588917,1.0711122,9,53
da02,1706844429887240,7.0632386,0.82935554,1.0657408,10,54
da02,1706844429987133,7.0722556,0.82678449,1.0612932,11,55
da02,1706844430087190,7.0621958,0.82425314,1.0594664,8,56
da02,1706844430187230,7.0579767,0.8290925,1.0631633,9,57
da02,1706844430287215,7.0532646,0.83416808,1.069364,8,58
da02,1706844430387192,7.0586619,0.82612348,1.0780456,9,59
da02,1706844430487229,7.075613,0.83345687,1.0680789,12,60
da02,1706844430587146,7.0565672,0.6992895,1.0419666,70,61
da02,1706844430687183,7.0545235,0.73459148,1.0559394,8,62
da02,1706844430787228,7.0494761,0.76665461,1.061559,8,63
da02,1706844430887160,7.0513697,0.79305595,1.0612522,9,64
da02,1706844430987238,7.0675554,0.7988174,1.0667819,11,65
da02,1706844431087201,7.0783944,0.81434238,1.0672787,11,66
da02,1706844431187216,7.0740929,0.81121123,1.0735497,8,67
da02,1706844431287247,7.0776734,0.81344986,1.0779771,10,68
da02,1706844431387258,7.0764232,0.82336235,1.0722649,10,69
da02,1706844431487198,7.0744109,0.82627267,1.0705869,9,70
da02,1706844431587260,7.0660138,0.82842773,1.0634837,9,71
da02,1706844431687220,7.0588207,0.81536788,1.057726,8,72
da02,1706844431787311,7.0476584,0.80997431,1.0600513,7,73
da02,1706844431887310,7.0609465,0.809573,1.0686972,10,74
da02,1706844431987227,7.0509863,0.8150562,1.0656482,8,75
da02,1706844432087191,7.0572143,0.8170172,1.0819141,8,76
da02,1706844432187189,7.0547915,0.81320077,1.0778247,8,77
da02,1706844432287203,7.0525646,0.81066704,1.0850896,8,78
da02,1706844432387067,7.0538635,0.81480479,1.0865946,8,79
da02,1706844432488778,7.0601926,0.81839216,1.0814602,10,80
da02,1706844432587217,7.0687265,0.82297176,1.0823469,10,81
da02,1706844432687156,7.0668774,0.81661868,1.0731621,9,82
da02,1706844432787203,7.0737944,0.81828582,1.0750356,10,83
da02,1706844432887173,7.0732765,0.81720966,1.0771146,9,84
da02,1706844432987132,7.0697575,0.82162416,1.0747945,9,85
da02,1706844433087202,7.0728312,0.82611036,1.0757979,10,86
da02,1706844433187230,7.0679069,0.82635421,1.0837245,8,87
da02,1706844433287208,7.0671015,0.83820111,1.0800607,10,88
da02,1706844433387202,7.0564556,0.83127952,1.074837,8,89
da02,1706844433487190,7.0705929,0.83052224,1.0680358,11,90
da02,1706844433587208,7.0745969,0.83394766,1.0670302,10,91
da02,1706844433687190,7.0679073,0.84452558,1.0739447,8,92
da02,1706844433787224,7.0636272,0.85400331,1.0743582,9,93
da02,1706844433887221,7.0652666,0.84437186,1.0755569,9,94
da02,1706844433987150,7.0456657,0.83273309,1.0794755,8,95
da02,1706844434087195,7.0552297,0.82961482,1.0751294,10,96
da02,1706844434187175,7.0588861,0.83173591,1.0703585,10,97
da02,1706844434287316,7.0543094,0.836958,1.0685651,9,98
da02,1706844434387272,7.0533285,0.83082753,1.0633919,9,99
da02,1706844434487167,7.0582924,0.82736331,1.0697887,9,100
da02,1706844434587294,7.0701127,0.8226608,1.0681797,11,101
da02,1706844434687232,7.07028,0.83500326,1.0767864,9,102
da02,1706844434787262,7.0678368,0.83801961,1.0691098,10,103
da02,1706844434887168,7.064106,0.83750969,1.0832623,8,104
da02,1706844434987237,7.04395,0.83282959,1.0845844,8,105
da02,1706844435087193,7.0502195,0.82327241,1.0766535,9,106
da02,1706844435187189,7.0697718,0.82419175,1.0696814,12,107
da02,1706844435287184,7.0678363,0.829574,1.0610436,10,108
da02,1706844435387222,7.0727577,0.81862688,1.0609742,10,109
da02,1706844435487186,7.0621548,0.82072461,1.062687,8,110
da02,1706844435587279,7.0557508,0.82079041,1.0681572,8,111
da02,1706844435687248,7.0573821,0.82127017,1.0808522,8,112
da02,1706844435787192,7.0460877,0.81934637,1.0701648,8,113
da02,1706844435887234,7.0546026,0.83035564,1.0731372,10,114
da02,1706844435987228,7.0662661,0.82039106,1.0695748,10,115
da02,1706844436087214,7.0598321,0.82952815,1.0721555,8,116
da02,1706844436187215,7.0418959,0.82573807,1.0755709,8,117
da02,1706844436287212,7.0484056,0.83479333,1.0714842,10,118
da02,1706844436387193,7.0538006,0.83218741,1.077913,9,119
da02,1706844436487211,7.0612073,0.83707035,1.0727096,10,120
da02,1706844436587276,7.0534468,0.83683264,1.0684144,8,121
da02,1706844436687194,7.0572677,0.83080167,1.0621394,10,122
da02,1706844436787202,7.0440435,0.83057016,1.0592077,8,123
da02,1706844436887222,7.058805,0.83997315,1.0639313,11,124
da02,1706844436987368,7.0565495,0.84196275,1.0742062,8,125
da02,1706844437087285,7.0607381,0.83461183,1.0737563,9,126
da02,1706844437187399,7.0466824,0.832268,1.0713614,7,127
da02,1706844437287267,7.0528822,0.83222765,1.0682184,10,128
da02,1706844437387318,7.0608363,0.84000516,1.0752039,10,129
da02,1706844437487318,7.0514851,0.84940046,1.076713,8,130
da02,1706844437587269,7.0584579,0.83981669,1.0801917,9,131
da02,1706844437687483,7.0674968,0.83342934,1.0833775,10,132
da02,1706844437787294,7.0788741,0.83213454,1.0744412,11,133
da02,1706844437887469,7.0727715,0.835008,1.0776107,9,134
da02,1706844437987283,7.0793347,0.83554214,1.0678515,11,135
da02,1706844438087253,7.0761118,0.841411,1.0642761,10,136
da02,1706844438187252,7.0691881,0.84120721,1.0688639,8,137
da02,1706844438287287,7.0712805,0.83969057,1.0674748,10,138
da02,1706844438387224,7.0659604,0.83840179,1.0757502,8,139
da02,1706844438487245,7.0729208,0.84692478,1.0772585,10,140
da02,1706844438587260,7.0775938,0.83952367,1.0752923,10,141
da02,1706844438687275,7.0529175,0.83326441,1.0709532,8,142
da02,1706844438787270,7.0568671,0.82807106,1.0715992,9,143
da02,1706844438887276,7.0655026,0.82760388,1.0755481,10,144
da02,1706844438987338,7.0625019,0.82302815,1.0745058,9,145
da02,1706844439087452,7.06892,0.82798326,1.0691479,10,146
da02,1706844439187226,7.0633044,0.83703583,1.0809823,8,147
da02,1706844439287918,7.0667586,0.84209043,1.0860091,9,148
da02,1706844439387850,7.066771,0.84066653,1.0836384,9,149
da02,1706844439487638,7.167263,0.75173366,1.428728,70,150
da02,1706844439587238,7.141058,0.76952404,1.3398787,9,151
da02,1706844439687804,7.1275,0.78484321,1.2698233,10,152
da02,1706844439787204,7.1014643,0.785988,1.2181679,8,153
da02,1706844439887191,7.0888329,0.80783719,1.1855717,9,154
da02,1706844439987296,7.0898948,0.81095386,1.1579338,10,155
da02,1706844440087424,7.0883374,0.81661481,1.1388366,10,156
da02,1706844440187234,7.0841208,0.82045841,1.1226118,9,157
da02,1706844440287242,7.0816646,0.82708806,1.1102104,10,158
da02,1706844440387288,7.0788016,0.82420796,1.0986617,9,159
da02,1706844440487236,7.0836492,0.815388,1.0900373,10,160
da02,1706844440587303,7.082212,0.81478918,1.0740362,10,161
da02,1706844440687249,7.0761237,0.81679869,1.0741477,9,162
da02,1706844440787356,7.072669,0.82059151,1.0708741,9,163
da02,1706844440887303,7.076263,0.81978148,1.0670011,10,164
da02,1706844440987294,7.0597639,0.824225,1.0605109,8,165
da02,1706844441087264,7.0469818,0.830133,1.0591284,8,166
da02,1706844441187350,7.0407286,0.81805825,1.0622044,7,167
da02,1706844441287238,7.0424271,0.81398159,1.0630424,8,168
da02,1706844441387273,7.0413384,0.81541049,1.06188,8,169
da02,1706844441487269,7.0382252,0.81754035,1.0657603,8,170
da02,1706844441587438,7.0388551,0.82401192,1.0719869,8,171
da02,1706844441687236,7.0443468,0.82526022,1.067847,9,172
da02,1706844441787462,7.0360932,0.83577573,1.0647671,8,173
da02,1706844441887260,7.0446062,0.83187479,1.0611542,10,174
da02,1706844441987579,7.054574,0.8188231,1.0658137,9,175
da02,1706844442086470,7.0523643,0.81600076,1.0802464,7,176
da02,1706844442186503,7.0521345,0.82254285,1.0795013,9,177
da02,1706844442286547,7.0616531,0.81596404,1.0855079,9,178
da02,1706844442386498,7.0481362,0.81861633,1.0864333,8,179
da02,1706844442486524,7.0410991,0.81652534,1.0875183,7,180
da02,1706844442586481,7.0432982,0.82331347,1.0839084,9,181
da02,1706844442686414,7.0495296,0.828508,1.07626,10,182
da02,1706844442787422,7.0525465,0.81629115,1.0634847,10,183
da02,1706844442887317,7.0711703,0.80916965,1.0744359,10,184
da02,1706844442987270,7.0684137,0.82422614,1.0692011,10,185
da02,1706844443087238,7.0614786,0.83017248,1.0711297,8,186
da02,1706844443187302,7.0756321,0.82182455,1.0663109,11,187
da02,1706844443287207,7.0783582,0.82854146,1.0661041,10,188
da02,1706844443387294,7.078454,0.83547676,1.0607125,10,189
da02,1706844443487224,7.07738,0.84061927,1.0607334,10,190
da02,1706844443587232,7.0734305,0.84961671,1.0645314,9,191
da02,1706844443687314,7.0654354,0.83691412,1.059909,9,192
da02,1706844443787288,7.0603886,0.83970529,1.0638644,9,193
da02,1706844443887270,7.0458136,0.82778251,1.0704396,7,194
da02,1706844443987328,7.0593438,0.83978969,1.066844,11,195
da02,1706844444087371,7.0395126,0.83981031,1.0678186,8,196
da02,1706844444187279,7.0491509,0.830792,1.06421,10,197
da02,1706844444287274,7.0593429,0.82663554,1.0754582,9,198
da02,1706844444387316,7.0646744,0.82807338,1.0669576,10,199
da02,1706844444487377,7.0671344,0.82944584,1.0673728,10,200
da02,1706844444587272,7.0687184,0.8230015,1.0641538,10,201
da02,1706844444687273,7.0534716,0.8216536,1.0696964,8,202
da02,1706844444787361,7.0694785,0.82559639,1.0608733,12,203
da02,1706844444887218,7.0728474,0.81564629,1.0573574,10,204
da02,1706844444987274,7.0619111,0.81435245,1.0612991,8,205
da02,1706844445087350,7.2276726,0.65350044,1.5371464,72,206
da02,1706844445187265,7.1929893,0.68393171,1.429745,9,207
da02,1706844445287306,7.1584668,0.71714222,1.3419099,9,208
da02,1706844445387374,7.1324015,0.75222361,1.2679288,10,209
da02,1706844445487228,7.1143169,0.75942856,1.2099469,9,210
da02,1706844445587554,7.1022534,0.76670134,1.1716651,9,211
da02,1706844445687331,7.0869436,0.78146833,1.1423619,9,212
da02,1706844445787260,7.0899925,0.79080528,1.1300907,10,213
da02,1706844445887250,7.0931025,0.79483485,1.1184983,10,214
da02,1706844445987355,7.0834603,0.80597937,1.1026931,9,215
da02,1706844446087309,7.0643988,0.8156693,1.093161,8,216
da02,1706844446187261,7.0599585,0.82559729,1.0944079,8,217
da02,1706844446287340,7.057415,0.83118087,1.0970637,8,218
da02,1706844446387315,7.0693784,0.83122879,1.0791048,12,219
da02,1706844446487281,7.0704031,0.82204396,1.0835977,9,220
da02,1706844446587370,7.0694504,0.82898295,1.0829346,9,221
da02,1706844446687368,7.0760994,0.82950562,1.0728005,11,222
da02,1706844446787364,7.067018,0.82442933,1.0695391,8,223
da02,1706844446887384,7.060843,0.82778341,1.0641026,9,224
da02,1706844446987312,7.05806,0.83393526,1.0747104,8,225
da02,1706844447087370,7.0718875,0.82690263,1.0661862,11,226
da02,1706844447187472,7.0672894,0.82134807,1.0747173,8,227
da02,1706844447286515,7.0700622,0.83565593,1.0690448,10,228
da02,1706844447386484,7.06791,0.8238368,1.0700482,9,229
da02,1706844447486532,7.0561113,0.83242375,1.0726759,8,230
da02,1706844447586569,7.0475187,0.84525394,1.0703393,8,231
da02,1706844447686568,7.0457478,0.84932852,1.0692962,9,232
da02,1706844447786542,7.0528631,0.84869128,1.0778267,9,233
da02,1706844447887430,7.064394,0.84573752,1.0755645,11,234
da02,1706844447987385,7.0722766,0.84312922,1.0751876,10,235
da02,1706844448087336,7.0684414,0.850515,1.0638858,10,236
da02,1706844448187420,7.0749879,0.84375834,1.0605232,11,237
da02,1706844448287383,7.0790167,0.84497875,1.0652801,10,238
da02,1706844448387616,7.0791483,0.83541489,1.0637028,10,239
da02,1706844448487404,7.0896006,0.82837707,1.0638837,11,240
da02,1706844448587402,7.0801506,0.82625771,1.0616317,9,241
da02,1706844448687291,7.0729179,0.83361983,1.0628495,9,242
da02,1706844448787404,7.0816674,0.83893555,1.0652701,11,243
da02,1706844448887357,7.092442,0.84220153,1.0721941,11,244
da02,1706844448987366,7.1002259,0.72340143,1.0367123,70,245
da02,1706844449087367,7.0891776,0.75194615,1.0538015,8,246
da02,1706844449187302,7.0863628,0.76597697,1.061603,9,247
da02,1706844449287262,7.0781054,0.77911216,1.0571871,9,248
da02,1706844449387943,7.0817366,0.79733968,1.0528413,11,249
da02,1706844449487406,7.0879712,0.80535316,1.0620816,10,250
da02,1706844449587313,7.0672822,0.82227689,1.063906,8,251
da02,1706844449687408,7.091526,0.81718647,1.0625229,13,252
da02,1706844449787478,7.0874186,0.81230527,1.0612197,10,253
da02,1706844449887260,7.0895839,0.81467748,1.06713,10,254
da02,1706844449987437,7.1026797,0.82224447,1.0670018,12,255
da02,1706844450087344,7.1011,0.818787,1.0666239,10,256
da02,1706844450187315,7.0951343,0.82391649,1.0813643,9,257
da02,1706844450287829,7.0948377,0.83383489,1.0807102,10,258
da02,1706844450387418,7.0855584,0.83335167,1.0760823,9,259
da02,1706844450487290,7.0794768,0.82556158,1.0650395,10,260
da02,1706844450587340,7.0682368,0.83157372,1.0634589,9,261
da02,1706844450687426,7.0740919,0.82806671,1.0573999,11,262
da02,1706844450787366,7.0690522,0.81547618,1.0660448,8,263
da02,1706844450887354,7.0669708,0.81992126,1.0713362,9,264
da02,1706844450987455,7.0745406,0.82560593,1.0775925,10,265
da02,1706844451087284,7.0691185,0.8306005,1.0675464,10,266
da02,1706844451187346,7.065105,0.83202833,1.0668606,9,267
da02,1706844451287440,7.0586414,0.83312708,1.0596451,9,268
da02,1706844451387312,7.0680795,0.82242757,1.0710453,9,269
da02,1706844451487299,7.062417,0.82543778,1.078725,8,270
da02,1706844451587424,7.0646658,0.82822436,1.0741025,10,271
da02,1706844451687304,7.0667953,0.82541096,1.0778216,9,272
da02,1706844451787346,7.065021,0.81995296,1.069065,9,273
da02,1706844451887395,7.0815334,0.82880682,1.0648621,12,274
da02,1706844451987365,7.0763378,0.82994473,1.0666525,9,275
da02,1706844452087266,7.0836611,0.82120121,1.0723265,10,276
da02,1706844452187430,7.0784473,0.81601316,1.0708141,9,277
da02,1706844452287289,7.07777,0.82333291,1.0800157,9,278
da02,1706844452387313,7.0530152,0.82445204,1.0793794,8,279
da02,1706844452487378,7.04702,0.82101828,1.0702397,8,280
da02,1706844452587429,7.0344515,0.82606006,1.083336,8,281
da02,1706844452687318,7.0393667,0.83605945,1.0823466,9,282
da02,1706844452787426,7.0505085,0.83213919,1.0735081,10,283
da02,1706844452887341,7.0485282,0.83013707,1.0735822,8,284
da02,1706844452987336,7.0500298,0.83239287,1.0765978,9,285
da02,1706844453087328,7.0430264,0.84184486,1.0759497,8,286
da02,1706844453187351,7.0416632,0.84408063,1.0817223,8,287
da02,1706844453287254,7.0500393,0.83135056,1.0752759,10,288
da02,1706844453387370,7.0569191,0.8322981,1.072284,10,289
da02,1706844453487434,7.0641303,0.82101649,1.0796769,9,290
da02,1706844453587329,7.0560374,0.82435066,1.08229,8,291
da02,1706844453687356,7.0588489,0.81949735,1.0821331,9,292
da02,1706844453787419,7.0742826,0.82318735,1.076068,11,293
da02,1706844453900652,7.0651393,0.82791525,1.0734521,8,294
da02,1706844453987397,7.0543585,0.83848667,1.0735904,8,295
da02,1706844454087334,7.0499763,0.82962412,1.0749152,8,296
da02,1706844454187366,7.0561233,0.82719725,1.0836395,9,297
da02,1706844454287406,7.0557904,0.82569277,1.0864862,8,298
da02,1706844454387365,7.0545449,0.81330842,1.0929973,7,299
da02,1706844454487318,7.0494261,0.80583829,1.0932267,7,300
da02,1706844454587355,7.0548553,0.81681955,1.093675,9,301
da02,1706844454687362,7.0509653,0.82044321,1.102218,8,302
da02,1706844454787536,7.0549626,0.82219326,1.0950699,9,303
da02,1706844454887500,7.0586643,0.82609081,1.0966997,9,304
da02,1706844454987400,7.0503974,0.82858127,1.0867081,8,305
da02,1706844455087493,7.060358,0.82392371,1.0768543,10,306
da02,1706844455187495,7.0647306,0.82227737,1.0682635,10,307
da02,1706844455287353,7.0638013,0.82062948,1.0602149,10,308
da02,1706844455387377,7.0542502,0.82448524,1.0593444,8,309
da02,1706844455487294,7.0581865,0.82561827,1.0615829,9,310
da02,1706844455587355,7.0504756,0.8255474,1.0682955,7,311
da02,1706844455687302,7.0457954,0.82777643,1.0699475,8,312
da02,1706844455787399,7.0388732,0.8283118,1.0679351,8,313
da02,1706844455887344,7.0478578,0.82517177,1.0628986,10,314
da02,1706844455987344,7.0332012,0.82772434,1.0676637,8,315
da02,1706844456087292,7.049335,0.8224979,1.0757313,10,316
da02,1706844456187360,7.0495834,0.82107466,1.0729014,9,317
da02,1706844456287326,7.0385971,0.82844937,1.0739561,8,318
da02,1706844456387374,7.0475965,0.82863957,1.0684783,10,319
da02,1706844456487367,7.0546637,0.8294428,1.0809604,9,320
da02,1706844456587621,7.0602212,0.81660116,1.078505,9,321
da02,1706844456687325,7.062572,0.82412875,1.085019,9,322
da02,1706844456787401,7.0627666,0.83353072,1.0826535,9,323
da02,1706844456887453,7.0646758,0.82565045,1.0807215,9,324
da02,1706844456987492,7.0694327,0.827663,1.0771396,10,325
da02,1706844457087393,7.0824203,0.81695843,1.0684915,11,326
da02,1706844457187628,7.068964,0.82317722,1.072176,8,327
da02,1706844457287526,7.0827141,0.82071352,1.0692798,11,328
da02,1706844457387352,7.0653725,0.82625312,1.0841246,8,329
da02,1706844457487414,7.0654359,0.82356471,1.0793803,9,330
da02,1706844457587452,7.0668392,0.832405,1.0764344,10,331
da02,1706844457687326,7.0737276,0.8336153,1.0634685,11,332
da02,1706844457787478,7.0647411,0.83461761,1.0636374,8,333
da02,1706844457887412,7.0637197,0.83539528,1.0698969,9,334
da02,1706844457987348,7.0575857,0.83775359,1.0778562,8,335
da02,1706844458087423,7.0626149,0.834861,1.0734991,10,336
da02,1706844458187449,7.0737529,0.82793045,1.0682476,11,337
da02,1706844458287310,7.0730557,0.83675951,1.072262,9,338
da02,1706844458387468,7.0828362,0.82376951,1.0615996,11,339
da02,1706844458487435,7.0777478,0.82240915,1.0679663,9,340
da02,1706844458587327,7.07209,0.81763327,1.069517,9,341
da02,1706844458687334,7.0807343,0.81720078,1.0810846,10,342
da02,1706844458787431,7.0702267,0.80764824,1.0836482,7,343
da02,1706844458887451,7.0542336,0.80939347,1.0829144,7,344
da02,1706844458987473,7.0564132,0.8049075,1.0780653,9,345
da02,1706844459087436,7.0614018,0.80723977,1.0715443,10,346
da02,1706844459187348,7.0681715,0.81048858,1.0726866,10,347
da02,1706844459287379,7.0758467,0.81935239,1.0686578,11,348
da02,1706844459387442,7.0641246,0.81937593,1.070485,8,349
da02,1706844459487466,7.08469,0.8291328,1.0703806,12,350
da02,1706844459587457,7.0936809,0.82701254,1.0737245,11,351
da02,1706844459687357,7.0948086,0.81749147,1.0713346,10,352
da02,1706844459787441,7.0843191,0.82451469,1.062853,10,353
da02,1706844459887374,7.0756769,0.83153886,1.0661495,9,354
da02,1706844459987411,7.063961,0.83075666,1.0693233,8,355
da02,1706844460087371,7.088347,0.84405482,1.0683279,13,356
da02,1706844460187484,7.0776978,0.83720082,1.0714337,8,357
da02,1706844460287506,7.0666175,0.83501983,1.0729841,8,358
da02,1706844460387368,7.0559535,0.83782369,1.0762208,8,359
da02,1706844460487429,7.0643249,0.8419919,1.0801736,10,360
da02,1706844460587456,7.0803075,0.83705091,1.0832781,11,361
da02,1706844460687340,7.0903497,0.8387084,1.0663562,12,362
da02,1706844460787421,7.0822616,0.83134085,1.0749066,8,363
da02,1706844460887385,7.0632448,0.82826179,1.0805283,8,364
da02,1706844460987433,7.0614395,0.83175546,1.0794213,9,365
da02,1706844461087391,7.0758433,0.83161134,1.0763949,11,366
da02,1706844461187439,7.06827,0.82912785,1.0627061,10,367
da02,1706844461287900,7.0664935,0.82343745,1.0666822,9,368
da02,1706844461387444,7.0823431,0.82277614,1.0704361,11,369
da02,1706844461487393,7.0803676,0.82659143,1.070345,10,370
da02,1706844461587377,7.0762,0.82976753,1.0735909,9,371
da02,1706844461687391,7.0643821,0.82714754,1.0817981,7,372
da02,1706844461787588,7.0592608,0.82935113,1.0857413,8,373
da02,1706844461887451,7.0558624,0.82614219,1.0921001,8,374
da02,1706844461987410,7.0551386,0.8297478,1.0932444,8,375
da02,1706844462087580,7.0572238,0.83548379,1.0918771,9,376
da02,1706844462187466,7.05128,0.832612,1.0879561,8,377
da02,1706844462287414,7.0602393,0.82767457,1.0794607,10,378
da02,1706844462387416,7.0516615,0.82525128,1.0761389,8,379
da02,1706844462487483,7.0642815,0.825151,1.0794609,10,380
da02,1706844462587388,7.064528,0.82733375,1.0659732,10,381
da02,1706844462687352,7.0651736,0.82514745,1.0633876,10,382
da02,1706844462787437,7.0573297,0.81808436,1.075865,7,383
da02,1706844462887324,7.0569835,0.82182145,1.0904313,8,384
da02,1706844462987410,7.0652246,0.82334155,1.0810584,10,385
da02,1706844463087442,7.0832343,0.82984108,1.0780643,12,386
da02,1706844463187386,7.0780525,0.82704425,1.0689625,10,387
da02,1706844463289068,7.0709152,0.83446324,1.0863925,8,388
da02,1706844463387454,7.0738263,0.82789922,1.0819861,10,389
da02,1706844463487380,7.0766339,0.83235842,1.0764446,10,390
da02,1706844463587425,7.0646911,0.83028126,1.0728859,8,391
da02,1706844463687450,7.07581,0.84169871,1.0681503,11,392
da02,1706844463787379,7.061799,0.83722323,1.071074,7,393
da02,1706844463887367,7.0550413,0.83692807,1.0706853,8,394
da02,1706844463987475,7.0577049,0.82928967,1.0761687,9,395
da02,1706844464087354,7.070333,0.830079,1.0772069,11,396
da02,1706844464187384,7.0615764,0.82254118,1.0838251,7,397
da02,1706844464287494,7.0648613,0.82077593,1.0861641,9,398
da02,1706844464387432,7.0582128,0.8170746,1.0895448,7,399
da02,1706844464487465,7.0664539,0.82384968,1.0866767,10,400
da02,1706844464587474,7.0559211,0.82279676,1.0767154,8,401
da02,1706844464687439,7.0552378,0.82397085,1.0692303,9,402
da02,1706844464787472,7.0612693,0.82188177,1.0711483,9,403
da02,1706844464887497,7.0505271,0.82159179,1.0757235,7,404
da02,1706844464987459,7.0577908,0.8167305,1.0749624,9,405
da02,1706844465087378,7.0429072,0.82146174,1.0722595,8,406
da02,1706844465187469,7.0556893,0.82860261,1.0803558,10,407
da02,1706844465287363,7.0518632,0.83791584,1.0809957,8,408
da02,1706844465387394,7.0514255,0.8360005,1.0779229,9,409
da02,1706844465487427,7.0499482,0.83458036,1.0721198,9,410
da02,1706844465587452,7.04377,0.84053773,1.0701126,8,411
da02,1706844465687376,7.0535126,0.83025843,1.0615461,10,412
da02,1706844465787416,7.0718589,0.82751781,1.0641202,11,413
da02,1706844465887399,7.0687175,0.82706946,1.0719167,8,414
da02,1706844465987397,7.0666118,0.83531219,1.0779713,9,415
da02,1706844466087403,7.0598135,0.834363,1.0789968,8,416
da02,1706844466187453,7.0581264,0.83485019,1.0754483,9,417
da02,1706844466287458,7.1953325,0.82997525,1.0627036,67,418
da02,1706844466387416,7.167212,0.844321,1.0643233,10,419
da02,1706844466487498,7.1424251,0.84643072,1.0698998,9,420
da02,1706844466587457,7.1184521,0.84989053,1.0659159,9,421
da02,1706844466687448,7.1038623,0.85375684,1.0548621,10,422
da02,1706844466787560,7.0973158,0.84683692,1.0600377,10,423
da02,1706844466887448,7.0827413,0.84866405,1.05978,9,424
da02,1706844466987452,7.0655255,0.83944327,1.0629886,7,425
da02,1706844467087482,7.0457172,0.83798563,1.0767587,8,426
da02,1706844467187394,7.0474277,0.81990284,1.0822847,8,427
da02,1706844467287395,7.0457516,0.82584822,1.0767732,9,428
da02,1706844467387424,7.0621705,0.82451415,1.079043,10,429
da02,1706844467487372,7.0746045,0.81452715,1.0817175,10,430
da02,1706844467587390,7.0740943,0.80202466,1.0745885,9,431
da02,1706844467687438,7.0684319,0.81206071,1.0752578,9,432
da02,1706844467787468,7.0749984,0.813796,1.0686983,11,433
da02,1706844467887431,7.0890136,0.82076222,1.0748192,11,434
da02,1706844467987498,7.099256,0.82078737,1.0727676,12,435
da02,1706844468087422,7.0865641,0.8246215,1.0748657,8,436
da02,1706844468187435,7.08714,0.81339788,1.0833764,9,437
da02,1706844468287454,7.072978,0.81456041,1.0787736,8,438
da02,1706844468387434,7.0815473,0.80929947,1.0786977,10,439
da02,1706844468487416,7.0820322,0.81875318,1.0767177,10,440
da02,1706844468587470,7.0795093,0.81419319,1.0773196,9,441
da02,1706844468687416,7.0788288,0.80743253,1.0726826,10,442
da02,1706844468787401,7.0663066,0.81379634,1.0745863,8,443
da02,1706844468887445,7.0699334,0.81620163,1.0655925,10,444
da02,1706844468987443,7.073225,0.82833505,1.0759956,9,445
da02,1706844469087400,7.0720506,0.826597,1.079885,9,446
da02,1706844469187544,7.0860014,0.83333772,1.0818448,11,447
da02,1706844469287520,7.0728731,0.82984179,1.0876828,7,448
da02,1706844469387455,7.0580921,0.82754534,1.0884354,8,449
da02,1706844469487454,7.0575919,0.83013266,1.0811918,9,450
da02,1706844469587440,7.0676084,0.82883716,1.0759575,11,451
da02,1706844469687459,7.0800848,0.828656,1.0761609,11,452
da02,1706844469787493,7.0775189,0.83095807,1.0787156,9,453
da02,1706844469887421,7.0690989,0.8333813,1.076187,9,454
da02,1706844469987552,7.0688295,0.83820122,1.0826056,9,455
da02,1706844470087464,7.0466919,0.83631593,1.0865529,8,456
da02,1706844470187957,7.0558906,0.83901554,1.0826092,10,457
da02,1706844470287537,7.0575385,0.83384371,1.0837235,9,458
da02,1706844470387497,7.0572062,0.83265418,1.073154,10,459
da02,1706844470487516,7.0590911,0.81745762,1.0742137,9,460
da02,1706844470587455,7.0668774,0.81441319,1.0746781,10,461
da02,1706844470687418,7.0627222,0.81613272,1.072467,9,462
da02,1706844470787489,7.0570841,0.83190131,1.0762275,8,463
da02,1706844470887444,7.0586147,0.84158766,1.0768169,9,464
da02,1706844470987422,7.0477796,0.83596307,1.0851488,8,465
da02,1706844471087457,7.0415635,0.83103025,1.0893655,7,466
da02,1706844471187422,7.0609131,0.83333272,1.0808032,12,467
da02,1706844471287415,7.0551467,0.8320806,1.0911446,8,468
da02,1706844471387428,7.0599704,0.83356977,1.0858765,10,469
da02,1706844471487450,7.0622559,0.82040912,1.0879259,8,470
da02,1706844471587421,7.073411,0.82157928,1.0804763,11,471
da02,1706844471687446,7.070488,0.8330754,1.0823854,9,472
da02,1706844471787426,7.073792,0.83323169,1.0783876,10,473
da02,1706844471887423,7.0770631,0.8292051,1.0839862,9,474
da02,1706844471987438,7.0600433,0.83040941,1.0870682,8,475
da02,1706844472087471,7.0558763,0.81649148,1.0761676,9,476
da02,1706844472187421,7.0631905,0.82037681,1.082358,9,477
da02,1706844472288026,7.0556431,0.82681096,1.0941092,8,478
da02,1706844472387465,7.0580235,0.83067423,1.0928308,9,479
da02,1706844472487476,7.0680113,0.82247388,1.0901233,10,480
da02,1706844472587594,7.0769286,0.82383126,1.0875771,10,481
da02,1706844472687491,7.0802736,0.81693536,1.0877812,9,482
da02,1706844472787488,7.0804591,0.815129,1.0819777,10,483
da02,1706844472887503,7.0724673,0.81809157,1.0924717,7,484
da02,1706844472987458,7.0815387,0.81500232,1.0797671,11,485
da02,1706844473087491,7.0778151,0.82142508,1.0869309,9,486
da02,1706844473187471,7.0682139,0.82397681,1.0819169,8,487
da02,1706844473287504,7.06363,0.82893747,1.075911,9,488
da02,1706844473387483,7.0690055,0.83084625,1.078735,10,489
da02,1706844473487490,7.0761385,0.83046734,1.0782534,10,490
da02,1706844473587447,7.0742321,0.8293947,1.0705768,10,491
da02,1706844473687473,7.0663362,0.82693475,1.0748229,8,492
da02,1706844473787505,7.0547662,0.82166243,1.0746558,7,493
da02,1706844473887482,7.0669551,0.82660115,1.0732836,11,494
da02,1706844473987413,7.0664239,0.83615887,1.0714732,10,495
da02,1706844474087464,7.0745282,0.83857316,1.0715311,11,496
da02,1706844474187460,7.0712118,0.8282612,1.0763887,8,497
da02,1706844474287469,7.0587687,0.8245523,1.0737847,8,498
da02,1706844474387470,7.0607247,0.83086419,1.0755749,9,499
da02,1706844474487479,7.0522428,0.83737028,1.0737475,8,500
da02,1706844474587653,7.0446105,0.82683676,1.0817997,7,501
da02,1706844474687484,7.0379124,0.83208305,1.0782837,8,502
da02,1706844474787505,7.0462689,0.83432686,1.0741351,10,503
da02,1706844474887445,7.04365,0.84213281,1.0842785,8,504
da02,1706844474987471,7.0345931,0.84044027,1.0938952,8,505
da02,1706844475087490,7.0426655,0.83831042,1.0891893,9,506
da02,1706844475187419,7.0483322,0.83592677,1.0918425,9,507
da02,1706844475287571,7.0453048,0.83673084,1.083873,8,508
da02,1706844475387497,7.0559478,0.84276962,1.0738624,11,509
da02,1706844475487924,7.0705824,0.83988184,1.0687128,11,510
da02,1706844475587512,7.0698495,0.84981459,1.0716606,9,511
da02,1706844475687482,7.0572534,0.8456623,1.0630358,8,512
da02,1706844475787444,7.0677633,0.83784509,1.0664566,10,513
da02,1706844475887469,7.058291,0.8418867,1.0651909,8,514
da02,1706844475987688,7.0627594,0.8371681,1.0701641,9,515
da02,1706844476087455,7.0697918,0.84338069,1.0736326,10,516
da02,1706844476187439,7.0772352,0.83278531,1.069582,11,517
da02,1706844476287470,7.0618019,0.82603377,1.0710332,7,518
da02,1706844476387406,7.0600028,0.82825917,1.066732,9,519
da02,1706844476487458,7.0521693,0.83053488,1.0704888,8,520
da02,1706844476587426,7.0594854,0.84289724,1.0683467,10,521
da02,1706844476687458,7.0747418,0.84185576,1.06609,11,522
da02,1706844476787497,7.0695534,0.8491056,1.0621837,10,523
da02,1706844476887442,7.0895667,0.82637078,1.0538148,13,524
da02,1706844476987408,7.0878592,0.81960511,1.0530859,10,525
da02,1706844477087454,7.0759549,0.83236682,1.0533049,9,526
da02,1706844477187410,7.0836673,0.83166754,1.0548682,11,527
da02,1706844477287474,7.0792413,0.82198781,1.0594732,9,528
da02,1706844477387478,7.065506,0.82248664,1.0604597,8,529
da02,1706844477487471,7.0758305,0.82425743,1.0602343,11,530
da02,1706844477587412,7.0827904,0.8240338,1.0685848,10,531
da02,1706844477687449,7.069582,0.829337,1.0622544,9,532
da02,1706844477787462,7.0647388,0.82631534,1.0514637,10,533
da02,1706844477887436,7.062778,0.81683242,1.0533737,9,534
da02,1706844477987398,7.0602412,0.82836813,1.0622604,9,535
da02,1706844478087465,7.0585928,0.82137853,1.0600615,9,536
da02,1706844478187420,7.0542383,0.81902605,1.0727805,7,537
da02,1706844478287564,7.0720711,0.81724757,1.0670238,12,538
da02,1706844478387482,7.0635395,0.82007164,1.0693767,8,539
da02,1706844478487506,7.0635786,0.82487768,1.0728645,9,540
da02,1706844478587493,7.0794449,0.82238209,1.0684892,12,541
da02,1706844478689234,7.0870209,0.82566482,1.0690799,11,542
da02,1706844478787507,7.0891871,0.83260983,1.0642231,11,543
da02,1706844478887489,7.0885525,0.83436686,1.0675926,10,544
da02,1706844478987477,7.1074791,0.81949461,1.0744953,12,545
da02,1706844479087476,7.0915651,0.82472849,1.0806334,8,546
da02,1706844479187489,7.0819931,0.82195216,1.0900724,8,547
da02,1706844479287629,7.0896635,0.82797039,1.0846843,11,548
da02,1706844479387478,7.0905333,0.82610697,1.0747192,11,549
da02,1706844479487482,7.0836015,0.81969249,1.0726086,9,550
da02,1706844479587484,7.0809,0.82574439,1.0750867,9,551
da02,1706844479687502,7.0780616,0.83334458,1.0680051,10,552
da02,1706844479787562,7.0745325,0.83033711,1.0741793,9,553
da02,1706844479887583,7.0696597,0.82475507,1.0669655,9,554
da02,1706844479987504,7.0736184,0.82211292,1.0702224,10,555
da02,1706844480087524,7.0833125,0.83140963,1.0747012,11,556
da02,1706844480187507,7.0730009,0.83745,1.0732386,9,557
da02,1706844480287534,7.0784435,0.8317157,1.0668324,11,558
da02,1706844480387484,7.0783663,0.82130247,1.073763,9,559
da02,1706844480487522,7.0731139,0.82954156,1.0727042,9,560
da02,1706844480587480,7.073,0.83196545,1.0862113,8,561
da02,1706844480687492,7.0603166,0.83814222,1.085843,8,562
da02,1706844480787495,7.0648022,0.82614464,1.080466,10,563
da02,1706844480887496,7.0627527,0.82120395,1.0765058,9,564
da02,1706844480987536,7.067215,0.82508332,1.0718811,10,565
da02,1706844481087571,7.06531,0.81962937,1.079746,8,566
da02,1706844481187516,7.0620213,0.81403285,1.0793436,8,567
da02,1706844481287557,7.0712805,0.81862521,1.0763396,11,568
da02,1706844481387497,7.0671568,0.81937826,1.0658619,10,569
da02,1706844481487662,7.0709381,0.82116818,1.0566822,11,570
da02,1706844481587547,7.0611434,0.82446444,1.065044,8,571
da02,1706844481687493,7.0538869,0.82136005,1.0657161,8,572
da02,1706844481787497,7.0625715,0.81883639,1.0676055,10,573
da02,1706844481887514,7.05112,0.81753767,1.0599248,8,574
da02,1706844481987552,7.0512013,0.82369548,1.06426,9,575
da02,1706844482087508,7.0551214,0.82575184,1.0669628,9,576
da02,1706844482187495,7.0618,0.83255512,1.0710336,10,577
da02,1706844482287509,7.071104,0.83366591,1.0666908,11,578
da02,1706844482387523,7.0602322,0.82708144,1.0744991,7,579
da02,1706844482487544,7.0486279,0.82433605,1.0820012,8,580
da02,1706844482587511,7.0670166,0.82304317,1.0834936,11,581
da02,1706844482687544,7.0620575,0.822171,1.0880165,8,582
da02,1706844482787582,7.074748,0.8258996,1.0824119,11,583
da02,1706844482887520,7.0670352,0.82841516,1.0862017,8,584
da02,1706844482987540,7.0639644,0.82774562,1.0849696,9,585
da02,1706844483087531,7.0821428,0.84319466,1.0806139,12,586
da02,1706844483187516,7.0725126,0.84591,1.0787184,9,587
da02,1706844483288018,7.0719485,0.83718032,1.0784725,9,588
da02,1706844483387495,7.0783639,0.83409852,1.0776963,10,589
da02,1706844483487499,7.0889554,0.83189887,1.0720239,11,590
da02,1706844483587519,7.0736046,0.82691914,1.0712527,8,591
da02,1706844483687522,7.0627084,0.83145726,1.0680504,8,592
da02,1706844483787503,7.0589457,0.82180589,1.06296,9,593
da02,1706844483887519,7.065845,0.828564,1.0598062,11,594
da02,1706844483987515,7.061852,0.8311578,1.0741839,8,595
da02,1706844484087497,7.0685558,0.82620674,1.070181,10,596
da02,1706844484187520,7.0797486,0.82108086,1.0665486,11,597
da02,1706844484287604,7.0830245,0.82542157,1.0625465,11,598
da02,1706844484387575,7.0879498,0.81744093,1.0630257,10,599
da02,1706844484487522,7.0799813,0.82249582,1.0697286,9,600
da02,1706844484587518,7.0599408,0.82540542,1.0693772,8,601
da02,1706844484687492,7.0570235,0.83143634,1.07343,8,602
da02,1706844484787508,7.0541105,0.83339667,1.069473,9,603
da02,1706844484887558,7.0553074,0.83820349,1.0743376,9,604
da02,1706844484987530,7.0597882,0.832914,1.0742093,9,605
da02,1706844485087530,7.0477109,0.83928406,1.0687907,8,606
da02,1706844485187516,7.0451527,0.84099919,1.0874631,8,607
da02,1706844485287496,7.0429282,0.83819252,1.0989152,8,608
da02,1706844485387512,7.04901,0.83104616,1.087391,10,609
da02,1706844485487542,7.0530906,0.83047861,1.0904939,9,610
da02,1706844485587688,7.0603495,0.83163327,1.0872071,10,611
da02,1706844485687549,7.0738168,0.83485556,1.0835863,11,612
da02,1706844485787593,7.0581751,0.82305264,1.0842547,7,613
da02,1706844485887568,7.0628519,0.83608037,1.0861771,10,614
da02,1706844485987525,7.0581179,0.83607447,1.0852183,8,615
da02,1706844486087592,7.0581079,0.829398,1.0814688,9,616
da02,1706844486187561,7.053731,0.83513719,1.0845139,8,617
da02,1706844486287588,7.06437,0.8295787,1.0801092,10,618
da02,1706844486387580,7.0682425,0.84247881,1.0821245,10,619
da02,1706844486487544,7.0747638,0.84103674,1.0828451,10,620
da02,1706844486587540,7.0686374,0.83610034,1.0785922,9,621
da02,1706844486687559,7.06777,0.83774096,1.0698169,10,622
da02,1706844486787578,7.0707626,0.82545692,1.073272,9,623
da02,1706844486887535,7.061029,0.82658917,1.0733168,8,624
da02,1706844486987516,7.0594444,0.8275224,1.0718728,9,625
da02,1706844487087514,7.0633044,0.82345659,1.0655018,10,626
da02,1706844487187535,7.0609012,0.8165291,1.0697095,8,627
da02,1706844487287602,7.0655165,0.81630045,1.0715077,9,628
da02,1706844487387541,7.0602241,0.81454223,1.0682746,9,629
da02,1706844487487509,7.0720563,0.80592084,1.0660377,11,630
da02,1706844487587537,7.0649076,0.82012254,1.0761703,8,631
da02,1706844487687523,7.0512319,0.82667434,1.0719154,8,632
da02,1706844487787530,7.0616212,0.82955748,1.0741377,10,633
da02,1706844487887543,7.0732436,0.83372706,1.0654432,12,634
da02,1706844487987572,7.0647311,0.83655918,1.0668962,8,635
da02,1706844488087565,7.0542188,0.83383304,1.061191,8,636
da02,1706844488187567,7.04715,0.82984334,1.0662352,7,637
da02,1706844488287540,7.0444975,0.82762945,1.0708183,8,638
da02,1706844488387585,7.0452905,0.81891012,1.0688119,8,639
da02,1706844488487540,7.0578527,0.82977581,1.0647629,11,640
da02,1706844488587554,7.0731711,0.82900721,1.0650417,11,641
da02,1706844488687550,7.0702977,0.81207955,1.0763615,8,642
da02,1706844488787603,7.0568528,0.81800365,1.0758672,7,643
da02,1706844488887528,7.0678005,0.82125497,1.071005,11,644
da02,1706844488987564,7.0752168,0.82439238,1.0728184,10,645
da02,1706844489087568,7.0670824,0.81998461,1.0565512,10,646
da02,1706844489187551,7.060112,0.82622087,1.0640333,8,647
da02,1706844489287544,7.05879,0.82497984,1.0679836,9,648
da02,1706844489387541,7.0704284,0.82196522,1.0747323,10,649
da02,1706844489487538,7.0825434,0.8276518,1.0701922,12,650
da02,1706844489587540,7.0768166,0.82272857,1.0674652,9,651
da02,1706844489687542,7.0642476,0.83568615,1.0729978,8,652
da02,1706844489787546,7.0703621,0.82732141,1.0761437,10,653
da02,1706844489887587,7.0677962,0.83890951,1.0746613,9,654
da02,1706844489987569,7.0602384,0.84194183,1.0731339,8,655
da02,1706844490087544,7.0607367,0.8405683,1.0704756,9,656
da02,1706844490187542,7.0505462,0.83086073,1.0596932,8,657
da02,1706844490287618,7.0424271,0.83171153,1.0644108,7,658
da02,1706844490387564,7.040864,0.83361006,1.0595068,9,659
da02,1706844490487562,7.0486279,0.82650268,1.0572059,10,660
da02,1706844490587588,7.0485387,0.8322593,1.0643015,8,661
da02,1706844490687576,7.053443,0.83629888,1.0657121,9,662
da02,1706844490787568,7.0579948,0.83184016,1.0704788,9,663
da02,1706844490887557,7.055356,0.82546896,1.065815,9,664
da02,1706844490987606,7.0518613,0.81992871,1.0612165,9,665
da02,1706844491087570,7.0579209,0.82068413,1.0709784,9,666
da02,1706844491187566,7.0632277,0.82050925,1.0804029,9,667
da02,1706844491287976,7.0704069,0.81069881,1.086198,9,668
da02,1706844491387588,7.069912,0.81562865,1.0844649,9,669
da02,1706844491487570,7.08149,0.8169741,1.0694832,12,670
da02,1706844491587621,7.0850716,0.82382119,1.0675725,11,671
da02,1706844491687580,7.0867429,0.81995219,1.0673226,10,672
da02,1706844491787619,7.0887794,0.8163203,1.0654647,10,673
da02,1706844491887625,7.0739641,0.80813158,1.061523,8,674
da02,1706844491987578,7.0768828,0.80740142,1.0654348,10,675
da02,1706844492087575,7.0699296,0.80561256,1.0665131,8,676
da02,1706844492187570,7.0676532,0.81142968,1.067529,9,677
da02,1706844492287867,7.062119,0.81615222,1.0643245,9,678
da02,1706844492387521,7.0709743,0.81830943,1.0708705,10,679
da02,1706844492487524,7.0745859,0.81839943,1.0735073,10,680
da02,1706844492587592,7.0630531,0.82544851,1.0686977,8,681
da02,1706844492687577,7.0530586,0.82091874,1.0725071,7,682
da02,1706844492787602,7.0638294,0.82115722,1.0718137,10,683
da02,1706844492887570,7.0685158,0.81800884,1.0597498,11,684
da02,1706844492987560,7.0678229,0.81511515,1.0641782,9,685
da02,1706844493087578,7.0718508,0.81643093,1.0598819,10,686
da02,1706844493187578,7.0648589,0.8214035,1.0579044,9,687
da02,1706844493287630,7.0599871,0.825872,1.0578288,9,688
da02,1706844493387584,7.0610595,0.82026434,1.0613378,9,689
da02,1706844493487584,7.0605474,0.82622874,1.0561141,10,690
da02,1706844493587553,7.0576415,0.82197988,1.0602223,8,691
da02,1706844493687562,7.0656996,0.8234089,1.0659645,10,692
da02,1706844493787593,7.0640454,0.82746774,1.059222,10,693
da02,1706844493887621,7.0538573,0.8190617,1.0643511,7,694
da02,1706844493987595,7.0589852,0.82492352,1.066147,10,695
da02,1706844494089332,7.0601668,0.82854509,1.0666463,9,696
da02,1706844494187606,7.078444,0.82479942,1.0608679,12,697
da02,1706844494288100,7.0739846,0.82917565,1.0643872,9,698
da02,1706844494387612,7.0749865,0.82393974,1.0619842,10,699
da02,1706844494487598,7.0704813,0.81394738,1.057156,9,700
da02,1706844494587606,7.067843,0.80795062,1.0563077,9,701
da02,1706844494687572,7.0629973,0.81506014,1.0549319,9,702
da02,1706844494787668,7.0757484,0.82463259,1.0639099,11,703
da02,1706844494887625,7.0766969,0.8201552,1.0626752,10,704
da02,1706844494987600,7.0719347,0.82421136,1.0629182,9,705
da02,1706844495087600,7.0643559,0.81558096,1.0617907,8,706
da02,1706844495187586,7.054894,0.8303659,1.0649208,8,707
da02,1706844495287600,7.0567646,0.82964694,1.0635943,9,708
da02,1706844495387586,7.0546403,0.83361429,1.0573359,9,709
da02,1706844495487571,7.0593243,0.82722825,1.0607514,9,710
da02,1706844495587581,7.0623279,0.83068579,1.0609859,10,711
da02,1706844495687592,7.0723181,0.82812494,1.0639548,10,712
da02,1706844495787580,7.0811296,0.8173061,1.0518847,12,713
da02,1706844495887612,7.078661,0.82439989,1.0509154,10,714
da02,1706844495987604,7.0665674,0.82614535,1.059307,8,715
da02,1706844496087593,7.0761247,0.82730359,1.0772699,9,716
da02,1706844496187613,7.082551,0.83344179,1.07493,11,717
da02,1706844496287682,7.0647831,0.84074968,1.0735153,8,718
da02,1706844496387610,7.0593848,0.85075885,1.0756706,9,719
da02,1706844496487643,7.046319,0.85145009,1.07745,8,720
da02,1706844496587590,7.0442595,0.84345955,1.080277,8,721
da02,1706844496687573,7.2548714,0.638187,1.4009963,74,722
da02,1706844496787602,7.2105546,0.68627894,1.3199993,10,723
da02,1706844496887909,7.1674523,0.71851122,1.2542437,8,724
da02,1706844496987630,7.1315608,0.74944228,1.2003922,9,725
da02,1706844497087610,7.1253533,0.77059352,1.1655437,11,726
da02,1706844497187616,7.1111627,0.78333592,1.1394682,9,727
da02,1706844497287592,7.0997548,0.79256356,1.1136872,10,728
da02,1706844497387688,7.0884037,0.80655468,1.0960262,10,729
da02,1706844497487613,7.0780354,0.81435585,1.0874656,9,730
da02,1706844497587628,7.0683589,0.81974065,1.0902917,8,731
da02,1706844497687588,7.06689,0.8193875,1.0894854,9,732
da02,1706844497787682,7.0789762,0.80882484,1.0837898,11,733
da02,1706844497887588,7.0639043,0.80511051,1.0755055,8,734
da02,1706844497987617,7.0668349,0.81854749,1.077046,10,735
da02,1706844498087620,7.066813,0.82415807,1.0734891,10,736
da02,1706844498187598,7.070014,0.81867564,1.069512,10,737
da02,1706844498287610,7.0718994,0.82279193,1.067961,10,738
da02,1706844498387609,7.0663986,0.82801342,1.0692403,9,739
da02,1706844498487589,7.0593395,0.8247835,1.0699645,8,740
da02,1706844498587620,7.0747805,0.81815678,1.0678859,11,741
da02,1706844498687620,7.0633554,0.81626296,1.0654039,8,742
da02,1706844498787646,7.067503,0.83146107,1.0631058,10,743
da02,1706844498887609,7.0671234,0.81956565,1.0725302,8,744
da02,1706844498987632,7.0748491,0.81188828,1.0779818,10,745
da02,1706844499087587,7.0770116,0.82072896,1.0723937,10,746
da02,1706844499187634,7.0924778,0.8263905,1.0722511,12,747
da02,1706844499287661,7.08685,0.82702243,1.0750538,9,748
da02,1706844499387634,7.0852542,0.8305099,1.0787381,9,749
da02,1706844499487616,7.0752983,0.83149952,1.0844946,8,750
da02,1706844499587617,7.0804729,0.83133221,1.0815226,10,751
da02,1706844499687614,7.0807781,0.81581151,1.0704622,10,752
da02,1706844499787642,7.0764575,0.82506233,1.0709879,9,753
da02,1706844499887692,7.0823951,0.83325368,1.0695404,11,754
da02,1706844499987666,7.0766473,0.83027136,1.0718241,9,755
da02,1706844500087945,7.0745411,0.83026391,1.0850972,8,756
da02,1706844500187610,7.0737271,0.83064407,1.0937113,8,757
da02,1706844500287932,7.0659928,0.82567877,1.083881,9,758
da02,1706844500387636,7.0739088,0.82549667,1.0779744,11,759
da02,1706844500488098,7.0702906,0.82105625,1.088475,8,760
da02,1706844500587620,7.0625992,0.82149315,1.0785682,9,761
da02,1706844500687606,7.0568123,0.8229425,1.0714943,9,762
da02,1706844500787706,7.0715723,0.82802361,1.0652994,12,763
da02,1706844500887623,7.0692697,0.82792509,1.060097,10,764
da02,1706844500987685,7.0764403,0.81928158,1.0690033,10,765
da02,1706844501087610,7.0835438,0.826649,1.074622,10,766
da02,1706844501187670,7.0824733,0.8261857,1.0683438,10,767
da02,1706844501287594,7.0737176,0.82120097,1.0679958,8,768
da02,1706844501387638,7.0705247,0.82085693,1.0717143,9,769
da02,1706844501487588,7.0678172,0.816486,1.0720389,9,770
da02,1706844501587652,7.0641642,0.81688964,1.0839884,8,771
da02,1706844501687644,7.0691118,0.816588,1.081939,10,772
da02,1706844501787640,7.083981,0.81578922,1.0763476,12,773
da02,1706844501887614,7.0766006,0.82281369,1.0714444,9,774
da02,1706844501987732,7.0700879,0.81794232,1.068633,9,775
da02,1706844502087609,7.072423,0.81636357,1.055271,11,776
da02,1706844502187658,7.0705609,0.8262502,1.057216,10,777
da02,1706844502287685,7.0646744,0.82797658,1.0617905,8,778
da02,1706844502387978,7.0575447,0.83179945,1.0731266,8,779
da02,1706844502487641,7.0544,0.83929896,1.0672921,9,780
da02,1706844502587684,7.0654793,0.843279,1.0577936,11,781
da02,1706844502687687,7.0804715,0.83314675,1.066383,11,782
da02,1706844502787668,7.0755587,0.83106947,1.055737,10,783
da02,1706844502887702,7.0811076,0.82727462,1.059931,10,784
da02,1706844502987675,7.0790167,0.83261389,1.0583624,10,785
da02,1706844503087622,7.0702224,0.83462316,1.0609221,9,786
da02,1706844503187651,7.070683,0.82501262,1.0575781,10,787
da02,1706844503287636,7.0828109,0.823175,1.0627123,11,788
da02,1706844503387657,7.0720572,0.81850207,1.0730053,7,789
da02,1706844503487627,7.0652056,0.81052041,1.0790257,8,790
da02,1706844503587676,7.0592303,0.80984181,1.0714717,9,791
da02,1706844503687680,7.0520825,0.80960339,1.0767312,7,792
da02,1706844503787784,7.0593524,0.80738324,1.0729932,10,793
da02,1706844503887700,7.0747356,0.80847555,1.0712018,11,794
da02,1706844503987672,7.0716181,0.81429666,1.0762528,9,795
da02,1706844504087636,7.0631952,0.81788921,1.0725023,8,796
da02,1706844504187668,7.0675564,0.82155561,1.0609708,11,797
da02,1706844504287628,7.0823855,0.81985539,1.0671058,11,798
da02,1706844504387680,7.0847468,0.81585473,1.0666233,10,799
da02,1706844504487616,7.0829792,0.81841034,1.0688586,10,800
da02,1706844504587700,7.0774221,0.82214743,1.0696499,9,801
da02,1706844504687620,7.0736246,0.82572246,1.0678625,9,802
da02,1706844504787672,7.0626974,0.8326962,1.0776887,8,803
da02,1706844504887630,7.0530624,0.83268338,1.0862762,8,804
da02,1706844504987712,7.0523286,0.83102715,1.0739549,9,805
da02,1706844505087656,7.0602202,0.8271746,1.0781999,9,806
da02,1706844505187685,7.0595903,0.828392,1.0704145,9,807
da02,1706844505288301,7.0733743,0.82458955,1.0684747,11,808
da02,1706844505387700,7.0590711,0.82975346,1.0592841,8,809
da02,1706844505487639,7.0584931,0.8205058,1.0671459,8,810
da02,1706844505587692,7.0722923,0.8354553,1.0677545,11,811
da02,1706844505687629,7.0667839,0.83191431,1.0672742,9,812
da02,1706844505787693,7.0736508,0.83309531,1.0755019,10,813
da02,1706844505887640,7.0684137,0.83945113,1.0784788,9,814
da02,1706844505987678,7.0550733,0.83670849,1.0718869,8,815
da02,1706844506087662,7.0596366,0.83069533,1.0682374,10,816
da02,1706844506187708,7.0690036,0.83705431,1.0725888,10,817
da02,1706844506287773,7.0711966,0.8332476,1.0654167,10,818
da02,1706844506387735,7.0651951,0.82869422,1.077907,7,819
da02,1706844506487653,7.05834,0.82971877,1.089342,8,820
da02,1706844506587714,7.0712571,0.82795042,1.068598,12,821
da02,1706844506687620,7.0579176,0.83072227,1.0638486,8,822
da02,1706844506787776,7.0594611,0.82612962,1.0703456,9,823
da02,1706844506887654,7.0650625,0.83290654,1.0659869,10,824
da02,1706844506987701,7.0625129,0.82885474,1.0728871,8,825
da02,1706844507087661,7.0719991,0.83160233,1.0732747,10,826
da02,1706844507187682,7.0680981,0.827504,1.0794027,8,827
da02,1706844507287640,7.0567803,0.8247962,1.0698636,8,828
da02,1706844507387668,7.0619197,0.829566,1.0765463,9,829
da02,1706844507487630,7.0583386,0.8214879,1.0734524,8,830
da02,1706844507587698,7.0521989,0.81646967,1.07996,7,831
da02,1706844507687652,7.0774193,0.81992155,1.0723389,13,832
da02,1706844507787700,7.0779052,0.81884474,1.0734798,9,833
da02,1706844507887752,7.0825033,0.81621969,1.0752579,10,834
da02,1706844507987736,7.0778017,0.8219887,1.0772755,9,835
da02,1706844508087684,7.0737147,0.81358635,1.0762212,9,836
da02,1706844508187728,7.0700569,0.82010084,1.0669146,10,837
da02,1706844508287739,7.0660038,0.81182796,1.0587595,9,838
da02,1706844508387999,7.0595007,0.80779743,1.0579672,8,839
da02,1706844508487716,7.0575051,0.81527239,1.062425,9,840
da02,1706844508587755,7.0599527,0.81155384,1.0706719,9,841
da02,1706844508687718,7.064991,0.80018276,1.0722222,9,842
da02,1706844508787732,7.0647783,0.8032971,1.0652767,10,843
da02,1706844508887691,7.069211,0.80450732,1.06993,9,844
da02,1706844508987702,7.061511,0.8026278,1.0766644,7,845
da02,1706844509087674,7.0607452,0.79871219,1.0695513,9,846
da02,1706844509187818,7.0748568,0.8128233,1.065991,12,847
da02,1706844509287689,7.0813494,0.81284255,1.0697246,10,848
da02,1706844509387701,7.08362,0.80872256,1.0668449,10,849
da02,1706844509489413,7.08251,0.81383049,1.0666481,10,850
da02,1706844509587718,7.0858727,0.81922704,1.0647187,11,851
da02,1706844509687667,7.0867586,0.82918644,1.0681229,10,852
da02,1706844509787818,7.0744243,0.83688152,1.0689759,8,853
da02,1706844509887667,7.0597663,0.82460624,1.0691915,7,854
da02,1706844509987754,7.0574884,0.8170011,1.0738194,8,855
da02,1706844510087688,7.0620408,0.82635063,1.0754069,10,856
da02,1706844510187703,7.054841,0.82807064,1.0687336,9,857
da02,1706844510287660,7.0636477,0.82575881,1.0678487,10,858
da02,1706844510387713,7.0599966,0.81943482,1.0607681,9,859
da02,1706844510487650,7.0568209,0.81841183,1.0592322,9,860
da02,1706844510587724,7.0713515,0.81259549,1.0624614,11,861
da02,1706844510687664,7.077898,0.81677926,1.0660483,10,862
da02,1706844510787706,7.090076,0.82421386,1.058351,12,863
da02,1706844510887674,7.0880775,0.82808125,1.0596763,10,864
da02,1706844510987728,7.0934763,0.83223963,1.0556458,11,865
da02,1706844511087686,7.0934973,0.82253873,1.0546224,10,866
da02,1706844511187757,7.0956168,0.82763481,1.0572084,11,867
da02,1706844511287880,7.076221,0.82932568,1.0587423,8,868
da02,1706844511387748,7.072742,0.82998675,1.05932,9,869
da02,1706844511487670,7.0681748,0.83342648,1.0624682,9,870
da02,1706844511587717,7.0790811,0.82572764,1.0631291,11,871
da02,1706844511687658,7.0980248,0.81972623,1.0661725,12,872
da02,1706844511787731,7.0928707,0.82351464,1.0768431,9,873
da02,1706844511887679,7.0760989,0.82437372,1.0748912,8,874
da02,1706844511987706,7.0589995,0.82270932,1.0739431,7,875
da02,1706844512087688,7.0551734,0.82942975,1.073344,9,876
da02,1706844512187734,7.0501342,0.82653892,1.0823562,7,877
da02,1706844512287656,7.0420547,0.83185965,1.078701,8,878
da02,1706844512387723,7.06134,0.82831025,1.0785545,11,879
da02,1706844512487686,7.06684,0.83524323,1.0773523,10,880
da02,1706844512587714,7.080276,0.83499676,1.0724825,11,881
da02,1706844512687665,7.074852,0.81956387,1.0767257,8,882
da02,1706844512789202,7.0630107,0.8187657,1.0789331,7,883
da02,1706844512887687,7.0624037,0.82462341,1.081737,9,884
da02,1706844512987740,7.0711875,0.82580018,1.080505,10,885
da02,1706844513087698,7.07245,0.82398325,1.081291,9,886
da02,1706844513187726,7.0738292,0.82002211,1.0784377,10,887
da02,1706844513287671,7.0795922,0.80810362,1.07623,10,888
da02,1706844513387762,7.0829654,0.81001633,1.0793542,10,889
da02,1706844513487726,7.0838323,0.82077068,1.0800499,10,890
da02,1706844513587741,7.0753922,0.82309395,1.0848147,8,891
da02,1706844513687767,7.0770979,0.82270408,1.0894465,9,892
da02,1706844513787713,7.0629659,0.81059164,1.0870066,7,893
da02,1706844513888460,7.0592132,0.82486063,1.0805397,9,894
da02,1706844513987790,7.0518785,0.83214831,1.0757533,8,895
da02,1706844514087684,7.0655937,0.82696772,1.085402,10,896
da02,1706844514187771,7.0591025,0.82477129,1.0796956,8,897
da02,1706844514287888,7.0544419,0.83289468,1.0721405,9,898
da02,1706844514387782,7.0571952,0.83076417,1.0748947,9,899
da02,1706844514487738,7.0580249,0.83134806,1.0894076,8,900
da02,1706844514587790,7.0513058,0.81789535,1.0801903,8,901
da02,1706844514687724,7.0475531,0.82208788,1.0747709,8,902
da02,1706844514787735,7.050992,0.81591058,1.0750322,9,903
da02,1706844514887701,7.06031,0.82034957,1.0763842,10,904
da02,1706844514987766,7.0664239,0.83115995,1.0737267,10,905
da02,1706844515087710,7.0497727,0.83190346,1.0723758,8,906
da02,1706844515187749,7.04382,0.82733285,1.0666815,8,907
da02,1706844515287683,7.0584192,0.82790595,1.0613936,11,908
da02,1706844515387740,7.0628881,0.82561088,1.0593927,10,909
da02,1706844515487702,7.0630903,0.82903206,1.0653766,9,910
da02,1706844515587721,7.0721211,0.709483,1.03494,70,911
da02,1706844515687700,7.0622134,0.75265414,1.0462928,8,912
da02,1706844515788966,7.0745821,0.76400346,1.0581925,10,913
da02,1706844515887732,7.0799022,0.78180689,1.0659472,10,914
da02,1706844515987749,7.0881677,0.79338861,1.0651381,11,915
da02,1706844516087724,7.1010265,0.7958259,1.0598481,12,916
da02,1706844516187715,7.10799,0.79572415,1.0583922,12,917
da02,1706844516288410,7.0966554,0.79920971,1.053509,10,918
da02,1706844516387737,7.0857592,0.80636871,1.0442764,10,919
da02,1706844516487698,7.0729389,0.81825703,1.0520612,8,920
da02,1706844516587745,7.0715337,0.81494582,1.0556785,9,921
da02,1706844516687711,7.0737123,0.82479912,1.065323,9,922
da02,1706844516787748,7.06541,0.8327778,1.0766023,8,923
da02,1706844516887738,7.0603547,0.83561057,1.0646424,10,924
da02,1706844516987937,7.0623579,0.83549291,1.061085,10,925
da02,1706844517087741,7.0757446,0.83514047,1.064316,11,926
da02,1706844517187751,7.07514,0.82951933,1.0625592,10,927
da02,1706844517291017,7.0672584,0.83462024,1.057215,9,928
da02,1706844517387710,7.0814514,0.8270337,1.0611242,11,929
da02,1706844517487712,7.0694823,0.8240605,1.0603849,8,930
da02,1706844517587765,7.0753794,0.82429618,1.0568486,11,931
da02,1706844517687691,7.0758457,0.83155763,1.0523571,10,932
da02,1706844517787740,7.069006,0.83272928,1.0557598,9,933
da02,1706844517887712,7.0752954,0.83709991,1.0603853,10,934
da02,1706844517987717,7.0793419,0.83325619,1.0667772,10,935
da02,1706844518087712,7.0815821,0.83338451,1.066407,10,936
da02,1706844518187739,7.0674696,0.84183019,1.0703946,8,937
da02,1706844518287698,7.058938,0.83844912,1.0798233,7,938
da02,1706844518387746,7.0670242,0.8387922,1.075233,10,939
da02,1706844518487722,7.0539184,0.8440026,1.0758291,8,940
da02,1706844518587746,7.1962967,0.84291756,1.0599364,67,941
da02,1706844518687760,7.1635194,0.84161711,1.0706372,9,942
da02,1706844518791290,7.1321697,0.83494794,1.0786135,7,943
da02,1706844518887732,7.1216874,0.82873082,1.0670204,11,944
da02,1706844518987772,7.1098957,0.82997066,1.0636356,10,945
da02,1706844519087760,7.097291,0.82668835,1.0670382,9,946
da02,1706844519187761,7.08474,0.82718575,1.0687947,8,947
da02,1706844519287722,7.0661387,0.83081418,1.0698239,8,948
da02,1706844519388358,7.0644588,0.82846737,1.0682477,9,949
da02,1706844519487796,7.0658078,0.83087534,1.0651972,10,950
da02,1706844519587770,7.0505867,0.82382178,1.066972,7,951
da02,1706844519687740,7.0528126,0.82210141,1.0657536,9,952
da02,1706844519787737,7.0486655,0.82636184,1.0643063,8,953
da02,1706844519887776,7.0579815,0.81657749,1.0661383,10,954
da02,1706844519987799,7.0668106,0.81414449,1.0672978,10,955
da02,1706844520087808,7.0730839,0.81044781,1.0664203,10,956
da02,1706844520187820,7.0592127,0.82314044,1.0678672,8,957
da02,1706844520289954,7.07181,0.82965189,1.0621535,11,958
da02,1706844520387774,7.0671544,0.82911223,1.0583088,9,959
da02,1706844520487739,7.0667539,0.82683069,1.0603734,9,960
da02,1706844520587776,7.0750356,0.83899993,1.0668871,10,961
da02,1706844520687720,7.0702462,0.84204245,1.0699301,9,962
da02,1706844520787759,7.0639625,0.84474784,1.064154,9,963
da02,1706844520887728,7.0834122,0.844756,1.0723295,12,964
da02,1706844520987746,7.075717,0.84934527,1.0726677,9,965
da02,1706844521087738,7.08428,0.84138954,1.0745538,11,966
da02,1706844521187772,7.0753675,0.83681709,1.0637649,9,967
da02,1706844521287724,7.0743108,0.83779091,1.078455,8,968
da02,1706844521387774,7.061089,0.83164006,1.0867518,8,969
da02,1706844521487754,7.0590763,0.83275414,1.0888643,8,970
da02,1706844521587756,7.0618935,0.82627296,1.0744094,10,971
da02,1706844521687764,7.2494507,0.64780337,1.4352305,73,972
da02,1706844521787834,7.2043214,0.68560612,1.3437567,9,973
da02,1706844521887855,7.1661911,0.71917951,1.2715365,9,974
da02,1706844521987908,7.1360626,0.74466515,1.224198,8,975
da02,1706844522087825,7.1222286,0.76541096,1.1857117,10,976
da02,1706844522187812,7.1199875,0.775465,1.1569625,11,977
da02,1706844522287824,7.1106491,0.78252745,1.1345639,10,978
da02,1706844522387842,7.1082382,0.78904009,1.1132599,11,979
da02,1706844522487739,7.0892453,0.79252249,1.1049682,8,980
da02,1706844522587805,7.0782275,0.8075279,1.0980301,9,981
da02,1706844522687752,7.0655408,0.80976319,1.0911115,8,982
da02,1706844522787771,7.0659332,0.81196952,1.0822414,10,983
da02,1706844522887764,7.0680747,0.81620514,1.0860596,9,984
da02,1706844522987773,7.0761843,0.82217908,1.0755968,11,985
da02,1706844523087722,7.0791659,0.82501817,1.084401,9,986
da02,1706844523187776,7.0873241,0.81942141,1.0795786,11,987
da02,1706844523287766,7.074995,0.82055813,1.0822338,8,988
da02,1706844523387766,7.0793786,0.82958925,1.0682192,11,989
da02,1706844523487727,7.0611372,0.82358336,1.0744407,7,990
da02,1706844523587764,7.0545259,0.82776165,1.0811946,8,991
da02,1706844523687712,7.0679488,0.828933,1.0809762,11,992
da02,1706844523787774,7.0629382,0.81535417,1.0826315,8,993
da02,1706844523887734,7.04643,0.81853312,1.080052,8,994
da02,1706844523987735,7.0366392,0.82504737,1.0799921,8,995
da02,1706844524087748,7.03264,0.83444655,1.0805109,8,996
da02,1706844524187782,7.0316582,0.83401269,1.0880842,8,997
da02,1706844524287716,7.0319195,0.81949794,1.084024,8,998
da02,1706844524387776,7.0440526,0.82607812,1.0744654,10,999
da02,1706844524487806,7.0654988,0.82701361,1.073218,12,1000
da02,1706844524587774,7.0631156,0.82964152,1.0849963,8,1001
da02,1706844524687806,7.0510774,0.831554,1.0812988,7,1002
da02,1706844524787809,7.0649776,0.83215135,1.0800029,11,1003
da02,1706844524889492,7.0671139,0.82388419,1.0770539,9,1004
da02,1706844524987906,7.068625,0.82329535,1.0766033,9,1005
da02,1706844525087832,7.079237,0.829326,1.077316,11,1006
da02,1706844525188406,7.0787992,0.83189821,1.0741774,10,1007
da02,1706844525287854,7.0745487,0.83973581,1.0734756,9,1008
da02,1706844525387860,7.0707846,0.83403695,1.0706313,9,1009
da02,1706844525487877,7.0733061,0.83019906,1.0698216,10,1010
da02,1706844525587886,7.0541515,0.83302486,1.0715387,8,1011
da02,1706844525688034,7.0631003,0.83057326,1.0740912,10,1012
da02,1706844525787878,7.0662618,0.8355301,1.0638777,11,1013
da02,1706844525887857,7.0656428,0.83538151,1.0645804,9,1014
da02,1706844525987859,7.0763378,0.83243215,1.0640179,11,1015
da02,1706844526087850,7.0745897,0.84162551,1.0684212,9,1016
da02,1706844526187901,7.0833564,0.83894259,1.0762364,10,1017
da02,1706844526287844,7.0908961,0.8284083,1.0666444,11,1018
da02,1706844526387874,7.0865164,0.82332379,1.0677328,9,1019
da02,1706844526487862,7.0797124,0.82404149,1.0594753,10,1020
da02,1706844526587887,7.06844,0.82927817,1.0627189,8,1021
da02,1706844526687848,7.0661187,0.83074969,1.056428,10,1022
da02,1706844526787862,7.0464721,0.83452314,1.0625043,8,1023
da02,1706844526887815,7.046957,0.83503205,1.0557956,9,1024
da02,1706844526987872,7.0328822,0.83589423,1.0599285,8,1025
da02,1706844527087840,7.0263014,0.82606512,1.0675194,7,1026
da02,1706844527187844,7.0172725,0.833732,1.0625721,8,1027
da02,1706844527288478,7.0265908,0.83511746,1.0645407,9,1028
da02,1706844527387816,7.0365911,0.83878809,1.0686419,9,1029
da02,1706844527487835,7.0389867,0.84972918,1.0668627,9,1030
da02,1706844527587876,7.0604715,0.84920394,1.06923,11,1031
da02,1706844527687813,7.05753,0.8426038,1.0673342,9,1032
da02,1706844527787816,7.0660582,0.83637667,1.0565448,11,1033
da02,1706844527887905,7.0578976,0.83324039,1.0690707,7,1034
da02,1706844527987914,7.0639081,0.83712262,1.0646629,10,1035
da02,1706844528087812,7.0637631,0.8422932,1.0556402,10,1036
da02,1706844528187941,7.0798421,0.8429032,1.0591372,12,1037
da02,1706844528287908,7.0762634,0.83715057,1.064783,9,1038
da02,1706844528387819,7.0708342,0.83768141,1.0661988,9,1039
da02,1706844528487828,7.0749011,0.83031267,1.0703444,10,1040
da02,1706844528587836,7.0720634,0.83479178,1.0743294,9,1041
da02,1706844528687805,7.0729585,0.84084243,1.0723655,10,1042
da02,1706844528787782,7.071836,0.83260071,1.0874931,8,1043
da02,1706844528887794,7.0585432,0.82401937,1.0862095,7,1044
da02,1706844528987826,7.0564618,0.82329255,1.0887079,8,1045
da02,1706844529087760,7.0640187,0.82744259,1.0783888,11,1046
da02,1706844529187780,7.0628014,0.8292495,1.0833485,8,1047
da02,1706844529287772,7.0615768,0.8265022,1.0845674,8,1048
da02,1706844529387858,7.077992,0.817954,1.0830535,11,1049
da02,1706844529487832,7.0642166,0.81542695,1.068127,9,1050
da02,1706844529587908,7.0694447,0.8218863,1.065685,10,1051
da02,1706844529687829,7.0562129,0.82535875,1.0678598,7,1052
da02,1706844529787856,7.0585303,0.82516658,1.0641103,10,1053
da02,1706844529887923,7.0707512,0.81731158,1.0564188,11,1054
da02,1706844529987878,7.0641317,0.81642371,1.0573094,9,1055
da02,1706844530087890,7.0659561,0.818029,1.0721366,8,1056
da02,1706844530187900,7.07879,0.82504547,1.0709717,11,1057
da02,1706844530287922,7.0880017,0.832952,1.0660065,12,1058
da02,1706844530387898,7.0699148,0.84384525,1.0600275,8,1059
da02,1706844530488099,7.0619764,0.83665735,1.0630548,8,1060
da02,1706844530588022,7.0665064,0.84448779,1.0643824,10,1061
da02,1706844530687969,7.0762043,0.83547026,1.075462,10,1062
da02,1706844530787960,7.0629473,0.82623726,1.0692993,8,1063
da02,1706844530887987,7.0665994,0.8272956,1.0750198,9,1064
da02,1706844530987992,7.0597315,0.83282042,1.0782564,8,1065
da02,1706844531087932,7.0618472,0.83568,1.0682387,10,1066
da02,1706844531187986,7.0567355,0.82755834,1.0668153,8,1067
da02,1706844531287985,7.0550838,0.82718337,1.0593592,9,1068
da02,1706844531387946,7.0570264,0.8170954,1.0714072,8,1069
da02,1706844531488004,7.0653052,0.81640577,1.0695,10,1070
da02,1706844531587967,7.0535,0.82084286,1.0755781,8,1071
da02,1706844531687946,7.0376148,0.81325042,1.0736246,7,1072
da02,1706844531787998,7.0441194,0.82094359,1.0688298,10,1073
da02,1706844531887991,7.0455227,0.82889754,1.0668315,9,1074
da02,1706844531987941,7.0514383,0.84128368,1.063688,10,1075
da02,1706844532087967,7.0600057,0.83230948,1.0595134,10,1076
da02,1706844532187961,7.0625505,0.82810152,1.0644233,9,1077
da02,1706844532287932,7.0521507,0.83224195,1.0711534,8,1078
da02,1706844532388004,7.069591,0.8357228,1.0699761,11,1079
da02,1706844532487990,7.0720158,0.83181643,1.072064,9,1080
da02,1706844532588002,7.0596609,0.83247852,1.0695786,8,1081
da02,1706844532688007,7.0568867,0.83111358,1.0793564,8,1082
da02,1706844532788006,7.061964,0.83774358,1.0733911,10,1083
da02,1706844532888017,7.0579481,0.83024657,1.070734,9,1084
da02,1706844532987964,7.0453529,0.82929063,1.0829973,8,1085
da02,1706844533087994,7.0392113,0.83539844,1.082013,8,1086
da02,1706844533188103,7.048305,0.8412357,1.0857325,9,1087
da02,1706844533287972,7.0424018,0.83011746,1.0932392,7,1088
da02,1706844533387969,7.0513177,0.82352239,1.0832754,10,1089
da02,1706844533487986,7.0572176,0.81928444,1.0812558,9,1090
da02,1706844533587972,7.0731316,0.818546,1.0739856,11,1091
da02,1706844533687976,7.0776982,0.81932735,1.0807682,9,1092
da02,1706844533787976,7.0899377,0.821542,1.0830309,11,1093
da02,1706844533888001,7.0866361,0.814093,1.0735404,10,1094
da02,1706844533987980,7.0818977,0.80619645,1.0700704,9,1095
da02,1706844534088002,7.0758991,0.80921245,1.0746088,8,1096
da02,1706844534187968,7.0757184,0.80522454,1.0661752,10,1097
da02,1706844534287987,7.0683279,0.80132353,1.0715061,8,1098
da02,1706844534387988,7.0607681,0.80588776,1.0720198,8,1099
da02,1706844534488001,7.063416,0.81350768,1.0766591,9,1100
da02,1706844534587981,7.0519137,0.8044222,1.0867144,7,1101
da02,1706844534687994,7.0426655,0.81372529,1.0867658,8,1102
da02,1706844534788002,7.0380077,0.82073575,1.0861869,8,1103
da02,1706844534888016,7.0379233,0.82611579,1.0772457,9,1104
da02,1706844534988032,7.0392408,0.81547719,1.0808119,8,1105
da02,1706844535087984,7.04251,0.80868685,1.0756737,9,1106
da02,1706844535187999,7.0340333,0.82063371,1.0788718,8,1107
da02,1706844535288600,7.0296183,0.82665581,1.0784841,8,1108
da02,1706844535388041,7.0397863,0.82278949,1.070739,10,1109
da02,1706844535488022,7.0431371,0.82396543,1.064748,9,1110
da02,1706844535588027,7.0436826,0.82887673,1.0671245,9,1111
da02,1706844535688010,7.0530376,0.81955713,1.0764344,9,1112
da02,1706844535788006,7.0629325,0.8275972,1.074842,10,1113
da02,1706844535888027,7.0543308,0.83122832,1.0693331,8,1114
da02,1706844535988073,7.0715222,0.840161,1.0715259,11,1115
da02,1706844536088028,7.06574,0.84024507,1.0781089,8,1116
da02,1706844536188006,7.0606337,0.84105724,1.0809505,8,1117
da02,1706844536287983,7.0537963,0.83906293,1.0766844,8,1118
da02,1706844536387988,7.0512276,0.84396672,1.0723416,9,1119
da02,1706844536488017,7.0550866,0.84430873,1.0741221,9,1120
da02,1706844536587994,7.0681071,0.83501631,1.0687147,11,1121
da02,1706844536688289,7.0716872,0.8306514,1.0581193,11,1122
da02,1706844536788009,7.07784,0.82507467,1.0637376,10,1123
da02,1706844536888047,7.0757704,0.83276516,1.0670798,9,1124
da02,1706844536987994,7.0630364,0.82267815,1.0674999,8,1125
da02,1706844537088438,7.0777931,0.82179075,1.0763999,11,1126
da02,1706844537188052,7.08273,0.82253832,1.0799272,10,1127
da02,1706844537288036,7.0631213,0.82657313,1.0770758,8,1128
da02,1706844537388051,7.062583,0.82490933,1.0747342,9,1129
da02,1706844537487954,7.0521846,0.82868826,1.0861623,8,1130
da02,1706844537587943,7.0467105,0.82936162,1.0857422,8,1131
da02,1706844537688008,7.0501785,0.83257031,1.086844,9,1132
da02,1706844537788008,7.0498762,0.82566881,1.0753593,9,1133
da02,1706844537888009,7.0491934,0.82527721,1.0784731,8,1134
da02,1706844537988170,7.0603867,0.83371341,1.0819645,10,1135
da02,1706844538088003,7.0666223,0.82880944,1.0890527,9,1136
da02,1706844538188020,7.0723386,0.83525842,1.0859994,10,1137
da02,1706844538288662,7.0589633,0.82261693,1.091652,7,1138
da02,1706844538388046,7.0602193,0.82231081,1.0881201,9,1139
da02,1706844538488009,7.0722694,0.82035184,1.0885142,10,1140
da02,1706844538587999,7.0522933,0.82117993,1.0806168,8,1141
da02,1706844538688006,7.0586767,0.82025683,1.067319,10,1142
da02,1706844538787999,7.0694709,0.8270123,1.0708852,10,1143
da02,1706844538888004,7.0787525,0.83112657,1.0578297,12,1144
da02,1706844538988047,7.0624619,0.83077496,1.0629588,8,1145
da02,1706844539088004,7.05414,0.82457584,1.0651482,8,1146
da02,1706844539188007,7.05472,0.82227272,1.0657213,9,1147
da02,1706844539288001,7.0531979,0.82352614,1.0650605,9,1148
da02,1706844539388020,7.0588813,0.82792634,1.0639379,10,1149
da02,1706844539488464,7.070848,0.82717466,1.0700419,10,1150
da02,1706844539588024,7.0741377,0.82435334,1.0639277,10,1151
da02,1706844539688015,7.0772915,0.8270846,1.0632209,10,1152
da02,1706844539788155,7.0739913,0.82340133,1.0698749,9,1153
da02,1706844539888149,7.0622525,0.82833481,1.0798013,8,1154
da02,1706844539988044,7.0541577,0.83475393,1.0751995,8,1155
da02,1706844540088030,7.0528255,0.82947606,1.0786841,8,1156
da02,1706844540188035,7.0505075,0.836703,1.0814559,8,1157
da02,1706844540290406,7.0504451,0.8328501,1.0775503,9,1158
da02,1706844540388096,7.0553656,0.82736033,1.085182,8,1159
da02,1706844540488043,7.0586162,0.82930523,1.0764897,10,1160
da02,1706844540588070,7.0633144,0.83069885,1.084581,9,1161
da02,1706844540688066,7.0687637,0.82990432,1.0921037,9,1162
da02,1706844540788032,7.0747714,0.83084267,1.0927052,10,1163
da02,1706844540888016,7.0734687,0.83709115,1.0888056,9,1164
da02,1706844540988026,7.0752287,0.83808631,1.0852571,10,1165
da02,1706844541088056,7.078927,0.83441943,1.0768214,10,1166
da02,1706844541188052,7.0835242,0.83767927,1.0707103,11,1167
da02,1706844541288081,7.0746565,0.84402084,1.0717458,9,1168
da02,1706844541388076,7.0735564,0.83576339,1.0732429,9,1169
da02,1706844541488158,7.0681376,0.83064651,1.0720823,9,1170
da02,1706844541588085,7.0770483,0.82545811,1.0801828,10,1171
da02,1706844541688023,7.0753508,0.82184136,1.0795708,9,1172
da02,1706844541788014,7.0855579,0.82156771,1.0733322,11,1173
da02,1706844541888121,7.0847082,0.82501227,1.0667692,10,1174
da02,1706844541988087,7.0764446,0.82597649,1.0645092,9,1175
da02,1706844542088076,7.058825,0.82762164,1.0700033,8,1176
da02,1706844542188094,7.0577517,0.83056945,1.0663217,9,1177
da02,1706844542288095,7.0630364,0.83468848,1.0677133,10,1178
da02,1706844542388102,7.0629039,0.83067983,1.0611991,10,1179
da02,1706844542488117,7.0673122,0.83213592,1.0679795,9,1180
da02,1706844542588103,7.0675416,0.83508933,1.0681025,9,1181
da02,1706844542688091,7.0483913,0.83036941,1.063556,7,1182
da02,1706844542788081,7.0554566,0.82186925,1.0555134,10,1183
da02,1706844542888140,7.0542192,0.8171953,1.06426,8,1184
da02,1706844542988148,7.0589418,0.81942511,1.0635811,10,1185
da02,1706844543088146,7.055481,0.82878906,1.0711756,8,1186
da02,1706844543188031,7.0596452,0.81951112,1.0649269,10,1187
da02,1706844543288080,7.0634127,0.81850338,1.0719904,9,1188
da02,1706844543388038,7.0676723,0.82533222,1.0654403,10,1189
da02,1706844543488032,7.0588818,0.83950132,1.0729932,8,1190
da02,1706844543588035,7.0677581,0.83318287,1.0855668,9,1191
da02,1706844543688054,7.0710912,0.82619154,1.0799673,10,1192
da02,1706844543788283,7.0828156,0.82111239,1.0698713,12,1193
da02,1706844543888180,7.0690627,0.8375172,1.0693605,8,1194
da02,1706844543988050,7.0667377,0.82334161,1.0837047,7,1195
da02,1706844544088046,7.0728922,0.82634306,1.0777813,10,1196
da02,1706844544188025,7.0744486,0.82819706,1.0714288,10,1197
da02,1706844544288062,7.0812759,0.83522749,1.0709205,11,1198
da02,1706844544388086,7.073164,0.82983124,1.0754747,8,1199
da02,1706844544488788,7.0777869,0.82675987,1.0664117,11,1200
da02,1706844544588054,7.0747232,0.82513154,1.0588948,10,1201
da02,1706844544688052,7.0808434,0.82470983,1.0602849,11,1202
da02,1706844544788034,7.0757833,0.82914162,1.0601561,9,1203
da02,1706844544888072,7.0697751,0.8267616,1.0702173,8,1204
da02,1706844544988063,7.0775504,0.82449239,1.0619354,11,1205
da02,1706844545088086,7.0702238,0.83082235,1.0602467,9,1206
da02,1706844545188034,7.0604777,0.8385157,1.0585189,9,1207
da02,1706844545288638,7.0578094,0.84095949,1.0587293,9,1208
da02,1706844545388100,7.0545015,0.828488,1.0686651,8,1209
da02,1706844545488062,7.0511718,0.82553351,1.0681893,8,1210
da02,1706844545588051,7.0537543,0.83937669,1.0743226,9,1211
da02,1706844545688054,7.064189,0.84522182,1.0613414,12,1212
da02,1706844545788077,7.0543261,0.83317137,1.0597543,8,1213
da02,1706844545888078,7.0577497,0.83804381,1.070281,9,1214
da02,1706844545988090,7.0670209,0.8298701,1.0714561,10,1215
da02,1706844546088129,7.0706816,0.83697915,1.0558593,11,1216
da02,1706844546188070,7.072412,0.83537304,1.0611466,10,1217
da02,1706844546288514,7.0795789,0.82755053,1.0578501,11,1218
da02,1706844546388111,7.0592279,0.82961881,1.0556215,8,1219
da02,1706844546488063,7.0520077,0.82896858,1.0586724,8,1220
da02,1706844546588081,7.0614128,0.82974076,1.0727602,9,1221
da02,1706844546688154,7.0538464,0.83988911,1.0724642,8,1222
da02,1706844546788132,7.0597734,0.83753449,1.0773937,9,1223
da02,1706844546888147,7.0557466,0.840587,1.0721327,9,1224
da02,1706844546988115,7.0543337,0.83803713,1.0674859,9,1225
da02,1706844547088334,7.0403743,0.83513838,1.0735512,8,1226
da02,1706844547188138,7.035974,0.83269691,1.0737723,8,1227
da02,1706844547288122,7.0405684,0.83665466,1.06609,10,1228
da02,1706844547388140,7.0555949,0.83409655,1.0670898,10,1229
da02,1706844547487934,7.059196,0.83285779,1.0636081,10,1230
da02,1706844547587936,7.0452657,0.82453847,1.0681863,7,1231
da02,1706844547687916,7.0542264,0.81973332,1.0631609,10,1232
da02,1706844547787889,7.05658,0.82577038,1.064773,9,1233
da02,1706844547887934,7.0795255,0.82685375,1.0649531,12,1234
da02,1706844547987896,7.067431,0.83772391,1.0666089,8,1235
da02,1706844548087927,7.0588808,0.83765006,1.0700938,8,1236
da02,1706844548187913,7.0531869,0.84019381,1.0759091,8,1237
da02,1706844548287904,7.0431652,0.8453635,1.0829407,8,1238
da02,1706844548387904,7.0411482,0.83746135,1.0740073,9,1239
da02,1706844548487931,7.0560803,0.83251727,1.064778,11,1240
da02,1706844548587882,7.0587835,0.83239752,1.0635626,10,1241
da02,1706844548687923,7.0570755,0.82699978,1.0644689,9,1242
da02,1706844548787907,7.0531917,0.81763041,1.0743195,7,1243
da02,1706844548887966,7.0677848,0.818392,1.0696537,11,1244
da02,1706844548987943,7.0482655,0.81588709,1.0743835,8,1245
da02,1706844549087934,7.0536084,0.82479358,1.070897,10,1246
da02,1706844549187887,7.0635238,0.82145089,1.0674446,10,1247
da02,1706844549288528,7.0667343,0.81964731,1.0635787,10,1248
da02,1706844549387896,7.0845261,0.81585687,1.0651368,12,1249
da02,1706844549487931,7.0831919,0.81921238,1.0615865,10,1250
da02,1706844549587911,7.0713773,0.8286649,1.062655,8,1251
da02,1706844549687927,7.0598059,0.83833164,1.0637653,8,1252
da02,1706844549787880,7.0622807,0.84047592,1.0663576,9,1253
da02,1706844549887918,7.0583014,0.84868628,1.072009,8,1254
da02,1706844549987903,7.058599,0.8407498,1.0695313,9,1255
da02,1706844550087926,7.0607076,0.83177769,1.0839552,8,1256
da02,1706844550187892,7.0562468,0.82540524,1.0762148,9,1257
da02,1706844550287966,7.0667276,0.81401813,1.0800593,10,1258
da02,1706844550387946,7.0702095,0.8185451,1.0779686,10,1259
da02,1706844550487934,7.0759268,0.81898481,1.0772315,10,1260
da02,1706844550587938,7.0653391,0.81802386,1.0724654,8,1261
da02,1706844550687960,7.0758224,0.81423873,1.0596159,12,1262
da02,1706844550787924,7.0821285,0.81053716,1.0638901,10,1263
da02,1706844550887978,7.0732412,0.82289213,1.0690173,8,1264
da02,1706844550987998,7.0684843,0.83139783,1.0784787,8,1265
da02,1706844551087932,7.0694962,0.83784485,1.0844153,9,1266
da02,1706844551188082,7.07234,0.83305496,1.0801597,10,1267
da02,1706844551288111,7.0776672,0.82207942,1.0651598,11,1268
da02,1706844551387970,7.0639076,0.82514215,1.0682033,8,1269
da02,1706844551487912,7.0715342,0.8281253,1.0610623,11,1270
da02,1706844551587923,7.0722389,0.83055687,1.0709088,9,1271
da02,1706844551687900,7.0617747,0.828585,1.0659876,8,1272
da02,1706844551788070,7.062623,0.8321045,1.0603634,10,1273
da02,1706844551887988,7.0545754,0.82968438,1.0656692,8,1274
da02,1706844551987910,7.0556955,0.83321661,1.0669409,9,1275
da02,1706844552087938,7.06771,0.83076894,1.0698303,10,1276
da02,1706844552187902,7.0533929,0.83235097,1.0740463,8,1277
da02,1706844552287914,7.0783224,0.82843,1.0743583,12,1278
da02,1706844552387862,7.0872188,0.83806068,1.0720247,11,1279
da02,1706844552487898,7.0759587,0.84012228,1.0819224,8,1280
da02,1706844552587910,7.0683351,0.83875787,1.0792736,9,1281
da02,1706844552687932,7.0681119,0.82692111,1.0826106,9,1282
da02,1706844552787905,7.064271,0.83367878,1.0872473,8,1283
da02,1706844552887918,7.0622816,0.83134234,1.0830083,9,1284
da02,1706844552987930,7.0742331,0.82793152,1.0747664,11,1285
da02,1706844553087937,7.0640178,0.8280434,1.0792892,8,1286
da02,1706844553187922,7.0723381,0.82945079,1.0866178,10,1287
da02,1706844553287990,7.0789862,0.831283,1.0859437,10,1288
da02,1706844553388054,7.0901585,0.83127457,1.0810292,11,1289
da02,1706844553487942,7.0794086,0.82950538,1.0789279,8,1290
da02,1706844553587964,7.0712347,0.83492237,1.0757426,9,1291
da02,1706844553687994,7.0674782,0.83346319,1.0671684,10,1292
da02,1706844553787988,7.0800443,0.82538038,1.07499,10,1293
da02,1706844553887948,7.0589581,0.82186294,1.0871103,8,1294
da02,1706844553987946,7.0693288,0.82754093,1.0767473,11,1295
da02,1706844554087966,7.0664992,0.82414651,1.0716847,9,1296
da02,1706844554187960,7.0657225,0.83037949,1.0564036,11,1297
da02,1706844554287962,7.0775394,0.82529253,1.067888,10,1298
da02,1706844554387938,7.064548,0.82901031,1.0768915,8,1299
da02,1706844554487976,7.0616775,0.8308357,1.0738693,9,1300
da02,1706844554587948,7.0590968,0.8347584,1.0788941,8,1301
da02,1706844554687970,7.0527897,0.8484984,1.0772573,9,1302
da02,1706844554787983,7.0482392,0.8476584,1.0722548,9,1303
da02,1706844554888022,7.0505652,0.84590179,1.0780675,8,1304
da02,1706844554987965,7.051724,0.83415085,1.0729643,9,1305
da02,1706844555087958,7.04565,0.82967544,1.0837337,8,1306
da02,1706844555187924,7.0500755,0.83769077,1.0816896,9,1307
da02,1706844555287986,7.0485024,0.83722955,1.0932971,8,1308
da02,1706844555387929,7.04909,0.84734744,1.0961263,8,1309
da02,1706844555487927,7.0582638,0.83456647,1.0906909,10,1310
da02,1706844555587926,7.0703874,0.83446866,1.0794951,11,1311
da02,1706844555689641,7.0793538,0.84221476,1.0736654,11,1312
da02,1706844555788006,7.0624213,0.8440246,1.0676433,8,1313
da02,1706844555887995,7.0662584,0.83614558,1.0761303,9,1314
da02,1706844555988001,7.0608497,0.82488769,1.0779231,8,1315
da02,1706844556088020,7.069685,0.82419181,1.068332,11,1316
da02,1706844556187965,7.073504,0.83066231,1.070362,10,1317
da02,1706844556288010,7.0765748,0.82091773,1.0747991,9,1318
da02,1706844556388048,7.0698686,0.82884115,1.0751091,9,1319
da02,1706844556487956,7.0566287,0.823879,1.0689881,8,1320
da02,1706844556587999,7.0485644,0.82278335,1.0672392,8,1321
da02,1706844556687973,7.0616646,0.81920844,1.0665336,10,1322
da02,1706844556787961,7.0615087,0.81826419,1.0664725,9,1323
da02,1706844556888005,7.063828,0.80743712,1.0703052,9,1324
da02,1706844556988011,7.0745611,0.81412166,1.0642059,11,1325
da02,1706844557087955,7.068449,0.81815487,1.0653306,9,1326
da02,1706844557187996,7.0608668,0.81735128,1.0746336,7,1327
da02,1706844557287945,7.0470905,0.824479,1.0825288,8,1328
da02,1706844557388062,7.0551333,0.8245582,1.0742739,10,1329
da02,1706844557488094,7.0569348,0.82524008,1.0781929,9,1330
da02,1706844557588002,7.0522575,0.82155967,1.0801201,8,1331
da02,1706844557687990,7.067802,0.82280713,1.0805967,11,1332
da02,1706844557787954,7.0667076,0.83142471,1.0789617,9,1333
da02,1706844557888064,7.0672145,0.82671541,1.0738243,9,1334
da02,1706844557987953,7.0741019,0.82249606,1.0744648,10,1335
da02,1706844558087981,7.0834203,0.82543331,1.0670644,11,1336
da02,1706844558187972,7.0678525,0.82691616,1.0682232,8,1337
da02,1706844558287970,7.0495811,0.83652425,1.0711656,8,1338
da02,1706844558387990,7.048378,0.82292032,1.0735134,8,1339
da02,1706844558487979,7.0519667,0.81842625,1.0720524,9,1340
da02,1706844558587975,7.058733,0.82341754,1.0637155,10,1341
da02,1706844558687988,7.0675764,0.8289547,1.0735738,10,1342
da02,1706844558787979,7.0652905,0.84167427,1.0682671,10,1343
da02,1706844558888004,7.0511618,0.84206015,1.0683846,8,1344
da02,1706844558987973,7.045907,0.84162706,1.0731418,8,1345
da02,1706844559087988,7.0588326,0.83743358,1.0736984,10,1346
da02,1706844559188020,7.0664244,0.84618133,1.0759932,10,1347
da02,1706844559288038,7.061904,0.8459335,1.0742183,9,1348
da02,1706844559388178,7.0680275,0.848893,1.0689871,11,1349
da02,1706844559488065,7.066155,0.84719807,1.078086,8,1350
da02,1706844559588325,7.0730848,0.85240936,1.0786297,10,1351
da02,1706844559687996,7.0845923,0.84146363,1.0853482,10,1352
da02,1706844559787999,7.0828147,0.83983326,1.0874221,9,1353
da02,1706844559888000,7.08113,0.83791876,1.0799844,10,1354
da02,1706844559988052,7.0799069,0.83307213,1.0809005,9,1355
da02,1706844560087996,7.0800433,0.83625877,1.0721228,10,1356
da02,1706844560187994,7.0660048,0.83986926,1.0759472,8,1357
da02,1706844560288654,7.0653415,0.84533614,1.0758497,9,1358
da02,1706844560387951,7.0466161,0.84697592,1.0760776,8,1359
da02,1706844560488019,7.0509086,0.84396583,1.0737303,9,1360
da02,1706844560587962,7.0449986,0.84042746,1.0777693,7,1361
da02,1706844560688569,7.0534372,0.83977884,1.090776,8,1362
da02,1706844560788006,7.0449834,0.83802289,1.0887681,7,1363
da02,1706844560888606,7.0496197,0.84068322,1.0767676,10,1364
da02,1706844560988013,7.0482264,0.83627045,1.0657147,9,1365
da02,1706844561087994,7.0491018,0.8332994,1.0633606,9,1366
da02,1706844561187970,7.0527887,0.83262235,1.0600464,10,1367
da02,1706844561287987,7.0455937,0.83494139,1.0623388,8,1368
da02,1706844561388006,7.0515785,0.84013587,1.0698349,9,1369
da02,1706844561487959,7.0626564,0.8400746,1.0674714,11,1370
da02,1706844561587981,7.0613594,0.84133029,1.0748509,8,1371
da02,1706844561688042,7.0612006,0.83940691,1.0665723,10,1372
da02,1706844561788128,7.0595651,0.83595556,1.0778553,8,1373
da02,1706844561888012,7.0573454,0.82552791,1.0765303,8,1374
da02,1706844561988034,7.0547628,0.82743484,1.0762762,8,1375
da02,1706844562088024,7.0420671,0.83579314,1.0800169,8,1376
da02,1706844562188024,7.0494361,0.83372277,1.0781356,9,1377
da02,1706844562288016,7.059473,0.83668572,1.080864,10,1378
da02,1706844562388444,7.0657125,0.82471281,1.0737387,10,1379
da02,1706844562488044,7.0624428,0.8332842,1.0657563,10,1380
da02,1706844562588067,7.0678706,0.82668859,1.060016,10,1381
da02,1706844562688038,7.0748396,0.83230335,1.0532836,11,1382
da02,1706844562788060,7.0729537,0.82432705,1.0638158,9,1383
da02,1706844562888181,7.0813589,0.82558107,1.0741035,10,1384
da02,1706844562988102,7.0724397,0.82449174,1.0723288,9,1385
da02,1706844563088091,7.0863833,0.8261773,1.0743376,11,1386
da02,1706844563188118,7.0726466,0.83275551,1.0721457,8,1387
da02,1706844563288102,7.0704274,0.83327264,1.0745752,9,1388
da02,1706844563388108,7.0597177,0.84891313,1.0698478,9,1389
da02,1706844563488106,7.054677,0.84235203,1.068386,8,1390
da02,1706844563588338,7.0386343,0.84254396,1.0659255,8,1391
da02,1706844563688147,7.0441227,0.83906657,1.08231,8,1392
da02,1706844563788156,7.0483894,0.82975435,1.0848233,8,1393
da02,1706844563888134,7.049758,0.8190183,1.0797306,9,1394
da02,1706844563988107,7.0440092,0.82953143,1.0848752,8,1395
da02,1706844564088106,7.0571065,0.82427567,1.07626,11,1396
da02,1706844564188117,7.0701704,0.83381331,1.0733374,11,1397
da02,1706844564288084,7.0515189,0.82939225,1.0709641,7,1398
da02,1706844564388114,7.0378485,0.82909834,1.0674957,8,1399
da02,1706844564488108,7.0435681,0.83013785,1.0724243,9,1400
da02,1706844564588153,7.0430622,0.82113105,1.0730463,8,1401
da02,1706844564688099,7.0551538,0.82356578,1.0694269,10,1402
da02,1706844564788097,7.0540943,0.83503926,1.0622237,10,1403
da02,1706844564888093,7.06607,0.83586586,1.0663278,10,1404
da02,1706844564988110,7.0779233,0.8249349,1.0663862,11,1405
da02,1706844565088094,7.0845079,0.81670177,1.0669577,10,1406
da02,1706844565188120,7.0723825,0.82566559,1.0663115,8,1407
da02,1706844565288097,7.0552349,0.83566409,1.0652788,8,1408
da02,1706844565388768,7.062655,0.83924019,1.0718699,10,1409
da02,1706844565488038,7.0542612,0.83207554,1.0683919,8,1410
da02,1706844565588147,7.0578208,0.83054179,1.0707489,9,1411
da02,1706844565688186,7.0665088,0.835807,1.074371,10,1412
da02,1706844565788039,7.069211,0.83907288,1.0651331,10,1413
da02,1706844565888117,7.0647912,0.8375659,1.075043,8,1414
da02,1706844565988121,7.0656505,0.83916181,1.0734,9,1415
da02,1706844566088020,7.0735679,0.84005743,1.0753465,10,1416
da02,1706844566188146,7.0703268,0.84065229,1.0714523,9,1417
da02,1706844566288140,7.0729885,0.83289707,1.0735109,9,1418
da02,1706844566388053,7.0669732,0.82582706,1.0805063,8,1419
da02,1706844566488140,7.0627718,0.82584637,1.0734081,9,1420
da02,1706844566588128,7.0645127,0.82657713,1.0873376,8,1421
da02,1706844566688082,7.0585895,0.82970077,1.0839956,8,1422
da02,1706844566788162,7.0547676,0.81708908,1.0741967,9,1423
da02,1706844566888275,7.0775218,0.79973459,1.0859466,11,1424
da02,1706844566988119,7.0794415,0.80899853,1.0786867,10,1425
da02,1706844567088170,7.0732822,0.8109113,1.0862151,8,1426
da02,1706844567188162,7.0667658,0.813089,1.086255,8,1427
da02,1706844567288012,7.059083,0.82288873,1.0884042,8,1428
da02,1706844567388133,7.0572495,0.82207191,1.0914032,8,1429
da02,1706844567488111,7.0516205,0.82560056,1.0821359,9,1430
da02,1706844567588059,7.06192,0.82889533,1.0666981,11,1431
da02,1706844567688097,7.060555,0.82551235,1.0668837,9,1432
da02,1706844567788271,7.0644412,0.82487184,1.0752288,9,1433
da02,1706844567888055,7.0646467,0.8281616,1.0707153,10,1434
da02,1706844567988076,7.0670695,0.83172131,1.0747157,9,1435
da02,1706844568088060,7.0769305,0.83565623,1.0723796,11,1436
da02,1706844568188047,7.0766349,0.83934236,1.0625941,11,1437
da02,1706844568288058,7.081203,0.82972091,1.0653417,10,1438
da02,1706844568388456,7.07794,0.83443147,1.062701,10,1439
da02,1706844568488065,7.0675349,0.83340919,1.0575051,9,0
da02,1706844568588056,7.06667,0.82930893,1.0583677,9,1
da02,1706844568688156,7.0704865,0.83413756,1.0604219,10,2
da02,1706844568788080,7.0730538,0.83137339,1.0663072,9,3
da02,1706844568888156,7.0786037,0.81925994,1.0629907,10,4
da02,1706844568988078,7.081892,0.81653124,1.0638863,10,5
da02,1706844569088101,7.0828953,0.81034648,1.0623962,10,6
da02,1706844569188076,7.0709386,0.81226176,1.0665336,8,7
da02,1706844569288015,7.0635533,0.80997223,1.069324,8,8
da02,1706844569388080,7.0578837,0.81293184,1.0539242,10,9
da02,1706844569488156,7.0564065,0.81011176,1.0679172,8,10
da02,1706844569588175,7.0579619,0.80992341,1.0719926,9,11
da02,1706844569688085,7.0555196,0.81887174,1.0598536,10,12
da02,1706844569788172,7.0515575,0.81760937,1.0563965,9,13
da02,1706844569888172,7.0676332,0.81945968,1.0676421,10,14
da02,1706844569988159,7.0704784,0.82295769,1.0751929,9,15
da02,1706844570088161,7.0810618,0.82421231,1.0796323,10,16
da02,1706844570188079,7.0692496,0.81854677,1.0770026,8,17
da02,1706844570288169,7.07064,0.81784797,1.0696993,10,18
da02,1706844570388123,7.0681438,0.82281804,1.0744433,9,19
da02,1706844570488082,7.0651994,0.82205278,1.0768396,9,20
da02,1706844570588185,7.0660572,0.82087708,1.065039,10,21
da02,1706844570688082,7.0673018,0.83035529,1.0694785,9,22
da02,1706844570788112,7.0744295,0.82931215,1.0812739,9,23
da02,1706844570888178,7.0702872,0.82769096,1.079576,9,24
da02,1706844570988181,7.0794778,0.82482743,1.0697409,11,25
da02,1706844571089852,7.0752878,0.81870311,1.076447,8,26
da02,1706844571188179,7.0799384,0.82876116,1.0842508,10,27
da02,1706844571288643,7.0626755,0.824101,1.0865045,7,28
da02,1706844571388110,7.06325,0.83201784,1.0844398,9,29
da02,1706844571488150,7.0595064,0.83410728,1.0954323,8,30
da02,1706844571588052,7.05014,0.8199113,1.0890937,7,31
da02,1706844571688034,7.0623922,0.82077265,1.0867134,10,32
da02,1706844571788155,7.0651565,0.8164739,1.0824345,9,33
da02,1706844571888054,7.0709696,0.81853414,1.0812125,10,34
da02,1706844571988065,7.0719461,0.81668741,1.0762802,10,35
da02,1706844572088144,7.0566425,0.81731093,1.0774324,7,36
da02,1706844572188071,7.0579133,0.82990956,1.0762943,9,37
da02,1706844572288035,7.1879787,0.838185,1.0536703,67,38
da02,1706844572388159,7.1559711,0.82496911,1.0609055,8,39
da02,1706844572488072,7.127974,0.82665163,1.0621021,9,40
da02,1706844572588067,7.106832,0.83684742,1.0659627,9,41
da02,1706844572688146,7.0993433,0.82331771,1.0600636,10,42
da02,1706844572788074,7.073997,0.82980227,1.0583758,8,43
da02,1706844572888119,7.0782824,0.83454204,1.0598798,10,44
da02,1706844572988170,7.0658965,0.83410323,1.0687937,7,45
da02,1706844573088098,7.173162,0.83489245,1.0591598,66,46
da02,1706844573188077,7.1470504,0.82929206,1.0627542,9,47
da02,1706844573288150,7.1286554,0.82291508,1.0569211,10,48
da02,1706844573388180,7.1063237,0.82616007,1.0673833,8,49
da02,1706844573488126,7.0972133,0.82457751,1.082085,8,50
da02,1706844573588176,7.0900726,0.82168961,1.0648634,10,51
da02,1706844573688266,7.0802078,0.81595296,1.0671328,8,52
da02,1706844573788086,7.0772662,0.81962967,1.0625935,10,53
da02,1706844573889149,7.076725,0.81416345,1.057505,10,54
da02,1706844573988180,7.0807343,0.82131863,1.0599084,10,55
da02,1706844574088023,7.0754752,0.81688374,1.0556301,9,56
da02,1706844574188115,7.0812807,0.82634872,1.0603892,11,57
da02,1706844574288101,7.0891132,0.83124191,1.0662071,11,58
da02,1706844574388108,7.0763006,0.83166146,1.0729328,8,59
da02,1706844574488113,7.0537295,0.83012241,1.060617,7,60
da02,1706844574588148,7.0601387,0.82422787,1.0715562,9,61
da02,1706844574688111,7.054203,0.82565731,1.0755323,8,62
da02,1706844574788119,7.0540586,0.81937563,1.0662428,9,63
da02,1706844574888114,7.0473232,0.82424951,1.0690762,8,64
da02,1706844574988129,7.059238,0.81727755,1.0698565,10,65
da02,1706844575088100,7.05533,0.8264125,1.0782757,8,66
da02,1706844575188119,7.0609531,0.82408792,1.0768825,10,67
da02,1706844575288070,7.0708432,0.82809114,1.0687139,11,68
da02,1706844575388104,7.0783153,0.82773346,1.0615131,11,69
da02,1706844575488159,7.0779634,0.83966643,1.0615112,10,70
da02,1706844575588184,7.0732808,0.83616704,1.0737656,8,71
da02,1706844575688118,7.0786896,0.82850665,1.0665311,11,72
da02,1706844575788100,7.0584774,0.81486136,1.0713868,7,73
da02,1706844575888314,7.0544658,0.8193928,1.0765179,8,74
da02,1706844575988160,7.055964,0.82738876,1.0730658,9,75
da02,1706844576088139,7.0584221,0.84530956,1.0716214,10,76
da02,1706844576188297,7.0479345,0.84296209,1.0685084,8,77
da02,1706844576288104,7.0543313,0.83199221,1.068433,9,78
da02,1706844576388094,7.0568957,0.8434701,1.0766013,9,79
da02,1706844576488163,7.0586238,0.83903664,1.0847918,8,80
da02,1706844576588082,7.0579686,0.83980966,1.0864217,9,81
da02,1706844576688083,7.0601015,0.84226108,1.0926697,9,82
da02,1706844576788176,7.0549469,0.83848375,1.0858606,8,83
da02,1706844576888058,7.053381,0.8345142,1.0873975,8,84
da02,1706844576988100,7.0635834,0.83847129,1.0803266,11,85
da02,1706844577088170,7.0587029,0.8356297,1.0801032,8,86
da02,1706844577188081,7.0661812,0.82727093,1.0852575,9,87
da02,1706844577288110,7.0738082,0.81808078,1.0751721,11,88
da02,1706844577388333,7.066721,0.82219905,1.0780118,8,89
da02,1706844577488067,7.0572448,0.82269782,1.0702705,8,90
da02,1706844577588094,7.0645442,0.82800943,1.0800958,9,91
da02,1706844577688171,7.0716963,0.82496232,1.0784709,10,92
da02,1706844577788092,7.0625758,0.82097971,1.0778798,8,93
da02,1706844577888086,7.0536332,0.82781404,1.0671408,9,94
da02,1706844577988144,7.0508137,0.83028352,1.0660955,9,95
da02,1706844578088103,7.0530353,0.82360739,1.0602704,9,96
da02,1706844578188117,7.0684032,0.82322353,1.0653498,11,97
da02,1706844578288125,7.075633,0.82696635,1.0727335,10,98
da02,1706844578388109,7.0800238,0.82420266,1.0691736,10,99
da02,1706844578488105,7.0672393,0.82413447,1.0712304,8,100
da02,1706844578588400,7.0694084,0.82835168,1.0723548,10,101
da02,1706844578688244,7.0701528,0.83895952,1.0733434,10,102
da02,1706844578788148,7.0560522,0.83438361,1.0776808,8,103
da02,1706844578888342,7.0614104,0.83572638,1.0706673,10,104
da02,1706844578988184,7.0602455,0.826142,1.0684621,9,105
da02,1706844579088158,7.048018,0.83750391,1.0694215,8,106
da02,1706844579188169,7.0677376,0.82956749,1.0765113,11,107
da02,1706844579288125,7.0752587,0.82623506,1.0642095,11,108
da02,1706844579388518,7.0724716,0.84694737,1.072367,9,109
da02,1706844579488652,7.0765481,0.83464426,1.0753213,10,110
da02,1706844579588160,7.0833726,0.83189005,1.0685672,11,111
da02,1706844579688140,7.0753908,0.83445978,1.0707417,9,112
da02,1706844579788135,7.0723567,0.84141314,1.060568,10,113
da02,1706844579888132,7.0736208,0.84208143,1.0619819,10,114
da02,1706844579988138,7.0681453,0.83760351,1.0681454,8,115
da02,1706844580088154,7.0650268,0.843172,1.0792538,8,116
da02,1706844580188183,7.1837344,0.83566731,1.0486552,67,117
da02,1706844580288140,7.1443191,0.82900035,1.0523282,8,118
da02,1706844580388322,7.1219769,0.82367188,1.0657294,8,119
da02,1706844580488167,7.1038876,0.83210391,1.0610819,9,120
da02,1706844580588271,7.0820637,0.83190256,1.0640436,7,121
da02,1706844580688139,7.0745358,0.82662857,1.0648297,9,122
da02,1706844580788156,7.0687795,0.8294282,1.0637767,9,123
da02,1706844580888114,7.0755782,0.83095956,1.0587904,11,124
da02,1706844580988141,7.0680957,0.8284809,1.0684401,8,125
da02,1706844581088124,7.067008,0.83016884,1.0604359,10,126
da02,1706844581188122,7.0608993,0.8286894,1.0599856,9,127
da02,1706844581288118,7.0755754,0.8180638,1.0658448,11,128
da02,1706844581388146,7.074604,0.81824553,1.0592364,10,129
da02,1706844581488135,7.0688143,0.82422638,1.0637436,9,130
da02,1706844581588150,7.0558724,0.81921989,1.0715041,7,131
da02,1706844581688125,7.049509,0.82004857,1.0702258,8,132
da02,1706844581788172,7.0607452,0.82311964,1.0697709,10,133
da02,1706844581888181,7.0506783,0.81202096,1.0763831,7,134
da02,1706844581988147,7.0486884,0.81283456,1.0712364,9,135
da02,1706844582088159,7.0532179,0.81879115,1.0649842,10,136
da02,1706844582188165,7.0634232,0.82773477,1.0714717,10,137
da02,1706844582288782,7.057013,0.83020723,1.0696398,8,138
da02,1706844582388131,7.0613337,0.8343997,1.0704815,10,139
da02,1706844582488125,7.0747547,0.82346195,1.0705546,11,140
da02,1706844582588153,7.0733032,0.81740004,1.0627065,10,141
da02,1706844582688140,7.0628052,0.82733262,1.0599916,9,142
da02,1706844582788267,7.0627689,0.82285857,1.0622616,9,143
da02,1706844582888267,7.0694909,0.82742131,1.0685889,10,144
da02,1706844582988170,7.070004,0.8274439,1.0695646,9,145
da02,1706844583088174,7.0761571,0.82528478,1.0719794,10,146
da02,1706844583188264,7.0577869,0.83117986,1.0784473,8,147
da02,1706844583288141,7.0601726,0.82466292,1.071692,10,148
da02,1706844583388532,7.0472703,0.83157945,1.0678829,8,149
da02,1706844583488118,7.0637321,0.82733518,1.0692945,11,150
da02,1706844583588142,7.0590568,0.83586788,1.0720243,9,151
da02,1706844583688150,7.0647407,0.84128869,1.0714064,10,152
da02,1706844583788160,7.0531311,0.836147,1.075917,7,153
da02,1706844583888154,7.0475883,0.84798968,1.0798055,8,154
da02,1706844583988248,7.0459852,0.83898443,1.0875885,7,155
da02,1706844584088136,7.045485,0.83716309,1.0821145,9,156
da02,1706844584188151,7.0467124,0.83092725,1.0811237,8,157
da02,1706844584288144,7.0624471,0.83433825,1.0755056,11,158
da02,1706844584388177,7.0663452,0.82666522,1.0737488,10,159
da02,1706844584488296,7.0645409,0.82983434,1.0726343,9,160
da02,1706844584588180,7.0674415,0.82933456,1.0647584,10,161
da02,1706844584688270,7.0582252,0.82536447,1.0682505,8,162
da02,1706844584788277,7.0546432,0.82801384,1.0755807,8,163
da02,1706844584888270,7.0530977,0.83010757,1.0693866,9,164
da02,1706844584988322,7.0513444,0.82111031,1.0742611,8,165
da02,1706844585088270,7.0501275,0.80874324,1.0724292,8,166
da02,1706844585188248,7.0588541,0.81795961,1.0730653,10,167
da02,1706844585288240,7.0567231,0.81767088,1.0709018,9,168
da02,1706844585388182,7.0589128,0.81940067,1.0663918,10,169
da02,1706844585488318,7.0624437,0.82219917,1.0655389,10,170
da02,1706844585588316,7.0509791,0.82440573,1.0788362,8,171
da02,1706844585688407,7.062911,0.82971311,1.0846409,10,172
da02,1706844585788165,7.0777159,0.83047277,1.0790002,11,173
da02,1706844585888165,7.0701094,0.82663935,1.0804861,8,174
da02,1706844585988272,7.0601773,0.82564688,1.0731705,8,175
da02,1706844586088330,7.0718703,0.82438684,1.0690542,11,176
da02,1706844586188245,7.087759,0.83431619,1.0729114,12,177
da02,1706844586288310,7.0819249,0.82434922,1.0719559,9,178
da02,1706844586388284,7.0611496,0.81928885,1.0713112,7,179
da02,1706844586489839,7.0599723,0.81828511,1.0741333,9,180
da02,1706844586588247,7.0716128,0.82443464,1.0753597,11,181
da02,1706844586688785,7.0780034,0.831244,1.0775568,10,182
da02,1706844586788313,7.0825143,0.83120143,1.0687672,11,183
da02,1706844586888322,7.0733061,0.82870704,1.0683266,9,184
da02,1706844586988266,7.0683002,0.82722014,1.0701556,9,185
da02,1706844587088272,7.0587492,0.83045441,1.0821083,8,186
da02,1706844587188395,7.0684824,0.82793409,1.0800653,10,187
da02,1706844587288528,7.0514078,0.82387608,1.0753405,7,188
da02,1706844587388316,7.0441141,0.83211255,1.0738759,8,189
da02,1706844587488336,7.056572,0.839982,1.0750939,10,190
da02,1706844587588258,7.0442872,0.8378132,1.0713689,7,191
da02,1706844587688269,7.0429955,0.8407408,1.0717099,8,192
da02,1706844587788280,7.0524826,0.83410537,1.0702763,10,193
da02,1706844587888284,7.0515928,0.82788736,1.0708438,8,194
da02,1706844587988308,7.06045,0.82295609,1.0776142,9,195
da02,1706844588088306,7.0586944,0.82066458,1.0764084,9,196
da02,1706844588188295,7.0470543,0.82215822,1.079295,8,197
da02,1706844588287396,7.0545654,0.83207172,1.0813136,10,198
da02,1706844588387383,7.0598903,0.83201689,1.0905869,9,199
da02,1706844588487412,7.0612326,0.8323245,1.0932568,9,200
da02,1706844588587377,7.0571451,0.84180373,1.0945737,8,201
da02,1706844588687416,7.0554757,0.83328545,1.0901151,8,202
da02,1706844588787396,7.0548368,0.83624691,1.0883186,9,203
da02,1706844588887434,7.0633569,0.825508,1.0831646,10,204
da02,1706844588988274,7.0657358,0.82559127,1.0929458,8,205
da02,1706844589088323,7.0603352,0.82484967,1.0892074,8,206
da02,1706844589188304,7.0675936,0.83455229,1.0830703,10,207
da02,1706844589288267,7.0615659,0.84162438,1.0851238,8,208
da02,1706844589388312,7.0652843,0.83365428,1.0764881,10,209
da02,1706844589487412,7.0634828,0.8275829,1.0749211,9,210
da02,1706844589587396,7.0600858,0.83160663,1.0744605,9,211
da02,1706844589687413,7.0488276,0.83082515,1.0688733,8,212
da02,1706844589787451,7.0518627,0.8280983,1.0685823,9,213
da02,1706844589887514,7.0625505,0.82464051,1.0746704,10,214
da02,1706844589987419,7.0621743,0.82004857,1.083244,8,215
da02,1706844590087421,7.0679684,0.8196888,1.0865766,9,216
da02,1706844590188292,7.0679955,0.824559,1.0969049,8,217
da02,1706844590288340,7.0599689,0.83372021,1.0971466,8,218
da02,1706844590388473,7.057703,0.82047331,1.0899732,8,219
da02,1706844590488614,7.0813541,0.80865312,1.081812,12,220
da02,1706844590588408,7.0667806,0.80830532,1.0861477,7,221
da02,1706844590688354,7.0630193,0.81229538,1.0824739,9,222
da02,1706844590788510,7.067832,0.815758,1.0804681,10,223
da02,1706844590888256,7.0635839,0.80814791,1.074028,9,224
da02,1706844590988286,7.0751619,0.81275129,1.0725121,11,225
da02,1706844591088430,7.0830593,0.81693083,1.0730509,11,226
da02,1706844591188616,7.0805173,0.82258469,1.0712581,10,227
da02,1706844591288391,7.0843968,0.82474673,1.060277,11,228
da02,1706844591388394,7.0774512,0.81899762,1.0685893,8,229
da02,1706844591488354,7.0630441,0.819037,1.0786654,8,230
da02,1706844591588390,7.061954,0.83084828,1.0747496,9,231
da02,1706844591688410,7.0615988,0.83482933,1.0751669,9,232
da02,1706844591788358,7.0458689,0.82939589,1.074424,7,233
da02,1706844591888393,7.0496068,0.8292982,1.0696748,9,234
da02,1706844591988390,7.0359459,0.83604306,1.0753257,8,235
da02,1706844592088394,7.0453911,0.84772646,1.0739614,10,236
da02,1706844592188365,7.0503774,0.84418315,1.0694031,10,237
da02,1706844592288422,7.0586944,0.84271371,1.065231,10,238
da02,1706844592388413,7.0491681,0.84877551,1.0736444,8,239
da02,1706844592488397,7.0639729,0.84362668,1.0674021,11,240
da02,1706844592588417,7.0638494,0.84589297,1.0724955,9,241
da02,1706844592688426,7.060843,0.8382051,1.0791119,8,242
da02,1706844592788401,7.0753746,0.83304977,1.086426,10,243
da02,1706844592888456,7.0694366,0.83204174,1.0754679,9,244
da02,1706844592988413,7.0695763,0.8312856,1.0736755,9,245
da02,1706844593088478,7.0703998,0.83332223,1.075519,9,246
da02,1706844593188413,7.0679874,0.83333129,1.0746452,9,247
da02,1706844593289035,7.0672817,0.83556455,1.0782328,9,248
da02,1706844593387476,7.0779171,0.83329332,1.0794449,11,249
da02,1706844593487503,7.08312,0.83868927,1.0744628,11,250
da02,1706844593587474,7.0829306,0.8332938,1.0775298,9,251
da02,1706844593687497,7.0770965,0.82578719,1.0839826,8,252
da02,1706844593787488,7.0695763,0.82762933,1.0818653,8,253
da02,1706844593887506,7.0631781,0.82864678,1.0778221,9,254
da02,1706844593987584,7.0729671,0.82320708,1.0830786,10,255
da02,1706844594088414,7.073781,0.82320827,1.0760111,10,256
da02,1706844594188420,7.083446,0.83344948,1.0680591,12,257
da02,1706844594288454,7.0820103,0.83166564,1.062374,10,258
da02,1706844594388431,7.0808611,0.8347708,1.0633365,10,259
da02,1706844594488450,7.0803347,0.84010696,1.062423,10,260
da02,1706844594588554,7.0772848,0.8421545,1.0681018,9,261
da02,1706844594688448,7.0697327,0.83881629,1.0657997,9,262
da02,1706844594788421,7.0714054,0.83152252,1.0657697,10,263
da02,1706844594888426,7.0607333,0.83189517,1.0655993,8,264
da02,1706844594988441,7.056531,0.83177722,1.0770378,8,265
da02,1706844595088465,7.0626707,0.82513732,1.0735706,10,266
da02,1706844595188662,7.073019,0.82139289,1.0662003,11,267
da02,1706844595288506,7.0850768,0.813364,1.0643777,11,268
da02,1706844595388658,7.0806761,0.80905116,1.0604501,10,269
da02,1706844595488477,7.0750451,0.80800742,1.062542,9,270
da02,1706844595587794,7.070292,0.81540066,1.0731738,8,271
da02,1706844595687892,7.0629587,0.8179006,1.0837023,7,272
da02,1706844595787497,7.0720115,0.82047081,1.0717059,11,273
da02,1706844595887504,7.0837555,0.82544845,1.0637896,12,274
da02,1706844595987544,7.0788355,0.82333839,1.0630811,9,275
da02,1706844596087516,7.0812082,0.8225342,1.0739192,9,276
da02,1706844596187497,7.0846071,0.81597477,1.0810456,9,277
da02,1706844596288454,7.0817451,0.81736326,1.0795971,9,278
da02,1706844596388465,7.0646739,0.82266241,1.0838308,8,279
da02,1706844596488569,7.0552688,0.82780343,1.0864478,8,280
da02,1706844596588601,7.0570803,0.82545561,1.0828114,9,281
da02,1706844596688431,7.0550408,0.8214255,1.07646,9,282
da02,1706844596788498,7.0614586,0.82308626,1.0635843,11,283
da02,1706844596888465,7.0547681,0.82744384,1.0654333,8,284
da02,1706844596988416,7.0613208,0.82185578,1.0724292,9,285
da02,1706844597088418,7.0557294,0.80776477,1.072363,8,286
da02,1706844597188344,7.0664935,0.8172518,1.0759887,10,287
da02,1706844597288315,7.0601468,0.81820256,1.077834,8,288
da02,1706844597388296,7.0637383,0.8220427,1.07553,10,289
da02,1706844597488308,7.0702362,0.82569242,1.078173,10,290
da02,1706844597588356,7.0588126,0.82184893,1.0810151,7,291
da02,1706844597688312,7.0742221,0.82604289,1.0793678,11,292
da02,1706844597788332,7.0723424,0.82972407,1.0828238,9,293
da02,1706844597888350,7.0818048,0.81992722,1.0876178,10,294
da02,1706844597988352,7.08076,0.8203119,1.0918306,9,295
da02,1706844598088344,7.0800266,0.81960583,1.0757294,10,296
da02,1706844598188364,7.0825071,0.82167983,1.0700319,10,297
da02,1706844598288324,7.0633106,0.82670718,1.0672559,8,298
da02,1706844598388383,7.0555124,0.82304209,1.0673751,8,299
da02,1706844598488308,7.0460076,0.83477557,1.0731624,8,300
da02,1706844598588337,7.0474534,0.831004,1.076171,8,301
da02,1706844598688352,7.06065,0.83656329,1.0768449,10,302
da02,1706844598788328,7.0552154,0.84311587,1.0807538,8,303
da02,1706844598888366,7.0425677,0.85843259,1.0767998,8,304
da02,1706844598988364,7.0502167,0.84580892,1.0867233,8,305
da02,1706844599088348,7.0635829,0.84133255,1.0850271,10,306
da02,1706844599188325,7.0555005,0.84739709,1.0889227,8,307
da02,1706844599288328,7.06183,0.841368,1.0801173,10,308
da02,1706844599388268,7.060801,0.83897221,1.0794301,9,309
da02,1706844599488370,7.0635052,0.83504915,1.069778,10,310
da02,1706844599588350,7.0670528,0.8271696,1.0846168,8,311
da02,1706844599688316,7.0757174,0.83560824,1.0773977,11,312
da02,1706844599788304,7.0789366,0.83066684,1.0729431,10,313
da02,1706844599888391,7.0716844,0.83275104,1.0802203,8,314
da02,1706844599988272,7.0694385,0.82578063,1.0808673,9,315
da02,1706844600088358,7.06743,0.81757432,1.0754813,9,316
da02,1706844600188290,7.0711403,0.81971723,1.0752236,10,317
da02,1706844600288286,7.06618,0.82756352,1.0764741,9,318
da02,1706844600388286,7.0519743,0.82250732,1.0716715,7,319
da02,1706844600488333,7.0431161,0.82579476,1.0761607,8,320
da02,1706844600588306,7.0471916,0.82470274,1.0730003,9,321
da02,1706844600688335,7.0574536,0.82815945,1.0638815,11,322
da02,1706844600788274,7.0512705,0.83825487,1.0744935,8,323
da02,1706844600888276,7.0549335,0.82704067,1.0591291,10,324
da02,1706844600988320,7.0762858,0.83186644,1.0637237,12,325
da02,1706844601088482,7.0639358,0.83593065,1.0603167,8,326
da02,1706844601188438,7.0604744,0.83333153,1.0734599,8,327
da02,1706844601288602,7.0593796,0.83443987,1.0737536,9,328
da02,1706844601388467,7.0566139,0.83716506,1.0687435,9,329
da02,1706844601488508,7.0702286,0.8397283,1.0714211,11,330
da02,1706844601588510,7.0724759,0.8359406,1.0735066,9,331
da02,1706844601688445,7.061543,0.83412558,1.0672483,8,332
da02,1706844601788475,7.0639973,0.83468604,1.0730804,9,333
da02,1706844601890091,7.0562649,0.8376404,1.0718776,8,334
da02,1706844601988495,7.0558143,0.83913743,1.0756881,9,335
da02,1706844602088468,7.0606,0.83104414,1.0680152,10,336
da02,1706844602188400,7.0673018,0.822002,1.0631201,10,337
da02,1706844602288462,7.0675144,0.82864231,1.0610347,10,338
da02,1706844602388410,7.0697274,0.82504082,1.0587714,10,339
da02,1706844602488416,7.069407,0.8264122,1.0601051,9,340
da02,1706844602588423,7.0672064,0.83041835,1.0600213,9,341
da02,1706844602688406,7.0689473,0.83225507,1.0777515,8,342
da02,1706844602788395,7.0647488,0.82350212,1.0778476,8,343
da02,1706844602888516,7.0595355,0.82661706,1.0827785,8,344
da02,1706844602988439,7.0637836,0.82010818,1.0815835,9,345
da02,1706844603088498,7.0699863,0.81904173,1.0760825,10,346
da02,1706844603188455,7.0787754,0.82200235,1.0784602,10,347
da02,1706844603288453,7.0891461,0.83068722,1.0713656,12,348
da02,1706844603388496,7.090281,0.8433997,1.070935,11,349
da02,1706844603488512,7.0898814,0.83541626,1.0639757,10,350
da02,1706844603588453,7.0868549,0.8319872,1.0627321,10,351
da02,1706844603688466,7.0769744,0.82673705,1.0565767,9,352
da02,1706844603788467,7.0745335,0.82240939,1.0632004,9,353
da02,1706844603888555,7.0742989,0.81545323,1.0641066,9,354
da02,1706844603988458,7.0636063,0.82251894,1.0599389,9,355
da02,1706844604088466,7.0622897,0.81471831,1.0649005,8,356
da02,1706844604188454,7.0584865,0.81823915,1.0633987,9,357
da02,1706844604289120,7.0641627,0.81271809,1.066422,9,358
da02,1706844604388563,7.0513844,0.82375443,1.0639921,8,359
da02,1706844604488502,7.06126,0.83332044,1.0690036,10,360
da02,1706844604588474,7.0546293,0.8328023,1.0840203,8,361
da02,1706844604688469,7.0462279,0.8346504,1.0854808,8,362
da02,1706844604788504,7.0528207,0.84037906,1.078263,10,363
da02,1706844604888476,7.0400286,0.83502406,1.0833633,8,364
da02,1706844604988469,7.0370741,0.84234113,1.0813842,8,365
da02,1706844605088466,7.0418468,0.84011012,1.0755414,9,366
da02,1706844605188502,7.0508223,0.83548188,1.0751883,10,367
da02,1706844605288501,7.0449653,0.83079636,1.0664023,8,368
da02,1706844605388486,7.0579934,0.83827442,1.0677925,11,369
da02,1706844605488489,7.0522051,0.836597,1.0678612,8,370
da02,1706844605588545,7.0606308,0.84867644,1.0589013,11,371
da02,1706844605688532,7.0810776,0.83538723,1.0682131,11,372
da02,1706844605788662,7.0771718,0.83263361,1.0719491,9,373
da02,1706844605888587,7.0741944,0.8339504,1.0720454,9,374
da02,1706844605988685,7.0823832,0.83061451,1.0682105,11,375
da02,1706844606088711,7.0903592,0.82622039,1.0819464,10,376
da02,1706844606188546,7.0776095,0.82750446,1.0895995,7,377
da02,1706844606288932,7.0673728,0.82361531,1.0914283,7,378
da02,1706844606388548,7.0729804,0.82696283,1.0787498,11,379
da02,1706844606488534,7.0761766,0.81701505,1.0845263,9,380
da02,1706844606588519,7.0746837,0.81549352,1.0866176,9,381
da02,1706844606688555,7.0635729,0.81942606,1.0937127,8,382
da02,1706844606788549,7.0646644,0.83002073,1.0888885,9,383
da02,1706844606888530,7.2401652,0.65823597,1.4953654,72,384
da02,1706844606988548,7.1972485,0.70016211,1.3909791,9,385
da02,1706844607088544,7.1628609,0.72601634,1.303933,9,386
da02,1706844607188535,7.1189923,0.75820655,1.2488791,8,387
da02,1706844607288536,7.1048131,0.77433228,1.2163936,8,388
da02,1706844607388644,7.0970912,0.79814941,1.1748236,10,389
da02,1706844607488334,7.0853367,0.806128,1.1558951,8,390
da02,1706844607588435,7.0626397,0.80219275,1.1411493,7,391
da02,1706844607688383,7.0628858,0.81258553,1.1270623,9,392
da02,1706844607788376,7.0819016,0.81916595,1.1128873,12,393
da02,1706844607888529,7.0840397,0.81232309,1.1026424,10,394
da02,1706844607988536,7.07976,0.81608075,1.0991818,9,395
da02,1706844608088531,7.0877914,0.812766,1.0831449,11,396
da02,1706844608188533,7.0927629,0.80347729,1.0731027,11,397
da02,1706844608288590,7.0947146,0.81147957,1.0692919,11,398
da02,1706844608388522,7.102067,0.8108719,1.0592543,12,399
da02,1706844608488532,7.094563,0.80717576,1.0600975,9,400
da02,1706844608588541,7.0788789,0.81287831,1.0634359,8,401
da02,1706844608688557,7.0830774,0.82298261,1.0637734,11,402
da02,1706844608788596,7.0764217,0.82110655,1.0609074,9,403
da02,1706844608888683,7.0855918,0.81834531,1.0674845,10,404
da02,1706844608988515,7.0755186,0.82469696,1.0653787,9,405
da02,1706844609088509,7.0698509,0.83095419,1.0663346,9,406
da02,1706844609188550,7.0609269,0.84119624,1.066301,9,407
da02,1706844609288516,7.0550585,0.84481466,1.0634334,9,408
da02,1706844609388788,7.0586772,0.8475408,1.0706558,9,409
da02,1706844609488564,7.0531974,0.83753788,1.0730658,8,410
da02,1706844609588534,7.0590863,0.82379031,1.0766983,9,411
da02,1706844609688525,7.0624766,0.831161,1.0675211,10,412
da02,1706844609788528,7.0632453,0.82836723,1.0672827,9,413
da02,1706844609888942,7.0638766,0.82290488,1.0660459,9,414
da02,1706844609988538,7.0534329,0.83254415,1.0634711,8,415
da02,1706844610088511,7.0552263,0.83498418,1.0663396,9,416
da02,1706844610188544,7.048202,0.83252996,1.0871556,8,417
da02,1706844610288673,7.0446033,0.82476497,1.0864377,8,418
da02,1706844610388660,7.0369406,0.82039577,1.0826293,7,419
da02,1706844610488566,7.0341816,0.81973028,1.0899335,8,420
da02,1706844610588542,7.0462995,0.81458682,1.0877213,9,421
da02,1706844610688580,7.0460715,0.82069653,1.0877906,8,422
da02,1706844610789062,7.0498495,0.8171621,1.0779351,9,423
da02,1706844610888553,7.0555487,0.82618988,1.0684488,10,424
da02,1706844610988551,7.0606585,0.82877529,1.069903,10,425
da02,1706844611088520,7.0496597,0.828286,1.070298,7,426
da02,1706844611188530,7.0508881,0.82986522,1.0775727,8,427
da02,1706844611288545,7.0517535,0.83453089,1.0689404,10,428
da02,1706844611388596,7.049706,0.8393321,1.0814126,8,429
da02,1706844611488414,7.0545831,0.82482529,1.065743,10,430
da02,1706844611588444,7.0652118,0.83383262,1.0635092,11,431
da02,1706844611688386,7.0653987,0.82022107,1.0762798,8,432
da02,1706844611788468,7.06262,0.82828039,1.0835476,8,433
da02,1706844611888466,7.0717115,0.83042938,1.0798552,11,434
da02,1706844611988408,7.072803,0.8308658,1.0743092,10,435
da02,1706844612088390,7.0609469,0.83551842,1.0710121,8,436
da02,1706844612188427,7.0612683,0.8357507,1.0688843,9,437
da02,1706844612288866,7.0622244,0.83849537,1.0742826,9,438
da02,1706844612388330,7.0639153,0.85177,1.074235,10,439
da02,1706844612488324,7.0576987,0.85232472,1.074231,8,440
da02,1706844612588356,7.0518217,0.85718209,1.0760373,8,441
da02,1706844612688388,7.0544224,0.85196829,1.0764456,9,442
da02,1706844612788376,7.0528779,0.85142928,1.0711293,9,443
da02,1706844612888349,7.0468793,0.8445307,1.0765023,7,444
da02,1706844612988354,7.0602536,0.8422038,1.0832022,10,445
da02,1706844613088344,7.0594206,0.85186249,1.0858729,9,446
da02,1706844613188352,7.0594354,0.843163,1.0761492,9,447
da02,1706844613288354,7.0414529,0.84167874,1.0689378,8,448
da02,1706844613388430,7.0525169,0.83263713,1.0596881,11,449
da02,1706844613488374,7.0608888,0.819023,1.0657665,9,450
da02,1706844613588346,7.0743675,0.81765485,1.0537144,12,451
da02,1706844613688349,7.0694637,0.81967539,1.0606042,9,452
da02,1706844613788346,7.0850883,0.8140046,1.0576544,12,453
da02,1706844613888351,7.086122,0.82746762,1.0673845,10,454
da02,1706844613988364,7.06788,0.83473575,1.0723419,8,455
da02,1706844614088422,7.0772128,0.83379412,1.071872,11,456
da02,1706844614188416,7.0666561,0.830996,1.0702018,8,457
da02,1706844614288536,7.0562367,0.81909853,1.0691575,8,458
da02,1706844614388408,7.0543537,0.82002473,1.0672798,9,459
da02,1706844614488418,7.0422931,0.82091832,1.0713551,8,460
da02,1706844614588442,7.0568261,0.82679671,1.0687084,11,461
da02,1706844614688446,7.047255,0.82084084,1.0648838,8,462
da02,1706844614788474,7.0551553,0.82736415,1.0704309,9,463
da02,1706844614888498,7.0669565,0.82451296,1.070683,10,464
da02,1706844614988462,7.0485616,0.83391315,1.0792513,8,465
da02,1706844615088442,7.0526814,0.83596557,1.089308,8,466
da02,1706844615188439,7.0536804,0.82744586,1.0827888,9,467
da02,1706844615289055,7.0600476,0.8255806,1.0892608,9,468
da02,1706844615388474,7.0506482,0.83003962,1.0832055,8,469
da02,1706844615488464,7.0493326,0.83228612,1.0844038,8,470
da02,1706844615588414,7.0648713,0.82484764,1.090909,10,471
da02,1706844615688433,7.0608606,0.82204634,1.0904661,8,472
da02,1706844615788456,7.0711989,0.821628,1.0898463,10,473
da02,1706844615888454,7.0671058,0.82153517,1.0873435,9,474
da02,1706844615988445,7.0774708,0.81752777,1.0872235,10,475
da02,1706844616088427,7.0767221,0.81588531,1.0997617,8,476
da02,1706844616188431,7.07897,0.81209368,1.0937645,10,477
da02,1706844616288463,7.072752,0.82562375,1.0863624,9,478
da02,1706844616388450,7.06322,0.8304649,1.0828841,8,479
da02,1706844616488428,7.0697212,0.8409912,1.0790825,10,480
da02,1706844616588432,7.0668807,0.85181427,1.0727806,10,481
da02,1706844616688415,7.0717421,0.85441923,1.0682808,11,482
da02,1706844616788440,7.08858,0.84830481,1.0680771,12,483
da02,1706844616888518,7.0948281,0.82974946,1.0738676,10,484
da02,1706844616988473,7.0874667,0.82952464,1.0765514,9,485
da02,1706844617088447,7.074923,0.83932674,1.0798683,8,486
da02,1706844617188478,7.0687933,0.83257395,1.0756508,9,487
da02,1706844617290155,7.0717292,0.83355647,1.0788182,9,488
da02,1706844617388535,7.0618443,0.82705593,1.075695,8,489
da02,1706844617488470,7.0638075,0.83085412,1.0825388,9,490
da02,1706844617588481,7.063273,0.84015626,1.0725297,10,491
da02,1706844617688512,7.0610695,0.84108895,1.0685809,9,492
da02,1706844617788500,7.0724168,0.84151632,1.074986,10,493
da02,1706844617888512,7.0748477,0.83763933,1.082438,9,494
da02,1706844617988511,7.0633335,0.83536273,1.0777396,8,495
da02,1706844618088434,7.0637975,0.83711517,1.0767545,9,496
da02,1706844618188469,7.0585313,0.83162659,1.0753031,8,497
da02,1706844618288576,7.0522375,0.83086991,1.072088,8,498
da02,1706844618388438,7.0511475,0.81798279,1.0649745,9,499
da02,1706844618488429,7.061758,0.81070185,1.0650418,10,500
da02,1706844618588448,7.0535707,0.81179488,1.063623,8,501
da02,1706844618688452,7.0572448,0.81879145,1.0569019,10,502
da02,1706844618788440,7.05851,0.8220861,1.0579398,9,503
da02,1706844618888435,7.0481992,0.81425923,1.0623043,7,504
da02,1706844618988442,7.0628552,0.81694245,1.065035,11,505
da02,1706844619088596,7.0611787,0.82100403,1.0708691,9,506
da02,1706844619188448,7.0584664,0.81995422,1.0692546,9,507
da02,1706844619288444,7.0408597,0.81858569,1.0695844,8,508
da02,1706844619388494,7.0584855,0.82132411,1.0705907,11,509
da02,1706844619488511,7.0745735,0.81067711,1.0718048,11,510
da02,1706844619588501,7.0804782,0.80523992,1.0698948,10,511
da02,1706844619688463,7.08355,0.81367618,1.0537575,12,512
da02,1706844619788407,7.0674129,0.82420886,1.0476329,9,513
da02,1706844619888564,7.0643229,0.82012933,1.0508332,9,514
da02,1706844619988506,7.0601826,0.83429062,1.0503647,9,515
da02,1706844620088455,7.0596166,0.83036441,1.0484719,9,516
da02,1706844620188448,7.0614357,0.83078283,1.0513331,10,517
da02,1706844620288804,7.0647335,0.82921439,1.0587209,9,518
da02,1706844620388449,7.0684204,0.82474279,1.0553613,10,519
da02,1706844620488454,7.0803638,0.82259929,1.0585897,11,520
da02,1706844620588461,7.0711894,0.82938564,1.0580298,9,521
da02,1706844620688898,7.0689664,0.83000243,1.0625761,9,522
da02,1706844620788450,7.0638475,0.83037442,1.0744714,8,523
da02,1706844620888565,7.0557675,0.83370984,1.0677124,9,524
da02,1706844620988462,7.064621,0.8340537,1.077158,9,525
da02,1706844621088475,7.0595527,0.8278572,1.0725124,9,526
da02,1706844621188485,7.0735912,0.8339445,1.0667936,12,527
da02,1706844621288540,7.0758967,0.82418758,1.0587157,10,528
da02,1706844621388479,7.0827031,0.83522195,1.0597699,11,529
da02,1706844621488479,7.0669107,0.83567822,1.0735184,8,530
da02,1706844621588484,7.0552154,0.82709628,1.0733274,7,531
da02,1706844621688433,7.0582538,0.81929862,1.0784987,9,532
da02,1706844621788483,7.0433273,0.81890297,1.0734756,7,533
da02,1706844621888476,7.0479994,0.82664263,1.0718305,9,534
da02,1706844621988546,7.0393806,0.82848293,1.0814595,8,535
da02,1706844622088547,7.0540404,0.82198834,1.0744015,11,536
da02,1706844622188541,7.0614133,0.82598835,1.0803497,9,537
da02,1706844622288598,7.0561314,0.83700758,1.0890214,8,538
da02,1706844622388578,7.0593042,0.82748413,1.0916705,8,539
da02,1706844622488527,7.0501356,0.82919568,1.0880864,8,540
da02,1706844622588592,7.0577326,0.82875985,1.0950145,9,541
da02,1706844622688476,7.0665345,0.82774788,1.0941609,10,542
da02,1706844622788475,7.0766563,0.82484096,1.0844437,11,543
da02,1706844622888566,7.0648475,0.83985019,1.0889862,8,544
da02,1706844622988495,7.0752149,0.8439551,1.0876126,11,545
da02,1706844623088465,7.0777111,0.84216392,1.0799361,10,546
da02,1706844623188506,7.0724187,0.83318275,1.0836865,8,547
da02,1706844623288464,7.0691466,0.83133823,1.0827931,9,548
da02,1706844623388526,7.0685072,0.8360247,1.0747434,10,549
da02,1706844623488512,7.0540748,0.82854581,1.0638456,8,550
da02,1706844623588536,7.0446005,0.83587831,1.0759853,8,551
da02,1706844623688454,7.0539966,0.83116663,1.0862629,9,552
da02,1706844623788528,7.052331,0.8248927,1.0928241,7,553
da02,1706844623888553,7.0622277,0.81736934,1.0889913,10,554
da02,1706844623988489,7.0625949,0.82285094,1.0875756,9,555
da02,1706844624088555,7.0729284,0.82195717,1.073642,11,556
da02,1706844624188531,7.0657115,0.82324409,1.0750898,8,557
da02,1706844624288559,7.060576,0.83053851,1.0794312,8,558
da02,1706844624388500,7.0652294,0.83022362,1.0723073,10,559
da02,1706844624488506,7.0673819,0.81679636,1.0733472,9,560
da02,1706844624588499,7.075418,0.813996,1.0659504,11,561
da02,1706844624688575,7.0851722,0.81713438,1.0699694,11,562
da02,1706844624788484,7.0668883,0.82065886,1.0710188,8,563
da02,1706844624888503,7.066185,0.8197462,1.068503,9,564
da02,1706844624988516,7.0618329,0.81938887,1.0664333,9,565
da02,1706844625088532,7.054389,0.81750047,1.0781673,7,566
da02,1706844625188494,7.0560279,0.81808156,1.079343,9,567
da02,1706844625288530,7.0609918,0.82265222,1.0856699,9,568
da02,1706844625388602,7.0551214,0.83083004,1.0855716,8,569
da02,1706844625488555,7.0607839,0.82738227,1.0861412,9,570
da02,1706844625588522,7.0711722,0.82567096,1.0790468,11,571
da02,1706844625688548,7.06901,0.8238833,1.0734766,9,572
da02,1706844625788505,7.0666275,0.8221786,1.066852,9,573
da02,1706844625888510,7.0698657,0.81717056,1.0683087,9,574
da02,1706844625988545,7.0707254,0.81601769,1.0693332,9,575
da02,1706844626088523,7.065568,0.81961012,1.0653863,9,576
da02,1706844626188512,7.0594897,0.81775284,1.0653764,8,577
da02,1706844626289120,7.0511174,0.81668764,1.0652213,8,578
da02,1706844626388494,7.0634804,0.82138729,1.063381,11,579
da02,1706844626488515,7.0708804,0.82111645,1.0662907,10,580
da02,1706844626588530,7.068275,0.82868153,1.0653954,9,581
da02,1706844626688511,7.0798278,0.82931578,1.0623624,11,582
da02,1706844626788506,7.0755196,0.82549465,1.0606104,9,583
da02,1706844626888610,7.0710506,0.82818574,1.065164,9,584
da02,1706844626988545,7.0752912,0.83405143,1.0666621,10,585
da02,1706844627088570,7.0594225,0.8334707,1.0571499,8,586
da02,1706844627188575,7.0738912,0.83548462,1.0631469,11,587
da02,1706844627288552,7.0596075,0.83214831,1.0724883,8,588
da02,1706844627388546,7.0526443,0.83272713,1.0730921,8,589
da02,1706844627488617,7.0562582,0.8291654,1.0725092,9,590
da02,1706844627588616,7.0626788,0.83406633,1.0672418,10,591
da02,1706844627688619,7.0709815,0.83552247,1.0655266,11,592
da02,1706844627788545,7.0743747,0.84470075,1.0739493,10,593
da02,1706844627888640,7.0605378,0.85058635,1.0868096,8,594
da02,1706844627988550,7.0571351,0.84732121,1.0881546,8,595
da02,1706844628088755,7.0619435,0.83905005,1.0791112,10,596
da02,1706844628188598,7.0655169,0.83392066,1.0802456,9,597
da02,1706844628288688,7.0622711,0.84226853,1.0866139,8,598
da02,1706844628388745,7.0578041,0.83285129,1.0868322,8,599
da02,1706844628488642,7.0707312,0.8345952,1.0907798,10,600
da02,1706844628588593,7.0639358,0.84057611,1.0867167,9,601
da02,1706844628688599,7.0646181,0.84176576,1.0849034,9,602
da02,1706844628788574,7.0660181,0.83524507,1.0759039,10,603
da02,1706844628888553,7.0683661,0.84448844,1.078482,10,604
da02,1706844628988568,7.0653882,0.83723593,1.0719389,9,605
da02,1706844629088603,7.057652,0.84144652,1.0690031,9,606
da02,1706844629188549,7.0641737,0.83836579,1.0717756,10,607
da02,1706844629288581,7.0557532,0.83328635,1.070073,8,608
da02,1706844629388573,7.0509071,0.83251107,1.0668222,8,609
da02,1706844629488640,7.0562148,0.82230258,1.0616617,10,610
da02,1706844629588550,7.0515161,0.83171862,1.0641301,8,611
da02,1706844629688597,7.0518851,0.83395475,1.0684611,9,612
da02,1706844629788618,7.0557251,0.82784224,1.0683286,9,613
da02,1706844629888638,7.0629315,0.84011948,1.068821,10,614
da02,1706844629988657,7.0577512,0.84174907,1.0680876,9,615
da02,1706844630088594,7.075284,0.84702772,1.0623986,12,616
da02,1706844630188574,7.0704856,0.84129554,1.0795919,8,617
da02,1706844630288696,7.0576358,0.84701151,1.0791665,8,618
da02,1706844630388546,7.0695853,0.83850104,1.0793384,10,619
da02,1706844630488538,7.077404,0.8332656,1.0725411,11,620
da02,1706844630588526,7.080193,0.82774985,1.0765064,10,621
da02,1706844630688784,7.0779767,0.83111417,1.0690179,10,622
da02,1706844630788531,7.0740566,0.83129883,1.0708172,9,623
da02,1706844630888582,7.0720034,0.82397985,1.0683488,9,624
da02,1706844630988563,7.0665231,0.823243,1.0829343,7,625
da02,1706844631088571,7.0594325,0.82120574,1.0802349,8,626
da02,1706844631188532,7.06063,0.817911,1.0747119,9,627
da02,1706844631288571,7.0641694,0.81618255,1.0789727,9,628
da02,1706844631388535,7.078126,0.80418289,1.0749789,11,629
da02,1706844631488631,7.0810637,0.81123263,1.0698274,10,630
da02,1706844631588620,7.0863814,0.81014645,1.0770826,10,631
da02,1706844631688584,7.0915961,0.80827087,1.0705886,11,632
da02,1706844631788533,7.0881577,0.80820948,1.0779829,9,633
da02,1706844631888574,7.0836544,0.81120014,1.0710661,10,634
da02,1706844631988550,7.0710487,0.81775725,1.0734366,8,635
da02,1706844632088574,7.0807605,0.81995827,1.0720686,11,636
da02,1706844632188547,7.078156,0.81667614,1.0618126,10,637
da02,1706844632288619,7.0731878,0.81153077,1.0553253,9,638
da02,1706844632388551,7.0637283,0.8086831,1.056033,8,639
da02,1706844632488580,7.0775056,0.81766045,1.0599455,11,640
da02,1706844632588541,7.0713549,0.82138318,1.045691,10,641
da02,1706844632690198,7.0684071,0.81915021,1.0494399,9,642
da02,1706844632788564,7.0787606,0.8221224,1.054431,11,643
da02,1706844632888568,7.093513,0.821097,1.0555667,12,644
da02,1706844632988602,7.0849781,0.82124913,1.0499976,10,645
da02,1706844633088599,7.095108,0.82003713,1.0502869,12,646
da02,1706844633188566,7.090775,0.8204847,1.0486902,10,647
da02,1706844633288586,7.0781054,0.83624053,1.0626103,8,648
da02,1706844633388602,7.0731506,0.82499921,1.0706912,8,649
da02,1706844633488693,7.0738821,0.82679319,1.0674362,10,650
da02,1706844633588617,7.0801115,0.83269787,1.0650871,11,651
da02,1706844633688671,7.0644732,0.81769633,1.0700938,7,652
da02,1706844633788610,7.0624504,0.81826407,1.0660008,9,653
da02,1706844633888775,7.0590153,0.81708705,1.0793957,7,654
da02,1706844633988637,7.0518355,0.8416121,1.073694,9,655
da02,1706844634088612,7.0706372,0.83040482,1.0790137,11,656
da02,1706844634188555,7.0725307,0.82148808,1.0719175,10,657
da02,1706844634288666,7.0718389,0.82679892,1.0645303,10,658
da02,1706844634388567,7.0703039,0.82287967,1.0605547,10,659
da02,1706844634488626,7.0615835,0.81606942,1.0596101,8,660
da02,1706844634588698,7.0511456,0.81582177,1.0563656,8,661
da02,1706844634688610,7.0582261,0.81473261,1.0498294,10,662
da02,1706844634788571,7.0696311,0.81695634,1.0494481,11,663
da02,1706844634888644,7.0624642,0.82024717,1.0548509,8,664
da02,1706844634988590,7.0700312,0.82134593,1.0716335,9,665
da02,1706844635088690,7.0752707,0.83051383,1.0629966,11,666
da02,1706844635188578,7.0801983,0.82197577,1.065297,10,667
da02,1706844635288607,7.065505,0.81977874,1.0768833,8,668
da02,1706844635388566,7.0567913,0.81707531,1.0769902,8,669
da02,1706844635488717,7.0631642,0.819441,1.0650284,11,670
da02,1706844635588643,7.0633721,0.81998622,1.0605849,10,671
da02,1706844635688651,7.053349,0.813436,1.0691714,7,672
da02,1706844635788564,7.0593109,0.82448536,1.0657523,10,673
da02,1706844635888616,7.0584531,0.83115655,1.069079,9,674
da02,1706844635988653,7.064805,0.82958359,1.0639118,10,675
da02,1706844636088606,7.0511007,0.83712149,1.063834,8,676
da02,1706844636188559,7.0491419,0.84688914,1.0718448,8,677
da02,1706844636288644,7.0610175,0.85701734,1.0741636,11,678
da02,1706844636388561,7.0526533,0.84573418,1.076655,7,679
da02,1706844636488606,7.0684891,0.84287947,1.0684482,12,680
da02,1706844636588609,7.0649924,0.84192735,1.0765542,8,681
da02,1706844636688642,7.0745559,0.8451215,1.0796072,10,682
da02,1706844636788662,7.0585456,0.84199679,1.0810127,8,683
da02,1706844636888594,7.0625939,0.83655775,1.0730593,10,684
da02,1706844636988600,7.0626068,0.82862318,1.0792882,8,685
da02,1706844637088648,7.0692024,0.81866485,1.0760492,10,686
da02,1706844637188543,7.0609756,0.822665,1.071665,8,687
da02,1706844637289113,7.0563025,0.82754028,1.0698535,9,688
da02,1706844637388546,7.0605516,0.8238861,1.0591735,10,689
da02,1706844637488662,7.0526462,0.82273644,1.0709851,7,690
da02,1706844637588566,7.0610828,0.83145732,1.0703512,10,691
da02,1706844637688644,7.0551414,0.81645894,1.073871,7,692
da02,1706844637788546,7.052381,0.81806207,1.0673217,9,693
da02,1706844637888607,7.0368996,0.82756877,1.0777187,8,694
da02,1706844637988575,7.0328941,0.8329587,1.0814976,8,695
da02,1706844638088608,7.0406952,0.8266744,1.0870225,8,696
da02,1706844638188572,7.0384059,0.83197522,1.0850954,8,697
da02,1706844638288693,7.04242,0.83488852,1.0856014,9,698
da02,1706844638388646,7.0581865,0.83064258,1.0694536,12,699
da02,1706844638488636,7.0656252,0.83700973,1.0702512,10,700
da02,1706844638588642,7.0590897,0.8345452,1.0690467,8,701
da02,1706844638688664,7.0553327,0.83268517,1.0716432,8,702
da02,1706844638788556,7.0531626,0.83838826,1.0744563,8,703
da02,1706844638888618,7.0521994,0.84859145,1.0809484,8,704
da02,1706844638988693,7.0592952,0.84559363,1.0789986,10,705
da02,1706844639088676,7.0630918,0.84256041,1.0801947,9,706
da02,1706844639188959,7.0717149,0.83927792,1.0755678,11,707
da02,1706844639288641,7.0735111,0.841254,1.0708587,10,708
da02,1706844639388606,7.07684,0.83864069,1.0680585,10,709
da02,1706844639488699,7.0640473,0.83687365,1.0648659,8,710
da02,1706844639588601,7.0641088,0.82853818,1.0628369,9,711
da02,1706844639688638,7.0564394,0.82743281,1.0623798,8,712
da02,1706844639788578,7.1950769,0.69824189,1.4070421,71,713
da02,1706844639888614,7.1495962,0.73781645,1.3270853,8,714
da02,1706844639988590,7.2654672,0.7643261,1.2524135,67,715
da02,1706844640088640,7.2145987,0.78451669,1.2170786,8,716
da02,1706844640188589,7.1724381,0.7880317,1.1891768,8,717
da02,1706844640288708,7.141726,0.80644554,1.1578366,9,718
da02,1706844640388565,7.1154656,0.80786258,1.1350112,8,719
da02,1706844640488657,7.1068172,0.81056827,1.1181065,10,720
da02,1706844640588572,7.0975323,0.81962556,1.1109132,9,721
da02,1706844640688622,7.08353,0.83645236,1.0992452,9,722
da02,1706844640788581,7.0915513,0.84032691,1.0944057,11,723
da02,1706844640888628,7.0799932,0.84114778,1.0893676,9,724
da02,1706844640988608,7.0851655,0.83632666,1.0879704,10,725
da02,1706844641088890,7.0787539,0.83042449,1.0736004,10,726
da02,1706844641188620,7.0772829,0.83267635,1.0754626,9,727
da02,1706844641288662,7.0825639,0.84264797,1.0767716,11,728
da02,1706844641388575,7.07274,0.8267504,1.0801144,8,729
da02,1706844641488682,7.0720682,0.82626379,1.0692446,10,730
da02,1706844641588595,7.060986,0.81934911,1.0643348,8,731
da02,1706844641688694,7.0662346,0.82552111,1.0683206,10,732
da02,1706844641788596,7.0759983,0.824624,1.0719169,10,733
da02,1706844641888651,7.0735989,0.80994225,1.0702327,9,734
da02,1706844641988609,7.0756836,0.8196125,1.0693207,10,735
da02,1706844642088648,7.0800653,0.81527519,1.0768945,9,736
da02,1706844642188594,7.0749397,0.81456923,1.0728426,9,737
da02,1706844642288685,7.0712209,0.80618775,1.0636321,9,738
da02,1706844642388618,7.0566673,0.79781032,1.0655229,7,739
da02,1706844642488636,7.0590935,0.81422782,1.0629025,10,740
da02,1706844642588590,7.0567451,0.82283449,1.0544416,10,741
da02,1706844642688642,7.0573049,0.82919627,1.0588888,9,742
da02,1706844642788644,7.0477362,0.81583577,1.0630404,7,743
da02,1706844642888637,7.0511932,0.83107215,1.0624564,10,744
da02,1706844642988591,7.0462613,0.83638984,1.0670428,8,745
da02,1706844643088647,7.0475349,0.838924,1.0737742,8,746
da02,1706844643188602,7.0459085,0.83329922,1.0872416,7,747
da02,1706844643288658,7.0464625,0.83962095,1.0837685,9,748
da02,1706844643388627,7.0442605,0.84132457,1.0833999,8,749
da02,1706844643488766,7.0554552,0.82826424,1.0678571,11,750
da02,1706844643588644,7.0683188,0.82753789,1.0578946,12,751
da02,1706844643688640,7.0682011,0.83718568,1.0662097,9,752
da02,1706844643788599,7.0771775,0.827003,1.070941,10,753
da02,1706844643888638,7.080255,0.83390355,1.0724156,10,754
da02,1706844643988590,7.0781245,0.82778805,1.0785854,9,755
da02,1706844644088638,7.0639133,0.82637739,1.0875742,8,756
da02,1706844644188604,7.0684552,0.82970393,1.0815938,10,757
da02,1706844644288724,7.065021,0.8286922,1.0853139,8,758
da02,1706844644388604,7.0780673,0.83188176,1.0880581,11,759
da02,1706844644488795,7.0709882,0.83706421,1.0850533,9,760
da02,1706844644588638,7.0661106,0.83729333,1.0751565,9,761
da02,1706844644688671,7.0607538,0.82468843,1.0655183,9,762
da02,1706844644788660,7.0494046,0.82220656,1.0686927,7,763
da02,1706844644888658,7.0481777,0.81669956,1.0692503,8,764
da02,1706844644988732,7.0460587,0.81594789,1.0672281,8,765
da02,1706844645088654,7.0490451,0.81542534,1.068329,9,766
da02,1706844645188630,7.0474124,0.81872171,1.0700581,8,767
da02,1706844645288694,7.0473285,0.82124168,1.0672669,9,768
da02,1706844645388607,7.0465293,0.82158744,1.0699483,8,769
da02,1706844645488795,7.0523791,0.824596,1.0661112,10,770
da02,1706844645588609,7.0644045,0.82389206,1.0781096,9,771
da02,1706844645688853,7.053997,0.82426214,1.077191,8,772
da02,1706844645788648,7.0485272,0.8212083,1.0748265,8,773
da02,1706844645888682,7.0477748,0.82348621,1.0697975,9,774
da02,1706844645988641,7.0512762,0.83346766,1.0663921,10,775
da02,1706844646088680,7.0436769,0.83738285,1.0730026,8,776
da02,1706844646188606,7.0337234,0.844407,1.0741154,8,777
da02,1706844646288711,7.0422397,0.85102403,1.0711447,10,778
da02,1706844646388614,7.0378456,0.83864844,1.0674523,8,779
da02,1706844646488714,7.040225,0.83164948,1.0714695,8,780
da02,1706844646588622,7.03434,0.83041334,1.0752796,8,781
da02,1706844646688667,7.0322351,0.82611591,1.0878792,8,782
da02,1706844646788615,7.0557323,0.83675587,1.0803429,12,783
da02,1706844646888700,7.0567055,0.82958615,1.0713023,9,784
da02,1706844646988614,7.0715418,0.82847255,1.0712577,11,785
da02,1706844647088664,7.0753231,0.83012426,1.0762954,10,786
da02,1706844647188612,7.0847716,0.82624376,1.0756037,11,787
da02,1706844647288680,7.0716558,0.81935084,1.0688049,8,788
da02,1706844647388601,7.0628891,0.81862086,1.0761905,7,789
da02,1706844647488718,7.0719719,0.81868482,1.0766782,10,790
da02,1706844647588625,7.0763149,0.82989389,1.0774688,10,791
da02,1706844647688682,7.07748,0.82482827,1.0780232,9,792
da02,1706844647788657,7.0598903,0.8320021,1.0792145,8,793
da02,1706844647888694,7.0398788,0.83836722,1.0862498,9,794
da02,1706844647988874,7.0495872,0.84273934,1.0872021,9,795
da02,1706844648090312,7.0634384,0.8431502,1.0841104,11,796
da02,1706844648188700,7.0749626,0.84345227,1.0853144,11,797
da02,1706844648289217,7.0752935,0.83730406,1.0735613,10,798
da02,1706844648388628,7.0800958,0.71455121,1.0557387,70,799
da02,1706844648488677,7.0717683,0.74758971,1.0579816,9,800
da02,1706844648588657,7.0622964,0.75993603,1.0642079,8,801
da02,1706844648688712,7.0708876,0.76641929,1.0665706,10,802
da02,1706844648788688,7.054276,0.78224438,1.066332,8,803
da02,1706844648888704,7.0417747,0.7974363,1.071061,8,804
da02,1706844648988681,7.0530295,0.80575025,1.0719929,10,805
da02,1706844649088709,7.0437179,0.80122882,1.0790491,7,806
da02,1706844649188673,7.0522141,0.8074674,1.0743937,10,807
da02,1706844649288732,7.058568,0.81326634,1.0712612,10,808
da02,1706844649388678,7.0561571,0.81225812,1.0715826,8,809
da02,1706844649488738,7.0542755,0.81601518,1.0694565,9,810
da02,1706844649588684,7.0571675,0.81251711,1.0673282,9,811
da02,1706844649688748,7.0556188,0.82670277,1.0644455,9,812
da02,1706844649788672,7.0578847,0.83725476,1.0766606,9,813
da02,1706844649888717,7.0532403,0.83700454,1.0707825,9,814
da02,1706844649988713,7.0544095,0.83239985,1.0637853,9,815
da02,1706844650088746,7.0517139,0.837781,1.0699059,8,816
da02,1706844650188687,7.0455208,0.84032452,1.0687535,8,817
da02,1706844650288849,7.0576816,0.84279633,1.0701306,10,818
da02,1706844650388708,7.0634065,0.84124732,1.0708853,10,819
da02,1706844650488942,7.0688858,0.83786482,1.0704508,10,820
da02,1706844650588790,7.0629759,0.84041828,1.0717707,9,821
da02,1706844650688705,7.0500283,0.84614044,1.0597347,9,822
da02,1706844650788654,7.055829,0.83886677,1.0632572,9,823
da02,1706844650888676,7.0604606,0.838613,1.0725549,9,824
da02,1706844650988777,7.0574255,0.84020036,1.0792519,8,825
da02,1706844651088681,7.0525146,0.83955646,1.075475,8,826
da02,1706844651188727,7.0591359,0.83916748,1.0776366,9,827
da02,1706844651288726,7.0543656,0.82713735,1.0793505,8,828
da02,1706844651388700,7.0545354,0.82230258,1.078406,9,829
da02,1706844651489008,7.0623837,0.8377735,1.0820048,10,830
da02,1706844651588764,7.0570831,0.8324976,1.078194,8,831
da02,1706844651688776,7.0515614,0.82999587,1.0787402,8,832
da02,1706844651788695,7.0584574,0.82976067,1.0793568,9,833
da02,1706844651888803,7.0449648,0.82971758,1.07973,8,834
da02,1706844651988718,7.0503993,0.83248007,1.0830954,9,835
da02,1706844652088734,7.0539889,0.8416822,1.0792094,10,836
da02,1706844652188650,7.0526433,0.838118,1.07139,9,837
da02,1706844652288745,7.0383391,0.83592647,1.0782099,8,838
da02,1706844652388633,7.05197,0.83537871,1.0784936,10,839
da02,1706844652488766,7.0548472,0.839707,1.0808141,9,840
da02,1706844652588679,7.0448079,0.84249717,1.075458,8,841
da02,1706844652688704,7.0518475,0.83947349,1.0799217,9,842
da02,1706844652788644,7.0510621,0.83527815,1.0791445,8,843
da02,1706844652888722,7.054944,0.83897966,1.0720069,10,844
da02,1706844652988642,7.0460157,0.84304404,1.072726,8,845
da02,1706844653088742,7.0455222,0.83903706,1.0782056,8,846
da02,1706844653188667,7.0377026,0.82660019,1.0750675,7,847
da02,1706844653288700,7.0423503,0.82600939,1.0776674,9,848
da02,1706844653388715,7.0500164,0.82712865,1.0777836,9,849
da02,1706844653488734,7.0592108,0.8280195,1.077035,10,850
da02,1706844653588719,7.0560961,0.83273089,1.0701597,9,851
da02,1706844653688748,7.054522,0.83539867,1.0823226,8,852
da02,1706844653788655,7.0625091,0.83987558,1.0746957,11,853
da02,1706844653888745,7.0578418,0.84006941,1.0731721,9,854
da02,1706844653988732,7.0747032,0.83637011,1.0721437,11,855
da02,1706844654088714,7.0579395,0.83173954,1.0680836,7,856
da02,1706844654188678,7.0792608,0.84027165,1.0668483,12,857
da02,1706844654288758,7.0760059,0.84826046,1.06845,10,858
da02,1706844654388691,7.0725427,0.84639496,1.0711213,9,859
da02,1706844654488724,7.0737777,0.84353179,1.0767519,9,860
da02,1706844654588698,7.0704675,0.84317714,1.0839096,8,861
da02,1706844654688742,7.080749,0.83758181,1.0730816,11,862
da02,1706844654788666,7.0833645,0.83925962,1.0705417,10,863
da02,1706844654888728,7.0712543,0.83618748,1.0733616,8,864
da02,1706844654988665,7.0782857,0.83078617,1.0666575,11,865
da02,1706844655088761,7.0869374,0.8312425,1.0660306,11,866
da02,1706844655188691,7.0812583,0.82543856,1.0640587,9,867
da02,1706844655288737,7.0852852,0.82979232,1.0645535,11,868
da02,1706844655388688,7.07937,0.83805531,1.0815272,8,869
da02,1706844655488888,7.0735903,0.8345831,1.0863134,8,870
da02,1706844655588758,7.0735064,0.83022356,1.0794096,10,871
da02,1706844655688807,7.07635,0.8364203,1.0676852,11,872
da02,1706844655788696,7.0739779,0.83413732,1.0767648,9,873
da02,1706844655888814,7.070003,0.82794517,1.0751288,9,874
da02,1706844655989018,7.0705152,0.81998074,1.0720032,9,875
da02,1706844656088846,7.0760837,0.82453734,1.0742036,10,876
da02,1706844656188716,7.0730414,0.82487112,1.0753931,9,877
da02,1706844656288776,7.077486,0.83299887,1.0847886,9,878
da02,1706844656388718,7.0655651,0.83936828,1.0793121,8,879
da02,1706844656488794,7.0672989,0.84507781,1.0702199,10,880
da02,1706844656588744,7.0746,0.83139271,1.0751957,10,881
da02,1706844656688774,7.0674434,0.82435966,1.0717385,9,882
da02,1706844656788996,7.0718408,0.82967192,1.0725472,10,883
da02,1706844656888782,7.0699539,0.82313687,1.0685979,9,884
da02,1706844656988760,7.0772762,0.8232764,1.0600238,11,885
da02,1706844657088786,7.0816116,0.82215917,1.0648237,10,886
da02,1706844657188722,7.0733967,0.82123184,1.0598915,9,887
da02,1706844657288760,7.064146,0.82341027,1.0667838,8,888
da02,1706844657388750,7.0658417,0.80791074,1.0733098,8,889
da02,1706844657488716,7.0543523,0.80966824,1.0704304,8,890
da02,1706844657588677,7.0527229,0.80203235,1.0750616,8,891
da02,1706844657688784,7.0505161,0.81051475,1.080689,8,892
da02,1706844657788752,7.0543232,0.80949455,1.0798825,9,893
da02,1706844657888782,7.05759,0.8072502,1.0761964,9,894
da02,1706844657988708,7.0582533,0.82162863,1.0739437,9,895
da02,1706844658088758,7.0551453,0.81925952,1.07529,8,896
da02,1706844658188716,7.0406871,0.81582367,1.0765702,7,897
da02,1706844658288792,7.0458965,0.80790704,1.0640506,10,898
da02,1706844658388743,7.0417528,0.80517662,1.0652701,8,899
da02,1706844658488888,7.0468268,0.81517369,1.0729092,9,900
da02,1706844658588935,7.055222,0.81823933,1.0874418,8,901
da02,1706844658688775,7.0570817,0.81603861,1.0828491,9,902
da02,1706844658788764,7.0516038,0.81434393,1.0735891,9,903
da02,1706844658888781,7.0603909,0.81957757,1.0704669,10,904
da02,1706844658988729,7.0651064,0.82085174,1.0690057,10,905
da02,1706844659088820,7.0663033,0.82398689,1.0729833,9,906
da02,1706844659188762,7.0692558,0.817778,1.0715096,10,907
da02,1706844659289294,7.0713983,0.81770533,1.0604886,10,908
da02,1706844659388713,7.0745378,0.81719977,1.0643141,10,909
da02,1706844659488808,7.0820055,0.80864918,1.0647219,10,910
da02,1706844659588720,7.0805411,0.81341064,1.0626004,10,911
da02,1706844659688793,7.0737085,0.8168965,1.0624288,9,912
da02,1706844659788724,7.0643077,0.82465851,1.0663491,8,913
da02,1706844659888708,7.0616651,0.84061056,1.0677116,9,914
da02,1706844659988704,7.0623226,0.83134085,1.0649712,9,915
da02,1706844660088720,7.0615749,0.82995677,1.0687567,9,916
da02,1706844660188654,7.0576015,0.82777357,1.0683187,9,917
da02,1706844660288841,7.0487142,0.8383407,1.0735611,8,918
da02,1706844660388742,7.0549159,0.8285262,1.0722226,9,919
da02,1706844660488768,7.0567374,0.82818991,1.0842674,8,920
da02,1706844660588732,7.0523896,0.83013982,1.0840838,8,921
da02,1706844660688796,7.0452471,0.83636683,1.0891153,8,922
da02,1706844660788730,7.0543814,0.84049153,1.0914507,9,923
da02,1706844660888768,7.071619,0.84499574,1.0760344,12,924
da02,1706844660988758,7.0748825,0.85072321,1.0776402,10,925
da02,1706844661088909,7.0740561,0.84377843,1.0797838,9,926
da02,1706844661188757,7.0749612,0.83935308,1.0787289,10,927
da02,1706844661288786,7.0745468,0.8326546,1.0771483,9,928
da02,1706844661388711,7.0622935,0.8335464,1.0682518,8,929
da02,1706844661488800,7.0589509,0.82749361,1.0655403,9,930
da02,1706844661588769,7.0594912,0.82338369,1.0615958,9,931
da02,1706844661688762,7.0553069,0.8202675,1.0560155,9,932
da02,1706844661788697,7.0717015,0.81813878,1.0584686,11,933
da02,1706844661889008,7.0697803,0.81781274,1.0666676,9,934
da02,1706844661988702,7.0622787,0.81565964,1.0649394,8,935
da02,1706844662088788,7.0520735,0.81507504,1.0689962,7,936
da02,1706844662188709,7.0515633,0.81996161,1.0730846,8,937
da02,1706844662288826,7.0647354,0.81183672,1.0754069,10,938
da02,1706844662388709,7.0592165,0.81378943,1.0746481,8,939
da02,1706844662488761,7.0733232,0.81994587,1.0824294,10,940
da02,1706844662588747,7.072474,0.82336485,1.0754721,10,941
da02,1706844662688776,7.0813084,0.83359671,1.0641403,12,942
da02,1706844662788714,7.0742784,0.83207089,1.059799,9,943
da02,1706844662888799,7.0714464,0.82191557,1.0607288,9,944
da02,1706844662988754,7.0631437,0.81908786,1.0632271,8,945
da02,1706844663088776,7.0578284,0.83048218,1.0615783,9,946
da02,1706844663188699,7.0631757,0.829006,1.0661243,9,947
da02,1706844663288801,7.0534449,0.82881606,1.0734183,7,948
da02,1706844663388753,7.0448241,0.83880949,1.0710996,8,949
da02,1706844663490388,7.0551639,0.84689462,1.0677706,11,950
da02,1706844663588750,7.0623927,0.83802021,1.0618743,10,951
da02,1706844663688843,7.0867572,0.82789439,1.0534053,13,952
da02,1706844663788772,7.08197,0.81767422,1.055308,9,953
da02,1706844663888832,7.0694537,0.819606,1.0632851,8,954
da02,1706844663988729,7.08008,0.81428462,1.0558802,11,955
da02,1706844664088767,7.0791659,0.81312376,1.05833,10,956
da02,1706844664188719,7.0829182,0.82251227,1.0509725,11,957
da02,1706844664288819,7.0839415,0.82119709,1.0558512,10,958
da02,1706844664388701,7.0709672,0.82003182,1.0591756,8,959
da02,1706844664488841,7.0626531,0.82554859,1.0607828,8,960
da02,1706844664588772,7.0560341,0.8300305,1.0647451,8,961
da02,1706844664688802,7.0549369,0.82968467,1.0705799,8,962
da02,1706844664788720,7.050313,0.82868904,1.0668439,8,963
da02,1706844664888784,7.0461516,0.82415122,1.0681126,8,964
da02,1706844664988727,7.042942,0.82530034,1.0629042,9,965
da02,1706844665088790,7.0386744,0.82456458,1.067879,7,966
da02,1706844665188731,7.0424542,0.81627458,1.063589,9,967
da02,1706844665288842,7.0463796,0.81344986,1.0611167,9,968
da02,1706844665388736,7.038497,0.82161313,1.067938,8,969
da02,1706844665488830,7.0415978,0.83463895,1.0652808,9,970
da02,1706844665588756,7.0589933,0.83333236,1.0749345,10,971
da02,1706844665688859,7.0587282,0.82958531,1.074464,9,972
da02,1706844665788814,7.0680661,0.82763749,1.0770632,10,973
da02,1706844665888806,7.058435,0.81659633,1.0740011,8,974
da02,1706844665988804,7.0635691,0.82312489,1.0693181,10,975
da02,1706844666088990,7.0638666,0.83466583,1.0688764,10,976
da02,1706844666188749,7.0597777,0.8264637,1.0642664,9,977
da02,1706844666290380,7.0650148,0.82675987,1.065763,10,978
da02,1706844666388814,7.0703826,0.83237094,1.05436,11,979
da02,1706844666488776,7.0751953,0.83569759,1.0592387,10,980
da02,1706844666588735,7.0550256,0.84432191,1.0571663,8,981
da02,1706844666688772,7.0511727,0.83673567,1.0506041,9,982
da02,1706844666788762,7.0555043,0.83403689,1.0574081,9,983
da02,1706844666888850,7.0480576,0.83333355,1.0682937,8,984
da02,1706844666988794,7.0481653,0.83403116,1.0715103,8,985
da02,1706844667088878,7.06166,0.8328734,1.072566,10,986
da02,1706844667188776,7.0458503,0.832385,1.0777259,8,987
da02,1706844667288864,7.0477562,0.82659459,1.0799296,8,988
da02,1706844667388782,7.044066,0.83268887,1.0773842,8,989
da02,1706844667488852,7.0605168,0.83230376,1.0716146,11,990
da02,1706844667588796,7.0648131,0.83077359,1.068818,10,991
da02,1706844667688993,7.0710721,0.83114612,1.0689869,10,992
da02,1706844667788814,7.0679746,0.83985794,1.0751058,9,993
da02,1706844667888783,7.0608697,0.83556062,1.0723294,8,994
da02,1706844667988743,7.0620704,0.8294012,1.0739653,9,995
da02,1706844668088798,7.06668,0.83231884,1.0741268,10,996
da02,1706844668188770,7.0756,0.828229,1.073455,10,997
da02,1706844668288882,7.0720696,0.81828463,1.0695804,9,998
da02,1706844668388820,7.0764065,0.82847959,1.0717692,10,999
da02,1706844668488835,7.0758624,0.8342551,1.0686557,10,1000
da02,1706844668588751,7.0792933,0.83825964,1.0665412,10,1001
da02,1706844668689008,7.0758758,0.83141,1.0734153,9,1002
da02,1706844668788810,7.0717864,0.826737,1.0626841,10,1003
da02,1706844668888800,7.0618691,0.82306445,1.0639462,8,1004
da02,1706844668988810,7.059339,0.8222037,1.0730598,8,1005
da02,1706844669088813,7.0619488,0.82726294,1.0729604,9,1006
da02,1706844669188752,7.0669584,0.82582277,1.0881661,8,1007
da02,1706844669288842,7.069663,0.82482392,1.0770997,10,1008
da02,1706844669388767,7.0698552,0.81914073,1.072778,9,1009
da02,1706844669488790,7.0882978,0.82184452,1.074973,12,1010
da02,1706844669588749,7.0806632,0.82318789,1.0790071,8,1011
da02,1706844669688828,7.0760875,0.82429826,1.0703778,10,1012
da02,1706844669788748,7.0743046,0.81799924,1.0663422,9,1013
da02,1706844669888806,7.0704923,0.82445276,1.0674458,9,1014
da02,1706844669988755,7.0590172,0.81978244,1.0764211,7,1015
da02,1706844670088830,7.062964,0.81874585,1.0730389,10,1016
da02,1706844670188756,7.06287,0.81754076,1.0723997,9,1017
da02,1706844670289387,7.0731139,0.81906241,1.0663759,11,1018
da02,1706844670388782,7.0700583,0.81938314,1.0553806,10,1019
da02,1706844670488902,7.0730653,0.82449323,1.0536666,10,1020
da02,1706844670588845,7.0659332,0.8173427,1.0500793,9,1021
da02,1706844670688838,7.0612907,0.81567013,1.0584399,8,1022
da02,1706844670788821,7.0669236,0.81677687,1.0669221,9,1023
da02,1706844670888891,7.0641541,0.82545072,1.0623636,10,1024
da02,1706844670988825,7.0715523,0.83604628,1.074452,10,1025
da02,1706844671088866,7.0714784,0.8316288,1.0922562,8,1026
da02,1706844671188831,7.0779505,0.834435,1.0857016,11,1027
da02,1706844671288850,7.0776639,0.822636,1.0752045,10,1028
da02,1706844671389062,7.0674314,0.81884229,1.0802761,7,1029
da02,1706844671488931,7.0650973,0.815444,1.0660931,10,1030
da02,1706844671589045,7.0698395,0.81440413,1.0643865,10,1031
da02,1706844671688828,7.0701418,0.82553452,1.065189,10,1032
da02,1706844671788821,7.0620542,0.82849884,1.0725366,8,1033
da02,1706844671888850,7.0536,0.8363744,1.0690795,8,1034
da02,1706844671988832,7.0581989,0.85062593,1.0651995,10,1035
da02,1706844672088825,7.0575647,0.85410661,1.0697907,9,1036
da02,1706844672188761,7.0525289,0.85557169,1.0702268,8,1037
da02,1706844672289437,7.0627394,0.84226704,1.070015,10,1038
da02,1706844672388721,7.0512929,0.83391696,1.0689584,7,1039
da02,1706844672488826,7.0516205,0.81802619,1.061674,9,1040
da02,1706844672588836,7.0598817,0.83062124,1.0554931,11,1041
da02,1706844672688856,7.0647268,0.82916492,1.0539972,10,1042
da02,1706844672788789,7.0668964,0.82161915,1.0651166,9,1043
da02,1706844672888847,7.0761719,0.815323,1.0738995,10,1044
da02,1706844672988804,7.0753646,0.82023233,1.0753212,9,1045
da02,1706844673088895,7.0788832,0.82879841,1.0794989,10,1046
da02,1706844673188783,7.072773,0.83135039,1.0886567,8,1047
da02,1706844673288878,7.064116,0.82731485,1.0807368,8,1048
da02,1706844673388830,7.0691485,0.81991619,1.0780977,10,1049
da02,1706844673488896,7.0698385,0.8162635,1.0673815,10,1050
da02,1706844673588770,7.0749745,0.81127077,1.0688577,10,1051
da02,1706844673688820,7.075212,0.818772,1.0630032,10,1052
da02,1706844673788791,7.06363,0.82003772,1.0704077,7,1053
da02,1706844673888818,7.0682793,0.82271129,1.0679948,10,1054
da02,1706844673988767,7.06786,0.82951587,1.0674349,10,1055
da02,1706844674088840,7.0638504,0.82592225,1.0753165,8,1056
da02,1706844674188771,7.0656023,0.83649158,1.0665509,10,1057
da02,1706844674288886,7.0666575,0.83683473,1.0715079,9,1058
da02,1706844674388822,7.066453,0.82584411,1.0795249,8,1059
da02,1706844674488845,7.070375,0.82588518,1.0858421,9,1060
da02,1706844674589019,7.0706882,0.82519972,1.0783628,10,1061
da02,1706844674688835,7.0653563,0.81447965,1.0710636,9,1062
da02,1706844674788850,7.0582795,0.80824524,1.0719793,8,1063
da02,1706844674888844,7.0585642,0.81154066,1.0698643,9,1064
da02,1706844674988823,7.0656037,0.817447,1.0714583,10,1065
da02,1706844675088842,7.070703,0.80992949,1.0639735,10,1066
da02,1706844675188818,7.0758247,0.81735116,1.0709236,10,1067
da02,1706844675288876,7.059751,0.8286413,1.0743294,8,1068
da02,1706844675388828,7.0565271,0.83197945,1.0791634,8,1069
da02,1706844675488907,7.0667977,0.83019787,1.0782145,10,1070
da02,1706844675589004,7.0599203,0.8316046,1.08717,8,1071
da02,1706844675688841,7.0612731,0.83089745,1.0903281,9,1072
da02,1706844675788804,7.0611358,0.83158231,1.0781802,10,1073
da02,1706844675888840,7.0733619,0.82808632,1.0749135,11,1074
da02,1706844675988782,7.0734844,0.83957916,1.0690905,10,1075
da02,1706844676088835,7.0651817,0.824068,1.0719146,8,1076
da02,1706844676188819,7.0776229,0.81797749,1.0685544,11,1077
da02,1706844676288894,7.0806136,0.82605141,1.0664651,10,1078
da02,1706844676388827,7.0812731,0.81149596,1.0564696,10,1079
da02,1706844676488875,7.0771804,0.82371515,1.0584878,10,1080
da02,1706844676588819,7.0564737,0.81767243,1.0611788,7,1081
da02,1706844676688925,7.0610743,0.81604105,1.061255,10,1082
da02,1706844676788786,7.0593519,0.827431,1.065408,9,1083
da02,1706844676888872,7.0600681,0.82972145,1.0608954,10,1084
da02,1706844676988825,7.0644403,0.83107626,1.0614986,10,1085
da02,1706844677088854,7.0733924,0.83547771,1.0692627,10,1086
da02,1706844677188797,7.0702319,0.83494794,1.0699531,9,1087
da02,1706844677288829,7.0651436,0.83716577,1.0669382,9,1088
da02,1706844677388827,7.0658445,0.84215379,1.0760462,9,1089
da02,1706844677488893,7.0701146,0.82804453,1.0725008,10,1090
da02,1706844677589038,7.073422,0.83512133,1.0652356,11,1091
da02,1706844677688875,7.0763307,0.837775,1.0638819,10,1092
da02,1706844677788760,7.080162,0.83271772,1.0577171,11,1093
da02,1706844677888902,7.0852742,0.83112341,1.0645925,10,1094
da02,1706844677988862,7.0716,0.82670617,1.0681261,8,1095
da02,1706844678088876,7.0715528,0.82917565,1.0661533,10,1096
da02,1706844678188829,7.0674796,0.82050812,1.0599129,9,1097
da02,1706844678288910,7.060535,0.81880432,1.060225,8,1098
da02,1706844678388830,7.0609536,0.82202631,1.0718251,8,1099
da02,1706844678488852,7.0622482,0.81136847,1.0749435,9,1100
da02,1706844678588827,7.0405936,0.81732321,1.0776753,8,1101
da02,1706844678688867,7.0395617,0.81938559,1.0759585,8,1102
da02,1706844678788818,7.0513597,0.82335877,1.072244,10,1103
da02,1706844678890474,7.0468955,0.82242662,1.0690789,8,1104
da02,1706844678988845,7.0447483,0.818348,1.0691381,8,1105
da02,1706844679088896,7.0519066,0.81238085,1.0799145,8,1106
da02,1706844679188823,7.0555625,0.82288438,1.0767453,10,1107
da02,1706844679288864,7.0497022,0.82015109,1.0782877,8,1108
da02,1706844679388821,7.0570121,0.82459331,1.0835449,9,1109
da02,1706844679488881,7.0647845,0.830275,1.0762925,10,1110
da02,1706844679588822,7.072464,0.83708841,1.0813798,10,1111
da02,1706844679688877,7.06424,0.83005124,1.0949906,7,1112
da02,1706844679788826,7.0664573,0.82906705,1.086629,10,1113
da02,1706844679888936,7.0775604,0.83818108,1.0787534,11,1114
da02,1706844679988840,7.0656672,0.84092528,1.0854801,8,1115
da02,1706844680088918,7.0575042,0.84340245,1.0853562,8,1116
da02,1706844680188865,7.0599394,0.834928,1.0810001,9,1117
da02,1706844680288963,7.0600696,0.83900541,1.0802256,9,1118
da02,1706844680388815,7.0571494,0.83947068,1.0732328,9,1119
da02,1706844680489341,7.0664654,0.83887172,1.0648344,11,1120
da02,1706844680588824,7.0611014,0.84455866,1.0648725,9,1121
da02,1706844680688912,7.0686822,0.84120983,1.0557545,11,1122
da02,1706844680788846,7.0677538,0.84255284,1.0720606,8,1123
da02,1706844680888894,7.08067,0.83410543,1.0690995,11,1124
da02,1706844680988882,7.0760546,0.83350217,1.0784811,8,1125
da02,1706844681088879,7.0764842,0.82938635,1.0808233,9,1126
da02,1706844681188867,7.0680513,0.8247695,1.070436,9,1127
da02,1706844681289414,7.0658722,0.82508713,1.06528,9,1128
da02,1706844681388846,7.0507441,0.83484834,1.0655471,8,1129
da02,1706844681488940,7.0503187,0.82625192,1.059042,9,1130
da02,1706844681589110,7.0406938,0.830853,1.0639219,8,1131
da02,1706844681688916,7.0487261,0.83297521,1.0720032,9,1132
da02,1706844681788881,7.0514355,0.82784426,1.0691742,9,1133
da02,1706844681888902,7.0457625,0.8280533,1.0639989,8,1134
da02,1706844681988871,7.0483303,0.8304351,1.0742664,8,1135
da02,1706844682088930,7.0476489,0.82922685,1.0766056,8,1136
da02,1706844682188868,7.0490737,0.82420588,1.0866919,8,1137
da02,1706844682288933,7.0517373,0.8156004,1.0935986,8,1138
da02,1706844682389289,7.0563903,0.81218868,1.0927151,9,1139
da02,1706844682488939,7.0510392,0.81479186,1.085834,8,1140
da02,1706844682589056,7.0603452,0.81951052,1.0844857,10,1141
da02,1706844682689209,7.0577631,0.82213438,1.0919533,8,1142
da02,1706844682788916,7.0604362,0.82306582,1.0922147,9,1143
da02,1706844682889008,7.0615239,0.81027758,1.084738,9,1144
da02,1706844682988927,7.0747156,0.81772178,1.0813682,11,1145
da02,1706844683088916,7.077208,0.8059631,1.0765352,10,1146
da02,1706844683188858,7.0751481,0.80195391,1.0816083,8,1147
da02,1706844683288927,7.0754166,0.80726844,1.0749084,10,1148
da02,1706844683388859,7.0778933,0.81238067,1.0734681,10,1149
da02,1706844683488885,7.064446,0.81755972,1.0678794,8,1150
da02,1706844683588859,7.0567465,0.8158319,1.0650995,8,1151
da02,1706844683689024,7.06214,0.82801008,1.0835557,8,1152
da02,1706844683788890,7.0640965,0.82823712,1.0835322,9,1153
da02,1706844683888884,7.0762954,0.82933068,1.0786867,11,1154
da02,1706844683988871,7.0888133,0.83351129,1.0829375,11,1155
da02,1706844684088859,7.0860109,0.83277214,1.0814552,10,1156
da02,1706844684188816,7.0911236,0.83641618,1.08122,11,1157
da02,1706844684288909,7.0872154,0.84433126,1.0744894,10,1158
da02,1706844684388836,7.0814848,0.83413142,1.0700545,9,1159
da02,1706844684488912,7.0702305,0.83196557,1.0740433,8,1160
da02,1706844684588892,7.0744133,0.82950377,1.0621949,11,1161
da02,1706844684688978,7.0637779,0.82853657,1.0608534,8,1162
da02,1706844684788904,7.0644336,0.81287664,1.0619351,9,1163
da02,1706844684888922,7.0569091,0.82536846,1.0660558,8,1164
da02,1706844684988903,7.0546589,0.83701527,1.0690131,9,1165
da02,1706844685088963,7.0600371,0.83237964,1.0764648,9,1166
da02,1706844685188887,7.0576048,0.82731032,1.0844847,8,1167
da02,1706844685288927,7.0775013,0.83393329,1.081004,12,1168
da02,1706844685388871,7.087975,0.82878757,1.0723948,12,1169
da02,1706844685488930,7.073595,0.82613581,1.0667478,8,1170
da02,1706844685588849,7.0803308,0.82730556,1.0717279,10,1171
da02,1706844685688906,7.0688262,0.83516115,1.0654169,9,1172
da02,1706844685788876,7.0650496,0.82534796,1.0620846,9,1173
da02,1706844685888894,7.0521121,0.830914,1.067619,8,1174
da02,1706844685988876,7.0451469,0.83027136,1.0707299,8,1175
da02,1706844686088902,7.0513554,0.83002621,1.0625613,10,1176
da02,1706844686188916,7.0482969,0.83490056,1.0651041,8,1177
da02,1706844686288985,7.06824,0.83621877,1.0696484,11,1178
da02,1706844686388903,7.0590472,0.84021938,1.0762523,8,1179
da02,1706844686488928,7.0594673,0.83847862,1.0789918,9,1180
da02,1706844686588896,7.0641642,0.82299918,1.085636,9,1181
da02,1706844686688950,7.0633411,0.82332557,1.0853039,9,1182
da02,1706844686788913,7.0551014,0.8231616,1.0767839,8,1183
da02,1706844686888909,7.06741,0.81424648,1.0744139,10,1184
da02,1706844686988947,7.0600796,0.81557995,1.0742006,8,1185
da02,1706844687089047,7.0633197,0.81816703,1.0786153,9,1186
da02,1706844687188874,7.0558157,0.82186389,1.0787333,8,1187
da02,1706844687288902,7.063942,0.82487214,1.0715948,10,1188
da02,1706844687388840,7.052073,0.828662,1.0802926,8,1189
da02,1706844687488831,7.0550194,0.829111,1.07653,9,1190
da02,1706844687588885,7.0652943,0.8284809,1.0676409,11,1191
da02,1706844687688895,7.0592842,0.82440591,1.0670674,8,1192
da02,1706844687788946,7.0647249,0.81959003,1.0698705,9,1193
da02,1706844687889039,7.059514,0.82377279,1.0653957,9,1194
da02,1706844687988938,7.0579019,0.82687747,1.0690438,9,1195
da02,1706844688088951,7.0518456,0.82172966,1.0618426,9,1196
da02,1706844688188941,7.0598497,0.8225134,1.0584844,10,1197
da02,1706844688288980,7.0659404,0.81745934,1.0579829,10,1198
da02,1706844688389083,7.0654726,0.81737769,1.0549479,10,1199
da02,1706844688488986,7.0617394,0.81384277,1.0600448,8,1200
da02,1706844688588926,7.0650058,0.81429112,1.0607567,10,1201
da02,1706844688688966,7.0693116,0.81843483,1.0569787,10,1202
da02,1706844688788886,7.07441,0.82412845,1.0608354,10,1203
da02,1706844688888949,7.0597215,0.81727374,1.0675732,7,1204
da02,1706844688988884,7.0661635,0.81767112,1.0634764,10,1205
da02,1706844689088858,7.0637374,0.81709421,1.0644674,9,1206
da02,1706844689188852,7.0676522,0.81674683,1.0637953,10,1207
da02,1706844689288944,7.0616269,0.8271898,1.0664784,9,1208
da02,1706844689388914,7.0599031,0.82567418,1.0774207,8,1209
da02,1706844689488956,7.0617843,0.81824315,1.0777831,9,1210
da02,1706844689588923,7.0695829,0.82102263,1.0740287,10,1211
da02,1706844689688962,7.0651736,0.81849647,1.068536,9,1212
da02,1706844689788967,7.0557504,0.81798965,1.0689911,8,1213
da02,1706844689888966,7.0693412,0.81563044,1.0710883,11,1214
da02,1706844689988984,7.0712686,0.82832241,1.0717336,10,1215
da02,1706844690088950,7.0711923,0.83705348,1.0748765,9,1216
da02,1706844690188921,7.0657554,0.84544092,1.0728649,9,1217
da02,1706844690289026,7.0633769,0.841284,1.0725812,9,1218
da02,1706844690388926,7.05556,0.83291638,1.0634512,9,1219
da02,1706844690488942,7.0645585,0.82899851,1.0687184,10,1220
da02,1706844690588947,7.0671105,0.82000661,1.0844529,8,1221
da02,1706844690688980,7.0730548,0.83050954,1.0843492,10,1222
da02,1706844690788954,7.0767078,0.8170743,1.0777793,10,1223
da02,1706844690889007,7.0787768,0.82535672,1.073657,10,1224
da02,1706844690988936,7.0637274,0.81973243,1.0723853,7,1225
da02,1706844691089167,7.0658274,0.8127476,1.0620725,10,1226
da02,1706844691189010,7.0691209,0.81906086,1.0675846,9,1227
da02,1706844691288969,7.0698757,0.83541775,1.0633091,10,1228
da02,1706844691388908,7.0535469,0.83284032,1.0673321,8,1229
da02,1706844691488944,7.0630279,0.82892877,1.0754178,9,1230
da02,1706844691588870,7.0671697,0.82109594,1.0781648,9,1231
da02,1706844691688910,7.0660076,0.82045203,1.0728149,9,1232
da02,1706844691788868,7.060277,0.8134917,1.0743878,8,1233
da02,1706844691888923,7.0589132,0.81549019,1.0681748,9,1234
da02,1706844691988874,7.0775847,0.83246356,1.0727283,12,1235
da02,1706844692088888,7.083323,0.83205134,1.0762132,10,1236
da02,1706844692188842,7.0781736,0.82533062,1.0665284,10,1237
da02,1706844692289487,7.0706549,0.83368438,1.0644319,9,1238
da02,1706844692388878,7.0768914,0.83978504,1.0573279,11,1239
da02,1706844692489028,7.08589,0.83571428,1.0658716,10,1240
da02,1706844692588856,7.09715,0.8349511,1.0795441,11,1241
da02,1706844692688914,7.0876989,0.83269083,1.0758952,9,1242
da02,1706844692788903,7.0763664,0.83390874,1.0764601,8,1243
da02,1706844692888895,7.071002,0.82964969,1.0731577,9,1244
da02,1706844692988926,7.0726409,0.83105654,1.0669137,10,1245
da02,1706844693089156,7.0754614,0.8283574,1.065708,10,1246
da02,1706844693188889,7.0795388,0.82221466,1.0693501,10,1247
da02,1706844693288982,7.0814614,0.81760693,1.0685794,10,1248
da02,1706844693389013,7.0739193,0.82601541,1.0676892,9,1249
da02,1706844693489023,7.0774288,0.83357495,1.0651379,10,1250
da02,1706844693588904,7.0718637,0.82373583,1.0742784,8,1251
da02,1706844693689085,7.089047,0.8237828,1.0770415,12,1252
da02,1706844693788916,7.0941868,0.82895023,1.0762248,11,1253
da02,1706844693890492,7.0827074,0.83412725,1.074761,9,1254
da02,1706844693988952,7.0906396,0.83223277,1.0765774,11,1255
da02,1706844694088965,7.088161,0.8310867,1.0749962,10,1256
da02,1706844694188928,7.090487,0.83176619,1.0758119,10,1257
da02,1706844694290533,7.0795617,0.83550096,1.0730366,9,1258
da02,1706844694388934,7.0939293,0.84116513,1.0765748,12,1259
da02,1706844694489002,7.0973568,0.84790725,1.0804886,11,1260
da02,1706844694589147,7.0816579,0.84826243,1.0826586,8,1261
da02,1706844694688959,7.1053443,0.84273624,1.0728357,14,1262
da02,1706844694788914,7.0861764,0.84034312,1.067104,8,1263
da02,1706844694888971,7.0836678,0.83721614,1.0606107,10,1264
da02,1706844694988919,7.0828648,0.83932889,1.0606884,10,1265
da02,1706844695088950,7.0798388,0.848683,1.063928,10,1266
da02,1706844695188935,7.0719762,0.8467288,1.0610095,9,1267
da02,1706844695288977,7.0681539,0.834361,1.0687882,8,1268
da02,1706844695388926,7.0540581,0.83801991,1.075422,8,1269
da02,1706844695488942,7.04648,0.84342062,1.0791731,8,1270
da02,1706844695588960,7.0546179,0.84216332,1.069056,10,1271
da02,1706844695688954,7.0465941,0.84135807,1.0676862,8,1272
da02,1706844695788927,7.0368624,0.83537829,1.0838103,8,1273
da02,1706844695888976,7.0348496,0.83361185,1.0863762,7,1274
da02,1706844695989005,7.0482593,0.82913029,1.0872387,10,1275
da02,1706844696088957,7.0612645,0.835189,1.0813571,11,1276
da02,1706844696188946,7.0523939,0.83312953,1.0782766,8,1277
da02,1706844696289088,7.051363,0.83726168,1.0762999,9,1278
da02,1706844696388974,7.0679398,0.82935089,1.0821912,10,1279
da02,1706844696489200,7.2270484,0.65800238,1.5405241,72,1280
da02,1706844696588946,7.1984529,0.70273072,1.4293611,10,1281
da02,1706844696688924,7.1548295,0.73648685,1.3313688,9,1282
da02,1706844696788930,7.1340709,0.75473881,1.2690101,9,1283
da02,1706844696889001,7.1076965,0.77654535,1.2187583,8,1284
da02,1706844696988927,7.0925622,0.78845853,1.1822248,8,1285
da02,1706844697088944,7.0807681,0.80110025,1.1586682,8,1286
da02,1706844697188910,7.0769463,0.80694246,1.136,9,1287
da02,1706844697288974,7.0747128,0.81954324,1.1202291,9,1288
da02,1706844697388867,7.0605249,0.8243764,1.1063716,8,1289
da02,1706844697489099,7.0635991,0.82811779,1.1038405,9,1290
da02,1706844697589176,7.0746517,0.83707291,1.0929734,11,1291
da02,1706844697688975,7.0688682,0.837229,1.0886797,9,1292
da02,1706844697788924,7.0638089,0.83474338,1.0822793,9,1293
da02,1706844697888976,7.0669,0.83067572,1.0864145,9,1294
da02,1706844697988930,7.0680327,0.83098078,1.0870893,9,1295
da02,1706844698089007,7.0585752,0.8322295,1.0829973,8,1296
da02,1706844698188980,7.0671263,0.83490157,1.0752459,11,1297
da02,1706844698289047,7.0878239,0.73812675,1.0509546,70,1298
da02,1706844698388926,7.087574,0.76129532,1.0531303,10,1299
da02,1706844698488967,7.0774126,0.78035289,1.0628951,8,1300
da02,1706844698589104,7.0775752,0.78503668,1.0677216,9,1301
da02,1706844698689000,7.0802488,0.79605681,1.0743293,10,1302
da02,1706844698788962,7.0711474,0.80717474,1.0766994,8,1303
da02,1706844698888997,7.0669947,0.81517112,1.0789357,9,1304
da02,1706844698989194,7.0613832,0.81028134,1.0803738,8,1305
da02,1706844699089251,7.0649357,0.82126296,1.087937,9,1306
da02,1706844699189009,7.0676527,0.82728946,1.0890516,9,1307
da02,1706844699289019,7.0681076,0.83561969,1.0788492,10,1308
da02,1706844699389107,7.0595884,0.82372648,1.0753806,8,1309
da02,1706844699488998,7.055089,0.81518322,1.0787076,8,1310
da02,1706844699588956,7.0557055,0.82163793,1.0715172,9,1311
da02,1706844699689017,7.066371,0.83551818,1.0703963,11,1312
da02,1706844699788923,7.064611,0.83308977,1.0728256,9,1313
da02,1706844699889016,7.0596371,0.82148606,1.0713167,8,1314
da02,1706844699988992,7.060379,0.81507063,1.084875,8,1315
da02,1706844700088974,7.0626936,0.82418126,1.0787655,10,1316
da02,1706844700188936,7.0620923,0.8332544,1.0717,10,1317
da02,1706844700289086,7.0639267,0.84014207,1.0620507,10,1318
da02,1706844700388953,7.0582876,0.83086634,1.0697569,8,1319
da02,1706844700489029,7.051403,0.823115,1.0785424,7,1320
da02,1706844700588957,7.0488291,0.82259995,1.0797492,8,1321
da02,1706844700688982,7.0396729,0.82034373,1.0693377,8,1322
da02,1706844700788970,7.0364218,0.83063996,1.0656374,8,1323
da02,1706844700888996,7.0505681,0.82917595,1.0683411,10,1324
da02,1706844700988976,7.0630407,0.83184326,1.0698653,10,1325
da02,1706844701088996,7.0530491,0.82571477,1.073383,7,1326
da02,1706844701188954,7.046948,0.82865876,1.0716726,8,1327
da02,1706844701289518,7.0516539,0.82312357,1.0693383,9,1328
da02,1706844701388975,7.061974,0.82465804,1.0714773,10,1329
da02,1706844701488979,7.0664997,0.83545274,1.0745004,10,1330
da02,1706844701588946,7.0621362,0.8266331,1.0771003,8,1331
da02,1706844701688982,7.0637341,0.82532048,1.0807135,9,1332
da02,1706844701788948,7.0645666,0.82358938,1.0820146,9,1333
da02,1706844701889016,7.0732803,0.82018864,1.0765642,11,1334
da02,1706844701989008,7.0632138,0.82784992,1.0786693,8,1335
da02,1706844702088994,7.0523891,0.82457221,1.0820521,7,1336
da02,1706844702189010,7.0549674,0.81964648,1.0822412,9,1337
da02,1706844702289010,7.0753546,0.81512517,1.0739759,12,1338
da02,1706844702389022,7.0708737,0.82379228,1.072493,9,1339
da02,1706844702488999,7.076015,0.82559526,1.0652375,11,1340
da02,1706844702589008,7.0641422,0.68998647,1.0461712,70,1341
da02,1706844702688996,7.05354,0.7151714,1.0645775,7,1342
da02,1706844702788977,7.0579534,0.74887806,1.0645894,10,1343
da02,1706844702889002,7.0597987,0.77001518,1.0661619,9,1344
da02,1706844702988966,7.0464888,0.77665585,1.0721945,7,1345
da02,1706844703089034,7.0465813,0.79305029,1.0699565,9,1346
da02,1706844703188964,7.0406117,0.80225086,1.0714375,8,1347
da02,1706844703289533,7.0409784,0.81554574,1.0745986,8,1348
da02,1706844703388998,7.0436859,0.81660491,1.0734545,9,1349
da02,1706844703489314,7.0338006,0.82538581,1.0848097,8,1350
da02,1706844703589028,7.0272622,0.82241654,1.0734404,8,1351
da02,1706844703689000,7.0256977,0.8268916,1.0737345,8,1352
da02,1706844703788995,7.0272479,0.82654512,1.0733029,8,1353
da02,1706844703888968,7.0426574,0.81937587,1.0684786,10,1354
da02,1706844703989018,7.0652118,0.82468027,1.0606121,12,1355
da02,1706844704088996,7.0674887,0.82925582,1.051998,11,1356
da02,1706844704189013,7.0682058,0.82358843,1.0542997,9,1357
da02,1706844704288988,7.0758491,0.82798445,1.0658671,10,1358
da02,1706844704388985,7.0774198,0.8241275,1.0821178,8,1359
da02,1706844704489051,7.0563636,0.83588558,1.0847561,8,1360
da02,1706844704588990,7.0562882,0.83642638,1.0746461,10,1361
da02,1706844704689039,7.0585628,0.8346253,1.0657787,10,1362
da02,1706844704789023,7.0446587,0.83157659,1.0601815,8,1363
da02,1706844704889236,7.0576439,0.84549826,1.0692258,10,1364
da02,1706844704989028,7.0557327,0.84275758,1.0770633,8,1365
da02,1706844705089024,7.0660386,0.84951079,1.0727493,11,1366
da02,1706844705188984,7.0694327,0.83769017,1.0689571,10,1367
da02,1706844705289060,7.060214,0.8245104,1.0703571,8,1368
da02,1706844705388986,7.0567179,0.81466258,1.0742983,8,1369
da02,1706844705489052,7.0596485,0.81866187,1.0679675,10,1370
da02,1706844705589014,7.0580153,0.82199049,1.0630273,9,1371
da02,1706844705689069,7.0636439,0.82679176,1.0621355,10,1372
da02,1706844705789046,7.0751872,0.82903463,1.0567679,11,1373
da02,1706844705889023,7.0657096,0.83899671,1.0612144,8,1374
da02,1706844705989004,7.060071,0.82631683,1.0577847,9,1375
da02,1706844706089048,7.05823,0.83337021,1.0534219,10,1376
da02,1706844706189016,7.0615511,0.8307482,1.0654168,9,1377
da02,1706844706289058,7.0598512,0.8295542,1.0618021,9,1378
da02,1706844706389050,7.0529542,0.82293046,1.0625834,8,1379
da02,1706844706489112,7.0667515,0.82642746,1.0673821,11,1380
da02,1706844706588992,7.0701404,0.83351022,1.0627174,10,1381
da02,1706844706689025,7.0621414,0.82893467,1.0612823,8,1382
da02,1706844706788985,7.0595345,0.8267532,1.0521282,10,1383
da02,1706844706889030,7.0498366,0.83353436,1.0550506,8,1384
da02,1706844706989022,7.0480032,0.83227897,1.0639011,8,1385
da02,1706844707089062,7.0500579,0.83138794,1.0696545,9,1386
da02,1706844707189016,7.0390706,0.82944071,1.0731361,8,1387
da02,1706844707289055,7.0390835,0.83446145,1.0730352,8,1388
da02,1706844707389043,7.0425959,0.83261752,1.0816525,8,1389
da02,1706844707489051,7.0486846,0.83138758,1.0720797,10,1390
da02,1706844707589025,7.0539579,0.83415085,1.0722252,9,1391
da02,1706844707689061,7.0595479,0.82799053,1.0781589,9,1392
da02,1706844707789059,7.0618086,0.82638371,1.0739294,9,1393
da02,1706844707889132,7.0655394,0.81772423,1.0667144,10,1394
da02,1706844707989095,7.0654821,0.82162428,1.0715504,9,1395
da02,1706844708089097,7.0536113,0.82590276,1.0736696,8,1396
da02,1706844708189036,7.0519595,0.82774752,1.0703357,9,1397
da02,1706844708289098,7.0565157,0.82468003,1.07254,9,1398
da02,1706844708389078,7.0635185,0.83771092,1.0757835,10,1399
da02,1706844708489108,7.0604,0.84448326,1.0704113,9,1400
da02,1706844708589190,7.0571704,0.8326363,1.080227,7,1401
da02,1706844708689110,7.0574412,0.82004738,1.0908014,7,1402
da02,1706844708789062,7.0514603,0.81989086,1.0905919,8,1403
da02,1706844708889092,7.0536742,0.82995808,1.0881677,9,1404
da02,1706844708988994,7.0572224,0.8390339,1.085107,9,1405
da02,1706844709089012,7.0724325,0.82961971,1.073382,12,1406
da02,1706844709189034,7.0603991,0.82821053,1.0708914,8,1407
da02,1706844709289087,7.0536604,0.8271333,1.07602,8,1408
da02,1706844709389053,7.0473757,0.831898,1.0820085,8,1409
da02,1706844709489170,7.0409355,0.82393837,1.0731645,8,1410
da02,1706844709589078,7.0509052,0.82380813,1.0645261,10,1411
da02,1706844709690642,7.0614681,0.820674,1.0702205,10,1412
da02,1706844709789056,7.0601096,0.82490063,1.0789325,8,1413
da02,1706844709889052,7.0746412,0.81561935,1.0714819,11,1414
da02,1706844709989070,7.07682,0.8257606,1.0682561,10,1415
da02,1706844710089126,7.0761833,0.82876939,1.0801121,9,1416
da02,1706844710189063,7.0646157,0.83504081,1.0792394,8,1417
da02,1706844710289142,7.06867,0.82979584,1.0834942,9,1418
da02,1706844710389080,7.0513973,0.83531696,1.0849944,8,1419
da02,1706844710489280,7.057826,0.81762195,1.0805287,9,1420
da02,1706844710589272,7.0542941,0.82558197,1.0820898,8,1421
da02,1706844710689095,7.0629153,0.81862015,1.0826135,10,1422
da02,1706844710789151,7.0679889,0.83024168,1.0773511,10,1423
da02,1706844710889148,7.0629272,0.81974334,1.0733694,8,1424
da02,1706844710989070,7.0761714,0.82332832,1.0735292,11,1425
da02,1706844711089081,7.0712023,0.82355553,1.0765138,9,1426
da02,1706844711189022,7.0678864,0.82227969,1.0718626,9,1427
da02,1706844711289085,7.0653796,0.8224166,1.0725174,9,1428
da02,1706844711389094,7.06771,0.82181972,1.0742503,9,1429
da02,1706844711489140,7.0577226,0.81595141,1.079463,7,1430
da02,1706844711589056,7.0634627,0.81885314,1.0809488,9,1431
da02,1706844711689034,7.0546374,0.83125854,1.0876001,8,1432
da02,1706844711789054,7.0711684,0.82523549,1.0893497,11,1433
da02,1706844711889184,7.063211,0.827954,1.0840939,8,1434
da02,1706844711989093,7.0599809,0.82512349,1.0867614,8,1435
da02,1706844712089094,7.06095,0.82645708,1.0813816,9,1436
da02,1706844712189039,7.0493307,0.83590889,1.077002,8,1437
da02,1706844712289162,7.0506244,0.83575207,1.0636494,10,1438
da02,1706844712389054,7.0561857,0.83667207,1.0679994,9,1439
da02,1706844712489177,7.0614743,0.8396427,1.0679233,10,0
da02,1706844712589064,7.0502253,0.83436316,1.0529586,9,1
da02,1706844712689099,7.0505261,0.83628768,1.06284,8,2
da02,1706844712789071,7.0519137,0.83663088,1.0695893,9,3
da02,1706844712889104,7.0477104,0.82969213,1.0826341,7,4
da02,1706844712989060,7.0439992,0.83717847,1.0877937,8,5
da02,1706844713089254,7.0523891,0.83670312,1.0778908,10,6
da02,1706844713189084,7.0609903,0.83520037,1.0771153,10,7
da02,1706844713289098,7.0456624,0.83820128,1.0874985,8,8
da02,1706844713389070,7.0487471,0.6904791,1.0507675,70,9
da02,1706844713489085,7.0426903,0.72042382,1.0642689,7,10
da02,1706844713589212,7.0468359,0.74791539,1.0647985,9,11
da02,1706844713689253,7.0458064,0.76475537,1.0625479,9,12
da02,1706844713789106,7.0465131,0.78038812,1.0626805,9,13
da02,1706844713889172,7.0505462,0.78649592,1.0715041,8,14
da02,1706844713989069,7.05778,0.79270393,1.0649487,10,15
da02,1706844714089068,7.0594873,0.81286675,1.0774244,9,16
da02,1706844714189010,7.0635843,0.819876,1.0807971,9,17
da02,1706844714289592,7.0750008,0.8270824,1.0908021,10,18
da02,1706844714388970,7.07454,0.82569396,1.0869144,9,19
da02,1706844714489014,7.0807648,0.820625,1.083661,10,20
da02,1706844714588961,7.0838289,0.81715351,1.0917953,9,21
da02,1706844714689057,7.0775962,0.82602113,1.0910794,9,22
da02,1706844714788974,7.0764031,0.82821882,1.095808,9,23
da02,1706844714889020,7.0801415,0.830001,1.0868587,10,24
da02,1706844714989116,7.0853028,0.82801217,1.078535,11,25
da02,1706844715089066,7.0833654,0.82749414,1.0853817,9,26
da02,1706844715189026,7.0930681,0.82883835,1.0757873,12,27
da02,1706844715289031,7.091114,0.82967746,1.074488,10,28
da02,1706844715389016,7.0706382,0.82633972,1.0708857,7,29
da02,1706844715489238,7.07013,0.8228479,1.079132,8,30
da02,1706844715589134,7.07586,0.82335621,1.0746822,10,31
da02,1706844715689123,7.0780292,0.81017715,1.0790576,9,32
da02,1706844715789048,7.0750365,0.80247736,1.0841509,8,33
da02,1706844715889125,7.08024,0.80952948,1.0888447,10,34
da02,1706844715991086,7.077817,0.80540133,1.0846715,9,35
da02,1706844716089222,7.0644021,0.81221223,1.0915133,8,36
da02,1706844716189254,7.0600877,0.81518477,1.0905886,8,37
da02,1706844716289302,7.0703716,0.8101595,1.0792445,11,38
da02,1706844716389130,7.0729675,0.8133899,1.0804241,9,39
da02,1706844716489036,7.0805521,0.82374567,1.0787166,11,40
da02,1706844716589005,7.0751562,0.8298496,1.0808973,9,41
da02,1706844716689033,7.0699677,0.83444065,1.0790199,9,42
da02,1706844716789016,7.0553579,0.84145844,1.0804017,8,43
da02,1706844716889038,7.0632997,0.83433986,1.0700271,11,44
da02,1706844716989075,7.0624166,0.82547444,1.0704253,9,45
da02,1706844717089058,7.0662384,0.82568431,1.0641487,10,46
da02,1706844717189071,7.0675826,0.82502109,1.0658754,9,47
da02,1706844717289374,7.0728354,0.82272643,1.0643014,10,48
da02,1706844717389117,7.066586,0.8361097,1.0718981,8,49
da02,1706844717489097,7.0553041,0.83041257,1.0742152,7,50
da02,1706844717589021,7.0650206,0.82971978,1.0875776,9,51
da02,1706844717689074,7.0612879,0.82867336,1.0939056,8,52
da02,1706844717789050,7.0643535,0.81900364,1.0943508,9,53
da02,1706844717889042,7.0527649,0.8239373,1.0907699,8,54
da02,1706844717989045,7.0581656,0.8285802,1.0859611,10,55
da02,1706844718089090,7.0624266,0.8185811,1.0818841,9,56
da02,1706844718189032,7.0711489,0.82580054,1.0745074,11,57
da02,1706844718289182,7.0632792,0.82280594,1.0673869,9,58
da02,1706844718389078,7.05045,0.82279116,1.0569849,8,59
da02,1706844718489090,7.0538416,0.821302,1.0655549,9,60
da02,1706844718589082,7.0522618,0.81641442,1.0655552,8,61
da02,1706844718689083,7.0498247,0.81946355,1.0679778,8,62
da02,1706844718789122,7.052494,0.82315773,1.0501107,11,63
da02,1706844718889125,7.0526848,0.82303655,1.0602907,8,64
da02,1706844718989088,7.0532227,0.82261711,1.061386,9,65
da02,1706844719089131,7.0736604,0.81658489,1.060691,12,66
da02,1706844719189238,7.0712094,0.82005316,1.0618287,9,67
da02,1706844719289084,7.080471,0.82436097,1.0554892,12,68
da02,1706844719389123,7.0786481,0.82371038,1.0528692,10,69
da02,1706844719489038,7.0729728,0.82949293,1.0552479,9,70
da02,1706844719589060,7.0660982,0.82973903,1.0513291,9,71
da02,1706844719689149,7.0780683,0.8379283,1.0543774,11,72
da02,1706844719789058,7.0802236,0.83841938,1.052641,11,73
da02,1706844719889082,7.0779715,0.84013975,1.0628632,9,74
da02,1706844719989214,7.0581589,0.83333325,1.0728198,8,75
da02,1706844720089049,7.0556679,0.83749759,1.0646198,9,76
da02,1706844720189117,7.0546803,0.83416557,1.0701238,8,77
da02,1706844720289178,7.05729,0.83733433,1.0714109,9,78
da02,1706844720389133,7.04976,0.83447576,1.0604936,9,79
da02,1706844720489131,7.0484257,0.82702523,1.06345,8,80
da02,1706844720589050,7.0496397,0.82595885,1.0664982,9,81
da02,1706844720689128,7.0488486,0.83458513,1.0595714,9,82
da02,1706844720789062,7.0567312,0.83851141,1.0564916,10,83
da02,1706844720889115,7.0390754,0.83740765,1.0565964,8,84
da02,1706844720989519,7.0336413,0.82462436,1.0609534,7,85
da02,1706844721089198,7.0409088,0.81742305,1.0733007,8,86
da02,1706844721189124,7.0403996,0.82883567,1.070473,9,87
da02,1706844721289167,7.0564938,0.83606917,1.072677,11,88
da02,1706844721389611,7.0689416,0.83885133,1.0822293,10,89
da02,1706844721489151,7.0719314,0.83266795,1.0819477,9,90
da02,1706844721589245,7.076107,0.82618004,1.0832076,10,91
da02,1706844721689128,7.0706153,0.83497709,1.0895015,8,92
da02,1706844721789080,7.0672569,0.84196514,1.0928797,8,93
da02,1706844721889232,7.0698504,0.83917308,1.0813462,10,94
da02,1706844721989096,7.0783052,0.83522058,1.0844187,10,95
da02,1706844722089107,7.0893712,0.82673413,1.0801256,11,96
da02,1706844722189072,7.0776362,0.82829738,1.0830719,8,97
da02,1706844722289097,7.0798378,0.83220911,1.0896969,9,98
da02,1706844722389036,7.07445,0.82197565,1.091006,8,99
da02,1706844722489076,7.0656719,0.82550913,1.0853361,8,100
da02,1706844722589058,7.0634184,0.8195833,1.0835932,9,101
da02,1706844722689113,7.0735021,0.820544,1.0823196,10,102
da02,1706844722789062,7.070652,0.82571876,1.0701603,10,103
da02,1706844722889078,7.0724692,0.82247019,1.0666639,10,104
da02,1706844722989166,7.06412,0.82915568,1.0796291,8,105
da02,1706844723089111,7.0491819,0.83041674,1.0764879,8,106
da02,1706844723189060,7.0415068,0.8235904,1.0669355,8,107
da02,1706844723289122,7.0555863,0.82171708,1.0607885,11,108
da02,1706844723389126,7.0638642,0.81798196,1.0635582,10,109
da02,1706844723489064,7.0650458,0.81887722,1.062979,9,110
da02,1706844723589068,7.0671167,0.81615818,1.068768,9,111
da02,1706844723689157,7.0751247,0.81795782,1.0714691,10,112
da02,1706844723789059,7.0845685,0.82047904,1.0730561,11,113
da02,1706844723889117,7.0695257,0.82020432,1.0740879,8,114
da02,1706844723989134,7.0551534,0.82296133,1.0741076,8,115
da02,1706844724089082,7.0424685,0.82573748,1.0761575,8,116
da02,1706844724189116,7.0417824,0.8215456,1.083445,7,117
da02,1706844724289438,7.0508342,0.81705427,1.0834837,9,118
da02,1706844724389113,7.041636,0.81346679,1.0838625,7,119
da02,1706844724489234,7.053339,0.81630307,1.0785018,10,120
da02,1706844724589172,7.0543027,0.82806331,1.0732064,9,121
da02,1706844724689116,7.0472088,0.82554281,1.0714482,8,122
da02,1706844724789112,7.0452514,0.82710052,1.0665126,9,123
da02,1706844724889152,7.0409555,0.838626,1.0695062,8,124
da02,1706844724989030,7.0552106,0.82843775,1.0726298,10,125
da02,1706844725090977,7.063179,0.82451957,1.0717404,10,126
da02,1706844725189039,7.0658336,0.83797187,1.0708888,10,127
da02,1706844725289764,7.0764265,0.83773279,1.0698286,11,128
da02,1706844725389139,7.0863557,0.8346377,1.0626156,12,129
da02,1706844725489099,7.078331,0.84026372,1.066053,9,130
da02,1706844725589119,7.0846791,0.83154976,1.0790951,9,131
da02,1706844725689169,7.085978,0.83175778,1.0729146,10,132
da02,1706844725789229,7.0716152,0.83434874,1.0678877,8,133
da02,1706844725889111,7.0624027,0.83471864,1.0759101,8,134
da02,1706844725989203,7.0578818,0.82838762,1.0677965,9,135
da02,1706844726089224,7.0709033,0.82681108,1.067481,11,136
da02,1706844726189118,7.0711026,0.82477254,1.0642372,10,137
da02,1706844726289288,7.0823445,0.8260383,1.0587775,12,138
da02,1706844726389146,7.0736461,0.81889945,1.0525763,9,139
da02,1706844726489220,7.0785046,0.81925058,1.0581872,10,140
da02,1706844726589080,7.0853786,0.81099975,1.0502526,11,141
da02,1706844726689128,7.0899363,0.8163442,1.0580362,10,142
da02,1706844726789076,7.0969763,0.81031114,1.0599073,11,143
da02,1706844726889128,7.0749621,0.8162998,1.0613842,8,144
da02,1706844726989093,7.065577,0.82721657,1.0639219,8,145
da02,1706844727089136,7.0475268,0.83594084,1.0741805,8,146
da02,1706844727189305,7.0550523,0.83462143,1.0711012,10,147
da02,1706844727289249,7.0528316,0.84645766,1.0840012,8,148
da02,1706844727389134,7.0590858,0.83917785,1.0736237,10,149
da02,1706844727489335,7.0752826,0.82931513,1.0806253,10,150
da02,1706844727589124,7.0706673,0.82020819,1.0755866,9,151
da02,1706844727689162,7.0716796,0.81902617,1.0799851,9,152
da02,1706844727789108,7.0593758,0.82404578,1.0720853,8,153
da02,1706844727889140,7.052876,0.82515353,1.0734729,8,154
da02,1706844727989099,7.0511684,0.81855583,1.0700996,9,155
da02,1706844728089160,7.0409865,0.82319111,1.0742483,8,156
da02,1706844728189150,7.0458188,0.83246946,1.0721073,9,157
da02,1706844728289155,7.058454,0.82645571,1.070453,10,158
da02,1706844728389120,7.0580463,0.81806362,1.0679574,9,159
da02,1706844728489196,7.0612426,0.83162147,1.0689982,10,160
da02,1706844728589070,7.0610108,0.83879226,1.0681698,9,161
da02,1706844728689161,7.0490465,0.84322923,1.0729309,8,162
da02,1706844728789120,7.066308,0.83161712,1.0676619,11,163
da02,1706844728889118,7.0656672,0.83252096,1.0598522,10,164
da02,1706844728989212,7.0664344,0.8275376,1.0594922,9,165
da02,1706844729089191,7.0756712,0.83096367,1.0694904,10,166
da02,1706844729189190,7.072978,0.83711261,1.0792986,9,167
da02,1706844729289110,7.0844374,0.84012938,1.0739832,12,168
da02,1706844729389144,7.0823112,0.84037876,1.0706298,10,169
da02,1706844729489189,7.0965734,0.83215511,1.0718294,12,170
da02,1706844729589060,7.0971446,0.83442831,1.0752193,10,171
da02,1706844729689166,7.0854106,0.8301338,1.0611874,10,172
da02,1706844729789187,7.0723877,0.828708,1.0535721,9,173
da02,1706844729889168,7.0805755,0.83039182,1.0581568,11,174
da02,1706844729989122,7.066102,0.82920748,1.0546365,8,175
da02,1706844730089198,7.069798,0.82663774,1.0502778,10,176
da02,1706844730189233,7.0602126,0.83202589,1.0499327,9,177
da02,1706844730289259,7.0792871,0.82326734,1.0531552,12,178
da02,1706844730389183,7.0790606,0.83709544,1.0528733,10,179
da02,1706844730489299,7.0795,0.83364177,1.0530802,10,180
da02,1706844730589155,7.0678606,0.83905548,1.0614306,8,181
da02,1706844730689198,7.06101,0.84464133,1.0664234,8,182
da02,1706844730789139,7.0490718,0.84541988,1.0670598,8,183
da02,1706844730889151,7.0427403,0.84894109,1.0767266,8,184
da02,1706844730989124,7.0576944,0.83847314,1.0709323,11,185
da02,1706844731089154,7.05969,0.83166957,1.0615859,10,186
da02,1706844731189164,7.067965,0.83330393,1.0663906,10,187
da02,1706844731289570,7.0700455,0.82969284,1.0593685,10,188
da02,1706844731389345,7.0791488,0.83296925,1.0680766,10,189
da02,1706844731489252,7.0751562,0.81922948,1.0621538,9,190
da02,1706844731589189,7.0726223,0.82722014,1.0696076,9,191
da02,1706844731689197,7.0781159,0.82625896,1.0685886,10,192
da02,1706844731789206,7.0689006,0.82273942,1.0677782,8,193
da02,1706844731889191,7.0588536,0.82523239,1.0785347,8,194
da02,1706844731989261,7.0519667,0.83418274,1.0875003,8,195
da02,1706844732089174,7.0631375,0.82324404,1.0806149,10,196
da02,1706844732189152,7.0657158,0.81832743,1.0778606,9,197
da02,1706844732289533,7.0555792,0.82839406,1.0706147,8,198
da02,1706844732389098,7.0583315,0.83381659,1.0656096,10,199
da02,1706844732489153,7.0704184,0.83384836,1.068236,11,200
da02,1706844732589247,7.0560942,0.83848506,1.0649819,8,201
da02,1706844732689176,7.0520663,0.82775009,1.0702063,8,202
da02,1706844732789181,7.0578704,0.81683248,1.0697272,9,203
da02,1706844732889296,7.0587482,0.81084454,1.0709035,9,204
da02,1706844732989232,7.0496845,0.81892347,1.0770596,8,205
da02,1706844733089189,7.0609641,0.81326669,1.083401,9,206
da02,1706844733189256,7.0731735,0.81543708,1.0867451,10,207
da02,1706844733289146,7.0572124,0.81450653,1.0835234,7,208
da02,1706844733389110,7.0473728,0.82279944,1.0833879,8,209
da02,1706844733489347,7.0599504,0.82219285,1.081025,10,210
da02,1706844733589108,7.0553889,0.83610809,1.0798727,9,211
da02,1706844733689130,7.06667,0.83710629,1.0709566,11,212
da02,1706844733789104,7.0732727,0.83290571,1.0719725,10,213
da02,1706844733889132,7.072381,0.83640647,1.072513,9,214
da02,1706844733989156,7.07071,0.83005744,1.0703191,9,215
da02,1706844734089150,7.0712185,0.834701,1.0661534,10,216
da02,1706844734189120,7.0594764,0.83205754,1.0616775,8,217
da02,1706844734289204,7.0566754,0.83642542,1.0676552,8,218
da02,1706844734389133,7.0614228,0.83975685,1.0780212,9,219
da02,1706844734489169,7.0438042,0.83495587,1.0751513,8,220
da02,1706844734589204,7.0430951,0.83269769,1.0661924,9,221
da02,1706844734689430,7.0409765,0.83571368,1.0753802,8,222
da02,1706844734789208,7.0546684,0.83899289,1.0723624,11,223
da02,1706844734889193,7.0550432,0.83756739,1.0725663,9,224
da02,1706844734989364,7.0424657,0.83111751,1.0694027,7,225
da02,1706844735089193,7.0426383,0.82036549,1.0714842,8,226
da02,1706844735189160,7.0366969,0.811454,1.0769624,7,227
da02,1706844735289168,7.0432606,0.80645293,1.0736012,9,228
da02,1706844735389131,7.0552688,0.81483012,1.0667878,11,229
da02,1706844735489157,7.0547905,0.81569171,1.068644,9,230
da02,1706844735589287,7.0712385,0.82033312,1.0659512,11,231
da02,1706844735689172,7.0814314,0.81139666,1.068131,10,232
da02,1706844735789147,7.0636392,0.82009029,1.0696946,8,233
da02,1706844735889191,7.0537558,0.82334197,1.0650493,8,234
da02,1706844735989179,7.0517359,0.82278693,1.0693326,8,235
da02,1706844736089177,7.068984,0.82341522,1.065751,11,236
da02,1706844736189164,7.0616374,0.8221401,1.0611713,9,237
da02,1706844736289781,7.0691528,0.81867397,1.066299,10,238
da02,1706844736389176,7.0629182,0.81738538,1.0761085,8,239
da02,1706844736489564,7.0532088,0.82239509,1.0740198,8,240
da02,1706844736589179,7.0547485,0.82210803,1.0789797,8,241
da02,1706844736689195,7.053575,0.82421732,1.0688384,9,242
da02,1706844736789192,7.0533934,0.83059442,1.0689293,9,243
da02,1706844736889322,7.0624952,0.83098829,1.0728575,10,244
da02,1706844736989289,7.0692081,0.83924454,1.0632381,11,245
da02,1706844737089197,7.06488,0.83209795,1.0718114,8,246
da02,1706844737189188,7.05774,0.83267844,1.0760888,8,247
da02,1706844737289248,7.052422,0.830902,1.0747687,8,248
da02,1706844737389259,7.0476012,0.83368444,1.0727763,8,249
da02,1706844737489320,7.0628557,0.82897669,1.0619323,12,250
da02,1706844737589218,7.078434,0.82465863,1.0739759,10,251
da02,1706844737689224,7.0781603,0.83063257,1.0724057,10,252
da02,1706844737789291,7.0750623,0.8234458,1.0771066,9,253
da02,1706844737889214,7.0730343,0.82450879,1.0686702,10,254
da02,1706844737990296,7.0627337,0.82585132,1.0736698,8,255
da02,1706844738089406,7.073061,0.82076043,1.0734596,10,256
da02,1706844738189144,7.0715165,0.82355052,1.0738626,9,257
da02,1706844738289218,7.0803814,0.82284433,1.065807,11,258
da02,1706844738389258,7.0740132,0.82135135,1.0651678,9,259
da02,1706844738489161,7.0687337,0.827271,1.0734162,8,260
da02,1706844738589184,7.0647569,0.83292323,1.0685672,9,261
da02,1706844738689258,7.0659509,0.83862221,1.0745062,9,262
da02,1706844738789166,7.0632629,0.82869112,1.0702932,9,263
da02,1706844738889170,7.0566912,0.82005,1.0679607,8,264
da02,1706844738989232,7.06823,0.81230533,1.0629843,11,265
da02,1706844739089197,7.0770206,0.82067454,1.0686852,10,266
da02,1706844739189158,7.0725474,0.82534134,1.0688366,9,267
da02,1706844739289212,7.0748878,0.83113158,1.0720668,10,268
da02,1706844739389276,7.084435,0.82929051,1.0656028,11,269
da02,1706844739491846,7.0831161,0.82809442,1.072935,9,270
da02,1706844739589261,7.0779114,0.82903403,1.073755,9,271
da02,1706844739689345,7.0661349,0.843857,1.0709292,9,272
da02,1706844739789254,7.0704737,0.84474576,1.0633239,11,273
da02,1706844739889290,7.0798011,0.84836686,1.0697926,11,274
da02,1706844739989306,7.0865335,0.84478694,1.0675941,11,275
da02,1706844740089304,7.0885024,0.84282237,1.0643791,11,276
da02,1706844740189230,7.0918164,0.84619647,1.0656332,11,277
da02,1706844740289484,7.0911989,0.85065067,1.0578198,11,278
da02,1706844740389160,7.09193,0.85172951,1.0547304,11,279
da02,1706844740490826,7.0856953,0.84451616,1.0628865,9,280
da02,1706844740589360,7.0739293,0.82926077,1.0703417,7,281
da02,1706844740689189,7.0657067,0.82730407,1.0622313,9,282
da02,1706844740789227,7.067503,0.83036464,1.0631434,10,283
da02,1706844740889258,7.0892434,0.83106172,1.0649029,12,284
da02,1706844740989372,7.0840392,0.83090079,1.0684936,9,285
da02,1706844741089384,7.0744414,0.82843685,1.0757174,8,286
da02,1706844741189206,7.0726733,0.82030404,1.0802913,9,287
da02,1706844741289290,7.061367,0.81937611,1.0740149,8,288
da02,1706844741389233,7.0663066,0.81355965,1.0781643,9,289
da02,1706844741489150,7.0652337,0.82263511,1.0753471,9,290
da02,1706844741589662,7.0655732,0.82942635,1.0767466,9,291
da02,1706844741689208,7.069294,0.8334865,1.0727904,10,292
da02,1706844741789186,7.0747371,0.83842146,1.0710601,10,293
da02,1706844741889226,7.0800519,0.83652365,1.0714468,10,294
da02,1706844741989231,7.0837431,0.829872,1.068907,10,295
da02,1706844742089324,7.0867615,0.8334946,1.0671403,11,296
da02,1706844742189216,7.0763307,0.83945405,1.062431,9,297
da02,1706844742289204,7.0716367,0.83984107,1.0593097,9,298
da02,1706844742389344,7.0650673,0.83961493,1.0702925,8,299
da02,1706844742493153,7.0598288,0.8353458,1.0760181,8,300
da02,1706844742589274,7.0535479,0.836608,1.0785643,8,301
da02,1706844742689174,7.048624,0.82668662,1.0834424,7,302
da02,1706844742789224,7.0505824,0.82385582,1.0794419,9,303
da02,1706844742889286,7.0394678,0.82376808,1.0842916,8,304
da02,1706844742989179,7.0427532,0.83364505,1.0778371,9,305
da02,1706844743089275,7.0350738,0.83304185,1.0769197,8,306
da02,1706844743189214,7.0437145,0.83765966,1.0727991,10,307
da02,1706844743289154,7.0353603,0.83975405,1.0770122,8,308
da02,1706844743389220,7.0409288,0.83772171,1.0847075,8,309
da02,1706844743489120,7.0369792,0.84508312,1.08412,8,310
da02,1706844743589131,7.0658855,0.84580362,1.0844519,12,311
da02,1706844743689242,7.0631933,0.83517909,1.0818813,9,312
da02,1706844743789163,7.0646186,0.82498968,1.0859655,8,313
da02,1706844743889162,7.0642838,0.83529061,1.0837407,9,314
da02,1706844743989231,7.0756865,0.83310831,1.0797967,11,315
da02,1706844744089212,7.0764966,0.83544844,1.0812455,9,316
da02,1706844744189149,7.0722766,0.8240369,1.0933163,7,317
da02,1706844744289225,7.074779,0.82229185,1.095462,9,318
da02,1706844744389172,7.0587258,0.8227008,1.0845747,8,319
da02,1706844744489122,7.0577145,0.82457924,1.0841115,9,320
da02,1706844744589241,7.0535264,0.82593757,1.084649,8,321
da02,1706844744689154,7.0507188,0.82996172,1.0833925,8,322
da02,1706844744789153,7.0644326,0.82460964,1.0783826,11,323
da02,1706844744889299,7.0684915,0.826554,1.0691509,10,324
da02,1706844744989247,7.0727553,0.82007748,1.0783746,9,325
da02,1706844745089537,7.0729833,0.812579,1.0751441,9,326
da02,1706844745189291,7.0634394,0.81736082,1.0695808,9,327
da02,1706844745289250,7.1780987,0.82209677,1.0568509,67,328
da02,1706844745389267,7.1464796,0.82382697,1.0532867,9,329
da02,1706844745489255,7.1194,0.82164371,1.0579991,8,330
da02,1706844745589300,7.102798,0.82639855,1.0638629,9,331
da02,1706844745689215,7.0935049,0.82367378,1.0641841,9,332
da02,1706844745789271,7.0834427,0.82342356,1.0708457,8,333
da02,1706844745889280,7.0873103,0.82790464,1.0706935,11,334
da02,1706844745989204,7.1008329,0.83769023,1.0791167,12,335
da02,1706844746089220,7.094676,0.83404261,1.0768206,10,336
da02,1706844746189245,7.0806894,0.8435294,1.0738674,9,337
da02,1706844746289214,7.0718565,0.84238118,1.0812107,8,338
da02,1706844746389184,7.0701718,0.843496,1.0797261,9,339
da02,1706844746489284,7.0642171,0.8509897,1.0782205,9,340
da02,1706844746589289,7.0614781,0.84399396,1.0700035,9,341
da02,1706844746689284,7.0630574,0.85067415,1.0718632,9,342
da02,1706844746789252,7.0629053,0.84375733,1.0684439,9,343
da02,1706844746889263,7.0684609,0.84313411,1.0659226,10,344
da02,1706844746989275,7.0650878,0.83547658,1.0611218,9,345
da02,1706844747089344,7.054728,0.84266388,1.0650073,8,346
da02,1706844747189292,7.0641327,0.84942317,1.0639768,11,347
da02,1706844747289842,7.0840306,0.84457558,1.0646013,12,348
da02,1706844747389288,7.0769377,0.84960562,1.0655354,9,349
da02,1706844747489240,7.0804543,0.85166442,1.0622033,11,350
da02,1706844747589266,7.0654683,0.85343224,1.0553764,9,351
da02,1706844747689297,7.0511065,0.83998579,1.0616977,7,352
da02,1706844747789295,7.0470934,0.83447045,1.0698119,8,353
da02,1706844747889369,7.0568204,0.84578907,1.0751717,10,354
da02,1706844747989262,7.0698066,0.83580697,1.0630374,12,355
da02,1706844748089283,7.0648427,0.8366915,1.0613868,9,356
da02,1706844748189224,7.06538,0.83323765,1.0678787,9,357
da02,1706844748289291,7.0700421,0.82772738,1.0695028,10,358
da02,1706844748389380,7.065094,0.82609284,1.072378,8,359
da02,1706844748489410,7.0475845,0.83144277,1.0727823,8,360
da02,1706844748589331,7.0520954,0.82748568,1.0670943,10,361
da02,1706844748689282,7.0416589,0.82995874,1.0643779,8,362
da02,1706844748789310,7.0350027,0.83067244,1.0654712,7,363
da02,1706844748889348,7.044764,0.83806539,1.0722768,9,364
da02,1706844748989312,7.0365276,0.83971304,1.073848,8,365
da02,1706844749089398,7.0394759,0.84102541,1.0802218,8,366
da02,1706844749189391,7.0454087,0.84843069,1.0798125,9,367
da02,1706844749289331,7.044991,0.84764129,1.0735798,9,368
da02,1706844749389328,7.0547423,0.83973831,1.0628153,11,369
da02,1706844749489372,7.0480018,0.82940573,1.0670882,7,370
da02,1706844749589304,7.0462003,0.83185685,1.0650108,9,371
da02,1706844749689365,7.0547824,0.8341915,1.0636231,10,372
da02,1706844749789378,7.0622978,0.83811557,1.074433,9,373
da02,1706844749889354,7.0519609,0.8397525,1.0786606,8,374
da02,1706844749989250,7.0621696,0.83822876,1.082623,10,375
da02,1706844750089323,7.0609436,0.8433919,1.0759242,9,376
da02,1706844750189282,7.0591,0.83259279,1.0816679,8,377
da02,1706844750289335,7.0667577,0.83481526,1.0717903,11,378
da02,1706844750389303,7.0736141,0.83752239,1.0758308,10,379
da02,1706844750489275,7.0675325,0.82484925,1.0695025,9,380
da02,1706844750589255,7.0730581,0.83017045,1.0592563,11,381
da02,1706844750689267,7.0760756,0.832944,1.059032,10,382
da02,1706844750789262,7.0798159,0.83571124,1.0713888,9,383
da02,1706844750889262,7.0655107,0.83539963,1.0690721,8,384
da02,1706844750989289,7.0766196,0.82979739,1.0752815,10,385
da02,1706844751089275,7.0613952,0.82041919,1.074264,7,386
da02,1706844751189275,7.0577688,0.82467586,1.0825571,8,387
da02,1706844751289273,7.0688806,0.82473755,1.0804911,10,388
da02,1706844751389286,7.0689158,0.8172307,1.0698172,10,389
da02,1706844751489274,7.0551043,0.81918746,1.079215,8,390
da02,1706844751589332,7.0561433,0.82196116,1.0798014,9,391
da02,1706844751689292,7.0495853,0.8299346,1.0790063,8,392
da02,1706844751789261,7.0547171,0.82744116,1.0793998,9,393
da02,1706844751889277,7.0597305,0.82446736,1.0790555,9,394
da02,1706844751989270,7.0638957,0.8196063,1.0829273,9,395
da02,1706844752089270,7.0571656,0.81321561,1.0812218,8,396
da02,1706844752189266,7.0511632,0.82036,1.085233,8,397
da02,1706844752289374,7.0639267,0.82267636,1.0753071,11,398
da02,1706844752389232,7.07233,0.82320255,1.0791075,10,399
da02,1706844752489322,7.0705256,0.82681692,1.0888274,8,400
da02,1706844752589290,7.07496,0.8285293,1.0867306,10,401
da02,1706844752689280,7.0642495,0.82440871,1.0819811,8,402
da02,1706844752789316,7.0610104,0.83111674,1.0777404,9,403
da02,1706844752889307,7.064487,0.8249802,1.0771046,9,404
da02,1706844752989262,7.0715823,0.82603168,1.081091,10,405
da02,1706844753089342,7.0676479,0.8323918,1.0729904,10,406
da02,1706844753189316,7.0669985,0.83612448,1.0621995,10,407
da02,1706844753289261,7.0729322,0.84499717,1.0532569,11,408
da02,1706844753389309,7.0811076,0.83249056,1.0622797,10,409
da02,1706844753489329,7.0693383,0.82137954,1.0629535,8,410
da02,1706844753589249,7.0723381,0.81282359,1.0654002,9,411
da02,1706844753689306,7.0580125,0.81782109,1.0662379,7,412
da02,1706844753789287,7.0539365,0.83275753,1.0764284,8,413
da02,1706844753889287,7.06246,0.83751523,1.0713226,10,414
da02,1706844753989316,7.0720053,0.83588862,1.0675966,11,415
da02,1706844754089282,7.0820107,0.84844267,1.0712255,11,416
da02,1706844754189237,7.0751057,0.84835541,1.07557,9,417
da02,1706844754289284,7.0825744,0.84508967,1.0822325,10,418
da02,1706844754389257,7.0857944,0.85048574,1.0789922,11,419
da02,1706844754489282,7.0922184,0.84415424,1.0735135,11,420
da02,1706844754589334,7.0903859,0.84674978,1.0746202,10,421
da02,1706844754689266,7.0825329,0.847169,1.0702279,9,422
da02,1706844754789263,7.0762882,0.84562725,1.0651574,9,423
da02,1706844754889258,7.0727382,0.84556878,1.0652233,9,424
da02,1706844754989255,7.0717144,0.83842093,1.0676565,9,425
da02,1706844755089279,7.0632176,0.83930749,1.0709463,8,426
da02,1706844755189263,7.0496073,0.84028506,1.070394,8,427
da02,1706844755289274,7.0508747,0.83782762,1.0658927,9,428
da02,1706844755389252,7.0564275,0.8348729,1.0685914,9,429
da02,1706844755489526,7.0739303,0.83655232,1.0749958,11,430
da02,1706844755589283,7.0711455,0.8263737,1.080038,8,431
da02,1706844755689284,7.0689478,0.82546693,1.0859549,8,432
da02,1706844755789334,7.0712266,0.81887221,1.0850165,9,433
da02,1706844755890880,7.0725861,0.80978847,1.0894438,9,434
da02,1706844755989331,7.0815992,0.80759549,1.0884482,10,435
da02,1706844756089378,7.0821834,0.81079119,1.0780843,10,436
da02,1706844756189287,7.076952,0.80860859,1.0703092,9,437
da02,1706844756289258,7.0819888,0.82167011,1.066934,11,438
da02,1706844756389278,7.0844126,0.81946111,1.0671952,10,439
da02,1706844756489272,7.0913138,0.81188011,1.0656424,11,440
da02,1706844756589293,7.0858717,0.82294643,1.0609219,10,441
da02,1706844756689275,7.0834045,0.826373,1.0604705,10,442
da02,1706844756789254,7.0777593,0.827,1.0629971,9,443
da02,1706844756889270,7.0685606,0.82777995,1.0650126,8,444
da02,1706844756989276,7.0550547,0.83471644,1.0601737,8,445
da02,1706844757089260,7.0588188,0.83102751,1.0652753,9,446
da02,1706844757189314,7.0536685,0.82594949,1.062849,8,447
da02,1706844757289299,7.0642962,0.82495618,1.0607949,11,448
da02,1706844757389255,7.0609303,0.81502706,1.0630491,8,449
da02,1706844757489393,7.0673823,0.81892222,1.0697738,10,450
da02,1706844757589325,7.0690041,0.83266133,1.0690324,10,451
da02,1706844757689281,7.0804348,0.82779151,1.0674381,11,452
da02,1706844757789310,7.0702333,0.82538915,1.0662227,8,453
da02,1706844757889370,7.0587192,0.82511592,1.0579439,9,454
da02,1706844757989319,7.057539,0.83414567,1.0782139,8,455
da02,1706844758089293,7.0621772,0.83248174,1.0802926,9,456
da02,1706844758189312,7.0618868,0.82828271,1.0692366,10,457
da02,1706844758289829,7.0520387,0.8320021,1.0758095,8,458
da02,1706844758389287,7.063796,0.829825,1.0805364,10,459
da02,1706844758489278,7.0481758,0.83056009,1.0747204,8,460
da02,1706844758589295,7.049542,0.82184577,1.0804145,8,461
da02,1706844758689280,7.05642,0.83302319,1.0749315,10,462
da02,1706844758789287,7.06391,0.83925444,1.0657402,11,463
da02,1706844758889293,7.0613437,0.82951921,1.0664505,9,464
da02,1706844758989368,7.0673752,0.82682794,1.06641,10,465
da02,1706844759089442,7.0741515,0.82823378,1.0631306,11,466
da02,1706844759189328,7.0850272,0.82710636,1.0624084,11,467
da02,1706844759289343,7.0862875,0.82503557,1.0631047,10,468
da02,1706844759389482,7.09281,0.83246642,1.0727844,10,469
da02,1706844759489324,7.0927873,0.83501863,1.0751566,10,470
da02,1706844759589238,7.0878673,0.83279258,1.0717535,10,471
da02,1706844759689242,7.0847578,0.81836009,1.0702126,9,472
da02,1706844759789240,7.0641794,0.82828975,1.070227,8,473
da02,1706844759889236,7.0540881,0.83396751,1.0669072,8,474
da02,1706844759989237,7.0580578,0.8327052,1.0710458,9,475
da02,1706844760089246,7.0668316,0.82848412,1.0716834,10,476
da02,1706844760189214,7.0611567,0.82701933,1.0732607,8,477
da02,1706844760289250,7.058414,0.82670808,1.0717616,9,478
da02,1706844760389245,7.0595765,0.81562573,1.0727944,9,479
da02,1706844760489248,7.0600824,0.80656141,1.0721799,9,480
da02,1706844760589279,7.0644875,0.81146687,1.069242,10,481
da02,1706844760689250,7.069129,0.82706553,1.0718783,10,482
da02,1706844760789224,7.07176,0.81971204,1.071731,9,483
da02,1706844760889246,7.05897,0.83048552,1.0705,8,484
da02,1706844760989259,7.0451193,0.82048017,1.0840915,8,485
da02,1706844761089246,7.0427155,0.81312132,1.0807024,8,486
da02,1706844761189264,7.0496445,0.81036383,1.07548,9,487
da02,1706844761289255,7.0539637,0.81461126,1.0788101,9,488
da02,1706844761389248,7.0601587,0.82495183,1.0778216,10,489
da02,1706844761489289,7.0672231,0.82375526,1.081181,10,490
da02,1706844761589334,7.0671835,0.82241547,1.0823652,9,491
da02,1706844761689350,7.0809913,0.82174081,1.0649539,12,492
da02,1706844761789281,7.079813,0.82095981,1.0658419,10,493
da02,1706844761889296,7.08578,0.82269573,1.069366,10,494
da02,1706844761989247,7.0775957,0.82613593,1.0644361,9,495
da02,1706844762089341,7.0674591,0.8170076,1.0632253,8,496
da02,1706844762189239,7.0737195,0.8267712,1.0691022,10,497
da02,1706844762289274,7.084393,0.82075369,1.0678436,11,498
da02,1706844762389290,7.0785184,0.82166553,1.0681673,9,499
da02,1706844762489269,7.0856462,0.81462103,1.0782968,10,500
da02,1706844762589258,7.0956635,0.811697,1.0704669,12,501
da02,1706844762689378,7.0816107,0.81559539,1.0654182,9,502
da02,1706844762789308,7.067915,0.8258813,1.0699422,8,503
da02,1706844762889298,7.0611186,0.82711059,1.05509,10,504
da02,1706844762989317,7.0587888,0.82530785,1.0550363,9,505
da02,1706844763089268,7.0638428,0.82621348,1.0691749,9,506
da02,1706844763189311,7.0649233,0.8305949,1.0765989,9,507
da02,1706844763289277,7.0641866,0.83535308,1.0817789,9,508
da02,1706844763389316,7.0608807,0.84256184,1.0939889,8,509
da02,1706844763489268,7.0616775,0.83620459,1.0819523,10,510
da02,1706844763589340,7.0603185,0.83435673,1.0793967,9,511
da02,1706844763689276,7.0596328,0.835981,1.0758234,9,512
da02,1706844763789313,7.0428677,0.83167648,1.0860026,8,513
da02,1706844763889319,7.0634503,0.83005714,1.0855416,11,514
da02,1706844763989351,7.0823607,0.82664549,1.0874919,11,515
da02,1706844764089353,7.0746446,0.82840335,1.0728463,10,516
da02,1706844764189331,7.0814648,0.83200592,1.0746616,10,517
da02,1706844764289344,7.0942721,0.83406544,1.0765617,11,518
da02,1706844764389320,7.0809741,0.83079356,1.0820674,8,519
da02,1706844764489607,7.0846882,0.83422148,1.0732316,11,520
da02,1706844764589344,7.094326,0.84017849,1.0736977,11,521
da02,1706844764689632,7.0753021,0.83643436,1.077997,8,522
da02,1706844764789347,7.0775018,0.82900268,1.0767397,10,523
da02,1706844764889338,7.08359,0.83475113,1.0707495,11,524
da02,1706844764989433,7.0671206,0.84015888,1.0822101,8,525
da02,1706844765089407,7.0582356,0.8410067,1.0773126,8,526
da02,1706844765189323,7.0577908,0.83462465,1.0710617,9,527
da02,1706844765289325,7.0486517,0.83263928,1.0784771,8,528
da02,1706844765389347,7.0524936,0.82868809,1.0816741,9,529
da02,1706844765489307,7.0527272,0.82498991,1.0756679,9,530
da02,1706844765589329,7.0373173,0.82054657,1.0685289,7,531
da02,1706844765689558,7.0429311,0.81517929,1.0617512,9,532
da02,1706844765789329,7.0488377,0.82380831,1.0703546,9,533
da02,1706844765889576,7.0586777,0.82625347,1.0766691,10,534
da02,1706844765989323,7.0528445,0.81968337,1.079621,8,535
da02,1706844766089311,7.0609827,0.82057184,1.0766441,10,536
da02,1706844766189351,7.0613475,0.82115269,1.0758157,9,537
da02,1706844766289479,7.0688047,0.82690823,1.07638,10,538
da02,1706844766389382,7.0545468,0.83240461,1.0849435,8,539
da02,1706844766489397,7.0523305,0.82960939,1.0804589,9,540
da02,1706844766589406,7.047627,0.82706237,1.082835,8,541
da02,1706844766689397,7.0422025,0.82479209,1.0786695,8,542
da02,1706844766789360,7.039681,0.8216058,1.0759354,8,543
da02,1706844766889336,7.0466113,0.81635785,1.0694621,10,544
da02,1706844766989318,7.0499945,0.82961732,1.0654706,10,545
da02,1706844767089313,7.0665317,0.82855111,1.0593472,12,546
da02,1706844767189361,7.0793414,0.82625109,1.0554519,12,547
da02,1706844767289370,7.0778503,0.82170588,1.0593383,9,548
da02,1706844767389324,7.08054,0.820269,1.0556278,10,549
da02,1706844767489364,7.0737567,0.81870806,1.0523546,9,550
da02,1706844767589351,7.0744152,0.81528687,1.0629016,9,551
da02,1706844767689355,7.0731821,0.70798749,1.0454489,70,552
da02,1706844767789379,7.0612779,0.74108642,1.0524355,8,553
da02,1706844767889474,7.052422,0.76143175,1.0562266,8,554
da02,1706844767989393,7.0433431,0.78665614,1.070653,8,555
da02,1706844768089380,7.0413179,0.79118258,1.0640944,9,556
da02,1706844768189332,7.0587368,0.80521953,1.0717256,10,557
da02,1706844768289301,7.0661564,0.80895609,1.076609,10,558
da02,1706844768389302,7.069025,0.81438285,1.0729226,10,559
da02,1706844768489296,7.07108,0.82412261,1.0644126,10,560
da02,1706844768589318,7.0669713,0.82562476,1.0727922,8,561
da02,1706844768689306,7.0557146,0.83788216,1.0734769,8,562
da02,1706844768789378,7.0611339,0.83951068,1.064099,10,563
da02,1706844768889384,7.0787334,0.83680153,1.0552059,12,564
da02,1706844768989404,7.0693817,0.82952321,1.0573897,8,565
da02,1706844769089418,7.0622716,0.82970554,1.0570138,9,566
da02,1706844769189457,7.0583735,0.83511329,1.0555108,9,567
da02,1706844769289946,7.0606403,0.82418764,1.0647886,9,568
da02,1706844769389412,7.0601153,0.83693874,1.0650992,9,569
da02,1706844769489368,7.0610771,0.83314753,1.0568646,10,570
da02,1706844769589398,7.0685334,0.83922559,1.0670832,10,571
da02,1706844769689376,7.056561,0.8450802,1.0708293,8,572
da02,1706844769789389,7.060812,0.85677344,1.0675569,10,573
da02,1706844769889386,7.0654039,0.84986866,1.0671821,10,574
da02,1706844769989878,7.0680861,0.84429646,1.0682285,10,575
da02,1706844770089568,7.0651054,0.84157664,1.0656745,9,576
da02,1706844770189772,7.0655775,0.83690149,1.0710945,9,577
da02,1706844770289418,7.0647392,0.8367579,1.0727385,9,578
da02,1706844770389945,7.0512943,0.82897621,1.0775155,7,579
da02,1706844770499562,7.0501232,0.833547,1.0629531,10,580
da02,1706844770589568,7.06039,0.83506429,1.0701582,10,581
da02,1706844770689517,7.060782,0.83884692,1.0617654,10,582
da02,1706844770789424,7.055459,0.83589464,1.0664797,8,583
da02,1706844770889430,7.0570421,0.84269863,1.0715083,9,584
da02,1706844770989363,7.0620379,0.84859037,1.0758526,10,585
da02,1706844771089453,7.0768766,0.84680331,1.0921032,10,586
da02,1706844771189358,7.0740576,0.83895487,1.0891504,9,587
da02,1706844771290972,7.0610919,0.84449911,1.0884243,8,588
da02,1706844771389410,7.0649652,0.83356214,1.07827,10,589
da02,1706844771489396,7.0665736,0.83428741,1.0775503,9,590
da02,1706844771589357,7.0677285,0.83821505,1.074319,10,591
da02,1706844771689460,7.0632114,0.84296739,1.0713197,9,592
da02,1706844771789302,7.0637531,0.83604753,1.0849642,8,593
da02,1706844771889334,7.0550542,0.83189738,1.0827147,8,594
da02,1706844771989314,7.0580683,0.82857013,1.0759438,10,595
da02,1706844772089415,7.0676408,0.82125878,1.080184,10,596
da02,1706844772189311,7.0678549,0.82242918,1.0795929,9,597
da02,1706844772289484,7.0697618,0.83376396,1.0808675,10,598
da02,1706844772389372,7.0743246,0.83823508,1.0784397,10,599
da02,1706844772489401,7.0644178,0.8388055,1.0765748,8,600
da02,1706844772589436,7.0706739,0.84394455,1.0694356,11,601
da02,1706844772689391,7.0593786,0.84417212,1.0707934,8,602
da02,1706844772789357,7.0638084,0.84858215,1.0749373,10,603
da02,1706844772889383,7.05843,0.84694517,1.0761088,8,604
da02,1706844772989361,7.0673323,0.84885025,1.0798151,10,605
da02,1706844773089391,7.0607948,0.84080517,1.0765518,8,606
da02,1706844773189364,7.05583,0.83808631,1.0827873,8,607
da02,1706844773289396,7.0691051,0.82432234,1.0820758,10,608
da02,1706844773389360,7.0701613,0.820242,1.0830905,9,609
da02,1706844773489411,7.0620847,0.82346827,1.0779911,8,610
da02,1706844773589376,7.0553284,0.82212996,1.0744349,8,611
da02,1706844773689432,7.0624228,0.82509255,1.0648699,11,612
da02,1706844773789452,7.0682583,0.81561232,1.0741163,9,613
da02,1706844773889394,7.0655503,0.82412529,1.0763993,9,614
da02,1706844773989370,7.0523667,0.83459306,1.0684161,8,615
da02,1706844774089452,7.0613508,0.83438718,1.0676361,10,616
da02,1706844774189374,7.0720387,0.82718128,1.0651653,11,617
da02,1706844774289385,7.0596232,0.83235806,1.0655018,8,618
da02,1706844774389392,7.0579591,0.83440965,1.0732956,8,619
da02,1706844774489442,7.0442438,0.83025271,1.0692593,7,620
da02,1706844774589402,7.0498695,0.832937,1.067649,10,621
da02,1706844774689392,7.0538449,0.82633227,1.0663207,9,622
da02,1706844774789374,7.0463743,0.831308,1.0712231,8,623
da02,1706844774889396,7.0617509,0.83835077,1.068137,11,624
da02,1706844774989381,7.0558538,0.83253658,1.069137,8,625
da02,1706844775089434,7.0487986,0.82625133,1.072531,7,626
da02,1706844775189393,7.0585842,0.83371627,1.0725591,10,627
da02,1706844775289445,7.0443759,0.82674229,1.0666105,7,628
da02,1706844775389388,7.0520339,0.819439,1.0718406,9,629
da02,1706844775489450,7.0646334,0.81631011,1.0748107,10,630
da02,1706844775589496,7.0636559,0.82064182,1.0665421,10,631
da02,1706844775689486,7.0732965,0.82288766,1.0612891,11,632
da02,1706844775789414,7.0795755,0.8098802,1.0644217,10,633
da02,1706844775889404,7.0739603,0.8011235,1.0620803,9,634
da02,1706844775991918,7.0591159,0.81564528,1.0812974,8,635
da02,1706844776089542,7.0418549,0.82921445,1.0778462,8,636
da02,1706844776189473,7.0618448,0.83571756,1.0719551,12,637
da02,1706844776289792,7.0723996,0.82932806,1.0649886,11,638
da02,1706844776389473,7.0868273,0.8238318,1.0681026,11,639
da02,1706844776489484,7.0714111,0.833592,1.0674742,8,640
da02,1706844776589493,7.0786481,0.83749831,1.0586123,11,641
da02,1706844776690066,7.0585122,0.83819973,1.0565556,8,642
da02,1706844776789535,7.0637517,0.83145368,1.0575094,10,643
da02,1706844776889573,7.0649238,0.8312552,1.0553758,10,644
da02,1706844776989568,7.0752382,0.84091884,1.0559515,11,645
da02,1706844777089583,7.0777607,0.8342135,1.069543,9,646
da02,1706844777189478,7.0937395,0.83349431,1.0828424,11,647
da02,1706844777289539,7.0961847,0.83547509,1.0794234,11,648
da02,1706844777389519,7.0899706,0.83690804,1.0712057,10,649
da02,1706844777489485,7.0887237,0.84023207,1.0687269,10,650
da02,1706844777589478,7.0673022,0.836801,1.0741636,8,651
da02,1706844777689505,7.0667682,0.83816677,1.0778716,9,652
da02,1706844777789492,7.0632882,0.84105653,1.0757043,9,653
da02,1706844777889518,7.0599561,0.84056562,1.0784824,8,654
da02,1706844777989500,7.062604,0.82867843,1.0768999,9,655
da02,1706844778089548,7.0503931,0.82343686,1.0641154,8,656
da02,1706844778189471,7.0444508,0.66880131,1.031076,70,657
da02,1706844778289496,7.0513048,0.70285237,1.0434383,9,658
da02,1706844778389486,7.0485883,0.71927959,1.048225,8,659
da02,1706844778489480,7.04782,0.74703962,1.0498465,9,660
da02,1706844778589526,7.068469,0.75990421,1.0485333,12,661
da02,1706844778689500,7.062736,0.77747488,1.0538692,9,662
da02,1706844778789489,7.0577164,0.78801805,1.0584949,8,663
da02,1706844778889504,7.0617046,0.7885344,1.0602343,9,664
da02,1706844778989464,7.0416985,0.80088949,1.079242,9,665
da02,1706844779089502,7.0615196,0.80365592,1.0683674,12,666
da02,1706844779189499,7.059773,0.81259519,1.0650948,9,667
da02,1706844779289505,7.0623989,0.81105703,1.0716895,9,668
da02,1706844779389532,7.0613384,0.8095367,1.0671921,9,669
da02,1706844779489498,7.0657468,0.81783015,1.0642114,10,670
da02,1706844779589511,7.0695281,0.818044,1.0650066,10,671
da02,1706844779689496,7.0704594,0.81781924,1.0634296,10,672
da02,1706844779789491,7.0778885,0.82664973,1.0710846,10,673
da02,1706844779889522,7.0843368,0.82696319,1.073298,10,674
da02,1706844779989523,7.069,0.82315952,1.0801187,7,675
da02,1706844780089550,7.0849323,0.82975435,1.0700672,12,676
da02,1706844780189502,7.0822029,0.83855796,1.0684965,10,677
da02,1706844780290097,7.0784116,0.83468723,1.0656351,10,678
da02,1706844780389524,7.0613022,0.84202218,1.0693192,8,679
da02,1706844780489542,7.0607376,0.8425054,1.0658858,9,680
da02,1706844780589774,7.0676012,0.84141356,1.0698895,10,681
da02,1706844780689626,7.0719666,0.83681923,1.0845259,9,682
da02,1706844780789546,7.0650105,0.8321144,1.0901388,8,683
da02,1706844780889525,7.058538,0.83646673,1.0857873,8,684
da02,1706844780989502,7.0540833,0.83818376,1.090822,8,685
da02,1706844781089830,7.0461292,0.842806,1.089301,8,686
da02,1706844781189549,7.0619988,0.84207779,1.0888386,11,687
da02,1706844781289579,7.0595274,0.83085591,1.0899529,8,688
da02,1706844781389511,7.077467,0.83363289,1.0794308,12,689
da02,1706844781489548,7.0783448,0.82649755,1.0829275,9,690
da02,1706844781589586,7.070437,0.83266652,1.0787423,9,691
da02,1706844781689525,7.0745668,0.82879388,1.080462,10,692
da02,1706844781790074,7.0606294,0.84102046,1.0771432,8,693
da02,1706844781889512,7.0674934,0.84256119,1.0752769,10,694
da02,1706844781989488,7.0723677,0.83283573,1.0843759,9,695
da02,1706844782089504,7.0575948,0.83645958,1.0958241,8,696
da02,1706844782189520,7.0610361,0.83643657,1.0945122,9,697
da02,1706844782289546,7.0575485,0.83449692,1.0894003,8,698
da02,1706844782389511,7.0511656,0.83003747,1.0805466,8,699
da02,1706844782489532,7.0663786,0.81981242,1.0756559,11,700
da02,1706844782589525,7.0719686,0.81657457,1.0709355,10,701
da02,1706844782689552,7.0865812,0.81091082,1.0677612,12,702
da02,1706844782789562,7.0823808,0.8187933,1.0689864,9,703
da02,1706844782889550,7.0731697,0.82164174,1.0692091,9,704
da02,1706844782989572,7.0765839,0.82393152,1.0668212,10,705
da02,1706844783089625,7.0757093,0.82445085,1.0692878,9,706
da02,1706844783189533,7.0807476,0.82714236,1.0742686,10,707
da02,1706844783289541,7.0822492,0.82917637,1.0709766,10,708
da02,1706844783389509,7.0844536,0.83518887,1.0696998,10,709
da02,1706844783489548,7.0843029,0.83264434,1.0606074,11,710
da02,1706844783589526,7.0740166,0.82151061,1.0648878,8,711
da02,1706844783689539,7.08555,0.83139735,1.0653374,11,712
da02,1706844783789491,7.0881615,0.83125556,1.0671548,10,713
da02,1706844783889509,7.0777545,0.8385092,1.0638572,9,714
da02,1706844783989527,7.08886,0.83709961,1.0596437,12,715
da02,1706844784089570,7.0952482,0.83674872,1.0584085,11,716
da02,1706844784189542,7.0913877,0.84900516,1.0624264,10,717
da02,1706844784289581,7.0913258,0.84894419,1.0629176,10,718
da02,1706844784389526,7.0949059,0.83772337,1.0626776,11,719
da02,1706844784489588,7.0855684,0.83854306,1.0594947,9,720
da02,1706844784589571,7.0740471,0.83569521,1.0609794,8,721
da02,1706844784689560,7.0630674,0.83688384,1.0637802,8,722
da02,1706844784789528,7.0522404,0.83255571,1.0598457,8,723
da02,1706844784889559,7.0524397,0.8334409,1.0686848,8,724
da02,1706844784989526,7.0549588,0.82968366,1.069489,9,725
da02,1706844785089551,7.0439382,0.8248142,1.0716268,7,726
da02,1706844785189542,7.0420341,0.82724327,1.0721456,8,727
da02,1706844785289565,7.0397091,0.83656514,1.0688607,9,728
da02,1706844785389578,7.0493846,0.82278454,1.0557787,10,729
da02,1706844785489614,7.0560737,0.82404715,1.0521166,10,730
da02,1706844785589566,7.0722375,0.82436037,1.052839,11,731
da02,1706844785689579,7.0839958,0.82270491,1.0553867,11,732
da02,1706844785789642,7.079772,0.82164872,1.0592301,9,733
da02,1706844785889595,7.0813384,0.83624989,1.0596279,11,734
da02,1706844785989600,7.086875,0.83869076,1.0585977,11,735
da02,1706844786089612,7.0819492,0.83251649,1.0612836,9,736
da02,1706844786189519,7.0835238,0.833981,1.0588684,10,737
da02,1706844786290227,7.0585833,0.847734,1.065679,9,738
da02,1706844786389601,7.0554438,0.83551896,1.0604773,9,739
da02,1706844786489561,7.0621724,0.82978338,1.0704743,9,740
da02,1706844786589546,7.0524235,0.82197213,1.0655586,8,741
da02,1706844786691361,7.0546322,0.81699431,1.0609148,9,742
da02,1706844786790147,7.0585637,0.81439227,1.0609872,9,743
da02,1706844786889531,7.0484314,0.81939375,1.0615765,8,744
da02,1706844786989568,7.0630608,0.819697,1.0603586,11,745
da02,1706844787089561,7.0541859,0.81774396,1.0663013,7,746
da02,1706844787189575,7.0584974,0.82128191,1.0720044,9,747
da02,1706844787289582,7.0683107,0.821108,1.0649416,11,748
da02,1706844787389462,7.0688024,0.81744164,1.0715747,9,749
da02,1706844787489485,7.0722289,0.81511569,1.0746534,9,750
da02,1706844787589495,7.0674677,0.81812441,1.0790597,8,751
da02,1706844787689522,7.0656424,0.82987666,1.0685033,10,752
da02,1706844787789436,7.0699153,0.82223451,1.0641024,10,753
da02,1706844787889476,7.0726957,0.81912911,1.0604457,10,754
da02,1706844787989422,7.0671124,0.817384,1.0686677,8,755
da02,1706844788089487,7.0575738,0.8178997,1.0704924,8,756
da02,1706844788189454,7.0528884,0.83026671,1.0725527,8,757
da02,1706844788289485,7.0559034,0.83661288,1.0777818,9,758
da02,1706844788389460,7.051044,0.83385277,1.0760385,8,759
da02,1706844788489466,7.0538697,0.82994837,1.0863992,8,760
da02,1706844788589454,7.050271,0.8291986,1.0887598,8,761
da02,1706844788689613,7.0482745,0.83238065,1.090284,8,762
da02,1706844788789449,7.0663247,0.83511984,1.0791348,12,763
da02,1706844788889430,7.0674949,0.816694,1.0788,9,764
da02,1706844788989436,7.0733752,0.82016355,1.0927186,9,765
da02,1706844789089494,7.0753841,0.81078559,1.0873835,9,766
da02,1706844789189458,7.0639882,0.82270837,1.0812583,8,767
da02,1706844789289476,7.0543466,0.82936203,1.0800304,8,768
da02,1706844789389463,7.0615873,0.81166995,1.0772507,9,769
da02,1706844789489470,7.0499721,0.81475091,1.0706086,8,770
da02,1706844789589449,7.0508723,0.81229013,1.0666691,9,771
da02,1706844789689502,7.0544162,0.82207882,1.065394,10,772
da02,1706844789789457,7.0644584,0.8189978,1.0757118,9,773
da02,1706844789889492,7.0575094,0.81723535,1.0810125,7,774
da02,1706844789989458,7.0537572,0.82011,1.0757762,9,775
da02,1706844790089428,7.0663729,0.81540483,1.0634089,11,776
da02,1706844790189406,7.0693684,0.80682611,1.0667311,9,777
da02,1706844790289500,7.0703211,0.81055921,1.0613006,10,778
da02,1706844790389458,7.0683169,0.81591195,1.0612388,9,779
da02,1706844790489507,7.0613813,0.8249982,1.0731606,8,780
da02,1706844790589531,7.0642414,0.82858413,1.0789323,9,781
da02,1706844790689528,7.0702229,0.83218992,1.0686914,11,782
da02,1706844790789462,7.0667405,0.83020169,1.0728854,9,783
da02,1706844790889584,7.0879378,0.82605737,1.0758433,12,784
da02,1706844790989474,7.0865827,0.82274139,1.07065,10,785
da02,1706844791089436,7.0656757,0.8247633,1.0836232,8,786
da02,1706844791189457,7.0589628,0.83535028,1.0900434,8,787
da02,1706844791290030,7.048388,0.83321726,1.0854033,7,788
da02,1706844791389508,7.0618262,0.8311255,1.0864092,10,789
da02,1706844791489520,7.0719171,0.82730681,1.0902319,10,790
da02,1706844791589515,7.0752559,0.82855833,1.0815398,10,791
da02,1706844791689485,7.0679121,0.82338709,1.0730644,9,792
da02,1706844791789660,7.0546203,0.83021677,1.0734549,8,793
da02,1706844791889573,7.0540633,0.84182388,1.0708429,9,794
da02,1706844791989490,7.0394545,0.83531564,1.0843621,8,795
da02,1706844792089506,7.0453067,0.82432246,1.0867149,8,796
da02,1706844792189474,7.0424681,0.83849818,1.0785391,9,797
da02,1706844792289794,7.0470743,0.83500415,1.0724039,9,798
da02,1706844792389410,7.0325074,0.84072363,1.0728251,8,799
da02,1706844792489474,7.036953,0.8347007,1.0783098,8,800
da02,1706844792589502,7.0567818,0.82894617,1.0754482,11,801
da02,1706844792689486,7.0551772,0.82474685,1.0799196,8,802
da02,1706844792789496,7.0524292,0.8230747,1.0828782,8,803
da02,1706844792889523,7.0450978,0.818066,1.0752072,8,804
da02,1706844792989494,7.0513225,0.82080382,1.07348,9,805
da02,1706844793089546,7.0657158,0.81478673,1.0648366,11,806
da02,1706844793189495,7.0689,0.82962161,1.0612555,10,807
da02,1706844793289504,7.0642033,0.82977986,1.0631177,9,808
da02,1706844793389480,7.058814,0.827276,1.061641,9,809
da02,1706844793489488,7.056263,0.82722783,1.069595,8,810
da02,1706844793589554,7.0534334,0.83570957,1.0837164,8,811
da02,1706844793689502,7.0496297,0.82946104,1.07668,8,812
da02,1706844793789462,7.0448356,0.8266409,1.0699615,8,813
da02,1706844793889617,7.0614815,0.82739061,1.0670981,11,814
da02,1706844793989520,7.0563283,0.82922608,1.0646555,9,815
da02,1706844794089512,7.0589151,0.83328491,1.0645622,10,816
da02,1706844794189483,7.0624628,0.831525,1.0600288,10,817
da02,1706844794289489,7.0564218,0.82515109,1.0661433,8,818
da02,1706844794389514,7.050714,0.82259786,1.0717399,8,819
da02,1706844794489504,7.0434413,0.83688521,1.0616412,9,820
da02,1706844794589526,7.0385661,0.83917421,1.0753579,8,821
da02,1706844794689516,7.0498075,0.83887774,1.081067,9,822
da02,1706844794789534,7.0683651,0.83136672,1.0755978,11,823
da02,1706844794889562,7.0725126,0.83615977,1.0644608,11,824
da02,1706844794989535,7.0661535,0.83432019,1.063069,9,825
da02,1706844795089523,7.0728283,0.83535111,1.0599368,11,826
da02,1706844795189499,7.0548029,0.84471476,1.0664378,8,827
da02,1706844795289512,7.0474596,0.845809,1.0765508,8,828
da02,1706844795389520,7.0482459,0.83409214,1.068341,9,829
da02,1706844795489500,7.0559974,0.8317377,1.0674113,10,830
da02,1706844795589493,7.0568528,0.82916,1.0664382,9,831
da02,1706844795689510,7.0559912,0.82537627,1.0604624,9,832
da02,1706844795789500,7.0593042,0.837414,1.0699495,9,833
da02,1706844795889522,7.0601616,0.82929653,1.0693794,9,834
da02,1706844795989498,7.0565548,0.82618767,1.0646448,9,835
da02,1706844796089546,7.0526567,0.82714391,1.070049,8,836
da02,1706844796189514,7.0470519,0.82826775,1.066058,8,837
da02,1706844796289523,7.0482082,0.82722563,1.0750057,8,838
da02,1706844796389498,7.0510445,0.8235622,1.0676481,9,839
da02,1706844796489534,7.06922,0.8243646,1.0669482,11,840
da02,1706844796589607,7.0616875,0.83069277,1.0645934,9,841
da02,1706844796689540,7.0568032,0.83576149,1.0690917,8,842
da02,1706844796789498,7.0449028,0.83196867,1.0748053,8,843
da02,1706844796889602,7.0549951,0.83205467,1.0699698,10,844
da02,1706844796989548,7.0531092,0.82560271,1.0692153,8,845
da02,1706844797089827,7.0544596,0.8367641,1.0833093,8,846
da02,1706844797189526,7.0735631,0.84361047,1.0800686,12,847
da02,1706844797289812,7.0807567,0.83784211,1.0744925,11,848
da02,1706844797389560,7.08914,0.8372553,1.0771017,11,849
da02,1706844797489497,7.0812659,0.83700627,1.0775324,9,850
da02,1706844797589684,7.0838428,0.83323145,1.072077,10,851
da02,1706844797689523,7.0811357,0.83254516,1.0735909,9,852
da02,1706844797789528,7.0833569,0.83026356,1.0680717,10,853
da02,1706844797889495,7.0788994,0.82767087,1.0714839,9,854
da02,1706844797989514,7.0820594,0.826204,1.0713174,10,855
da02,1706844798089600,7.0722342,0.82228404,1.078465,8,856
da02,1706844798189527,7.0801754,0.81582165,1.0839108,10,857
da02,1706844798289562,7.0741758,0.81902641,1.0884652,8,858
da02,1706844798389530,7.0710816,0.830082,1.0841916,9,859
da02,1706844798489568,7.0799465,0.83446103,1.0757076,11,860
da02,1706844798589533,7.0794587,0.82793355,1.0667053,10,861
da02,1706844798689972,7.0863724,0.82271361,1.0669188,11,862
da02,1706844798789532,7.0839438,0.81609762,1.0617975,10,863
da02,1706844798889526,7.0721779,0.81169313,1.0695159,7,864
da02,1706844798989554,7.0721283,0.80891621,1.0681392,9,865
da02,1706844799089627,7.062952,0.80559683,1.0652984,8,866
da02,1706844799189556,7.0686407,0.80557567,1.0569587,11,867
da02,1706844799289535,7.0632668,0.81020731,1.0646726,8,868
da02,1706844799389554,7.0587897,0.81738967,1.0743147,8,869
da02,1706844799489500,7.0662365,0.81246752,1.0843544,9,870
da02,1706844799589590,7.0678225,0.82367241,1.0850134,9,871
da02,1706844799689554,7.058363,0.83010173,1.0825433,8,872
da02,1706844799789502,7.0654888,0.82912993,1.0802439,10,873
da02,1706844799889548,7.0662956,0.82497019,1.0785673,9,874
da02,1706844799989560,7.0592442,0.82362276,1.0773157,8,875
da02,1706844800089560,7.0596938,0.82041538,1.0817848,8,876
da02,1706844800189550,7.0582962,0.83179295,1.0849961,9,877
da02,1706844800289578,7.0558262,0.83399361,1.0844039,8,878
da02,1706844800389578,7.0563092,0.83229977,1.0860804,8,879
da02,1706844800489597,7.0593748,0.8295899,1.0836561,9,880
da02,1706844800589540,7.07354,0.82961982,1.0771087,11,881
da02,1706844800689580,7.0697122,0.82233435,1.0709102,9,882
da02,1706844800789565,7.0626154,0.81864977,1.0729578,8,883
da02,1706844800889498,7.0529885,0.82331115,1.0754631,8,884
da02,1706844800989560,7.0615487,0.81842929,1.0731641,10,885
da02,1706844801089628,7.0601482,0.82553214,1.0704691,9,886
da02,1706844801189570,7.0776615,0.82100022,1.0684482,12,887
da02,1706844801289514,7.0734525,0.8218087,1.0762124,8,888
da02,1706844801389556,7.0738187,0.81799912,1.0759585,9,889
da02,1706844801489565,7.0724235,0.82331783,1.0813162,9,890
da02,1706844801589559,7.07666,0.83340341,1.0771519,10,891
da02,1706844801689542,7.0701685,0.82363474,1.0722227,9,892
da02,1706844801789584,7.0784888,0.82919741,1.0718254,11,893
da02,1706844801889556,7.0788355,0.81566763,1.0775326,9,894
da02,1706844801989620,7.0622454,0.81277227,1.0859709,8,895
da02,1706844802091132,7.0668521,0.81764019,1.0786188,10,896
da02,1706844802189570,7.0757294,0.81722003,1.0768239,10,897
da02,1706844802290025,7.07899,0.81348604,1.0752355,10,898
da02,1706844802389632,7.0732846,0.81843722,1.0747211,9,899
da02,1706844802489628,7.0687156,0.81576031,1.0787253,8,900
da02,1706844802589633,7.0791564,0.80833966,1.0766581,11,901
da02,1706844802689605,7.0857244,0.81063688,1.074036,11,902
da02,1706844802789507,7.0870728,0.818998,1.0788399,10,903
da02,1706844802889804,7.0920057,0.82164091,1.0740194,11,904
da02,1706844802989648,7.0682096,0.82543015,1.0819635,8,905
da02,1706844803089600,7.0782657,0.82382655,1.0804737,11,906
da02,1706844803189600,7.082273,0.82478434,1.0884669,9,907
da02,1706844803289584,7.0758581,0.81902581,1.0897317,8,908
da02,1706844803389600,7.0789876,0.82159233,1.0832622,10,909
da02,1706844803489564,7.0863466,0.82209027,1.0780292,11,910
da02,1706844803589584,7.0898843,0.82655782,1.0733492,11,911
da02,1706844803689575,7.0822105,0.82866919,1.0681821,9,912
da02,1706844803789548,7.0753284,0.82905549,1.071817,9,913
da02,1706844803889603,7.07183,0.81999922,1.0762552,8,914
da02,1706844803989612,7.0672293,0.81847328,1.0716038,9,915
da02,1706844804089669,7.05454,0.82283485,1.068495,8,916
da02,1706844804189567,7.0668578,0.82300472,1.0672183,11,917
da02,1706844804289616,7.0696535,0.81816506,1.0675334,10,918
da02,1706844804389574,7.0625525,0.81549513,1.0780265,7,919
da02,1706844804489569,7.0534773,0.83470428,1.0824753,8,920
da02,1706844804589578,7.0601411,0.84199685,1.0709947,11,921
da02,1706844804689592,7.0634317,0.8346374,1.0713477,9,922
da02,1706844804789607,7.0694952,0.81903058,1.071457,10,923
da02,1706844804889596,7.0615349,0.82588178,1.0741663,8,924
da02,1706844804989556,7.0675545,0.82185608,1.0714909,10,925
da02,1706844805089596,7.0646453,0.82814217,1.0654237,10,926
da02,1706844805189613,7.0605335,0.83463752,1.0670315,9,927
da02,1706844805289614,7.05255,0.83538914,1.0631119,8,928
da02,1706844805389641,7.04469,0.83333814,1.0573097,8,929
da02,1706844805489638,7.0395808,0.83206517,1.0668073,7,930
da02,1706844805589614,7.0424185,0.84243339,1.0682383,9,931
da02,1706844805689597,7.0522766,0.84279406,1.0788519,9,932
da02,1706844805789603,7.0526867,0.85092348,1.0721331,10,933
da02,1706844805889557,7.0627851,0.84326857,1.0728548,10,934
da02,1706844805989558,7.0730414,0.83833003,1.0704881,11,935
da02,1706844806089571,7.075367,0.83416396,1.0711201,10,936
da02,1706844806189582,7.0836058,0.82699221,1.0826248,10,937
da02,1706844806289565,7.2335768,0.68569916,1.5877807,71,938
da02,1706844806389562,7.1804338,0.72435355,1.4594897,8,939
da02,1706844806489558,7.1570058,0.75205672,1.3636774,10,940
da02,1706844806589823,7.137495,0.77468687,1.2903622,10,941
da02,1706844806689556,7.1182671,0.79156429,1.2403089,9,942
da02,1706844806789604,7.1000977,0.80013239,1.1935513,9,943
da02,1706844806889592,7.0947776,0.81297696,1.1635054,10,944
da02,1706844806989605,7.0867949,0.80870324,1.1426328,9,945
da02,1706844807089650,7.0745597,0.81481421,1.1226478,8,946
da02,1706844807189577,7.06998,0.81831396,1.1099184,9,947
da02,1706844807289553,7.0600567,0.82158095,1.1035593,8,948
da02,1706844807389562,7.0702477,0.82055044,1.0944782,10,949
da02,1706844807489777,7.0689826,0.82484174,1.0965436,9,950
da02,1706844807589578,7.0688291,0.8274163,1.0850109,10,951
da02,1706844807689547,7.0626187,0.82845783,1.0839789,8,952
da02,1706844807789584,7.0652595,0.82675123,1.0780134,10,953
da02,1706844807889622,7.0783234,0.82709163,1.0777028,11,954
da02,1706844807989629,7.0732818,0.82156265,1.071702,9,955
da02,1706844808089602,7.0765357,0.82938707,1.08192,9,956
da02,1706844808189800,7.0782814,0.830407,1.0894232,9,957
da02,1706844808289580,7.0899243,0.83582795,1.0865207,11,958
da02,1706844808390594,7.081377,0.841894,1.0854039,9,959
da02,1706844808489681,7.0786381,0.83078569,1.0862193,9,960
da02,1706844808589679,7.0722394,0.83220345,1.0770761,9,961
da02,1706844808689564,7.0759187,0.82844657,1.0792122,10,962
da02,1706844808789564,7.0652423,0.83072436,1.0757437,8,963
da02,1706844808889583,7.0580664,0.82831562,1.0741515,8,964
da02,1706844808989604,7.0557084,0.82802975,1.0751768,8,965
da02,1706844809089569,7.0603552,0.83276659,1.0746342,10,966
da02,1706844809189570,7.183094,0.71878815,1.4531715,70,967
da02,1706844809289592,7.1417842,0.75101066,1.3606238,8,968
da02,1706844809389595,7.1191411,0.77712011,1.2947091,8,969
da02,1706844809489593,7.1142111,0.78533667,1.2360852,11,970
da02,1706844809589627,7.1007376,0.80404246,1.1972876,9,971
da02,1706844809689547,7.0850167,0.81131858,1.1636389,8,972
da02,1706844809789607,7.0841885,0.824075,1.132913,11,973
da02,1706844809889654,7.0932512,0.82885695,1.1148787,11,974
da02,1706844809989623,7.0729656,0.82833076,1.1043391,7,975
da02,1706844810089663,7.0735264,0.818394,1.0956676,9,976
da02,1706844810189616,7.0744734,0.82590389,1.0924695,10,977
da02,1706844810289710,7.0756345,0.82786769,1.0824449,10,978
da02,1706844810389630,7.0775828,0.83383054,1.0761085,10,979
da02,1706844810489618,7.066936,0.83099562,1.0771761,8,980
da02,1706844810589657,7.0679793,0.8369019,1.070618,10,981
da02,1706844810689612,7.0616856,0.83034444,1.0703472,8,982
da02,1706844810789595,7.0579972,0.83219814,1.0682064,9,983
da02,1706844810889635,7.0713205,0.832652,1.0699191,11,984
da02,1706844810989651,7.0663295,0.83612061,1.0759314,8,985
da02,1706844811089657,7.0745659,0.83183086,1.0727067,11,986
da02,1706844811189642,7.0708232,0.82469,1.0803653,8,987
da02,1706844811289657,7.0703197,0.82054126,1.0745267,9,988
da02,1706844811389655,7.0782337,0.82613671,1.0721366,11,989
da02,1706844811489632,7.0731511,0.82416761,1.0761585,8,990
da02,1706844811589676,7.0937772,0.82713228,1.0836365,12,991
da02,1706844811689623,7.08031,0.82035923,1.0845462,8,992
da02,1706844811789620,7.0739055,0.82285,1.080295,9,993
da02,1706844811889668,7.0674729,0.83060861,1.0858063,8,994
da02,1706844811989659,7.0723257,0.82837045,1.0861182,10,995
da02,1706844812089616,7.0720606,0.83266032,1.0803769,10,996
da02,1706844812189638,7.0863271,0.83972192,1.0878171,11,997
da02,1706844812289648,7.0745258,0.84217238,1.084046,8,998
da02,1706844812389629,7.0671978,0.84359539,1.0895898,8,999
da02,1706844812489605,7.0713177,0.83995873,1.0910082,9,1000
da02,1706844812589618,7.0764284,0.82978296,1.0917561,9,1001
da02,1706844812689625,7.0615764,0.82337517,1.0963242,7,1002
da02,1706844812789616,7.0551476,0.83290267,1.0890824,8,1003
da02,1706844812889629,7.0573211,0.83226448,1.0869138,9,1004
da02,1706844812989628,7.0685997,0.8282401,1.075507,11,1005
da02,1706844813089711,7.069037,0.82166845,1.0791465,9,1006
da02,1706844813189626,7.0741563,0.82993591,1.0747788,10,1007
da02,1706844813290150,7.0778637,0.84402567,1.0665604,11,1008
da02,1706844813390065,7.0855937,0.83102661,1.0705911,10,1009
da02,1706844813489658,7.0641446,0.83288866,1.0742034,8,1010
da02,1706844813589661,7.0629053,0.83335561,1.0764066,9,1011
da02,1706844813689635,7.0608582,0.83143091,1.0814235,8,1012
da02,1706844813789629,7.0645986,0.83505487,1.0690134,11,1013
da02,1706844813889669,7.0735793,0.832862,1.0768541,10,1014
da02,1706844813989792,7.07657,0.82821345,1.0738586,10,1015
da02,1706844814089749,7.0867519,0.83154166,1.0756785,11,1016
da02,1706844814189748,7.0740542,0.83784306,1.0808481,8,1017
da02,1706844814289801,7.0676923,0.83523864,1.0726191,9,1018
da02,1706844814389776,7.0598803,0.83277619,1.0797744,7,1019
da02,1706844814489740,7.0566792,0.83178252,1.0745542,9,1020
da02,1706844814589773,7.0533013,0.82088214,1.0715653,8,1021
da02,1706844814689758,7.0505466,0.82620311,1.0697787,9,1022
da02,1706844814789740,7.0439668,0.82676893,1.0685478,8,1023
da02,1706844814889770,7.0421462,0.8231051,1.0680447,8,1024
da02,1706844814989744,7.0557933,0.81267017,1.0691082,10,1025
da02,1706844815089718,7.0502062,0.81547797,1.0746826,8,1026
da02,1706844815189723,7.0668349,0.83089972,1.0793067,11,1027
da02,1706844815289728,7.0689363,0.82033885,1.0731232,10,1028
da02,1706844815389730,7.0692482,0.81912357,1.0746306,9,1029
da02,1706844815489718,7.0541677,0.82182813,1.0682658,8,1030
da02,1706844815589764,7.0488567,0.83023036,1.0690084,8,1031
da02,1706844815689712,7.0522366,0.82954526,1.06666,9,1032
da02,1706844815789749,7.0657921,0.83285856,1.0735453,10,1033
da02,1706844815889740,7.0693088,0.8449387,1.0772015,10,1034
da02,1706844815989734,7.0660882,0.8376084,1.0672026,10,1035
da02,1706844816089786,7.0507226,0.83330595,1.0813502,8,1036
da02,1706844816189766,7.0533319,0.82665259,1.0693347,10,1037
da02,1706844816289788,7.0413933,0.83267331,1.0674684,8,1038
da02,1706844816389733,7.044456,0.82458335,1.0677466,9,1039
da02,1706844816489774,7.0461993,0.82895279,1.073931,8,1040
da02,1706844816589768,7.05981,0.82946682,1.0695529,11,1041
da02,1706844816689726,7.0716715,0.82047927,1.0717821,10,1042
da02,1706844816789730,7.0917273,0.8176983,1.0633935,13,1043
da02,1706844816889714,7.0970893,0.81466752,1.0689963,10,1044
da02,1706844816989724,7.0885286,0.80997115,1.071751,9,1045
da02,1706844817090270,7.0700326,0.8224287,1.0694041,8,1046
da02,1706844817189736,7.0796485,0.8215968,1.0672802,11,1047
da02,1706844817289777,7.077589,0.82534361,1.0655189,10,1048
da02,1706844817389642,7.0785456,0.83905172,1.0608249,11,1049
da02,1706844817491186,7.0689692,0.84794438,1.0709342,8,1050
da02,1706844817589716,7.0741234,0.8485266,1.06825,10,1051
da02,1706844817689640,7.066545,0.84659463,1.0645431,9,1052
da02,1706844817789666,7.0581803,0.84653813,1.0692816,8,1053
da02,1706844817889954,7.071547,0.83666921,1.072359,10,1054
da02,1706844817989653,7.0645995,0.83774471,1.0638372,9,1055
da02,1706844818089802,7.0800653,0.83984143,1.0680132,11,1056
da02,1706844818189670,7.0826025,0.83234304,1.0666028,10,1057
da02,1706844818289636,7.0959496,0.83364749,1.0613075,12,1058
da02,1706844818389608,7.08811,0.84482908,1.0598273,10,1059
da02,1706844818489669,7.0769348,0.85044527,1.0680721,8,1060
da02,1706844818589629,7.0759239,0.84772056,1.067524,10,1061
da02,1706844818689656,7.0705767,0.84558046,1.0720541,9,1062
da02,1706844818789643,7.0680242,0.84808123,1.0776969,9,1063
da02,1706844818889707,7.0580597,0.8511095,1.0691494,9,1064
da02,1706844818989716,7.069881,0.84501469,1.0615762,11,1065
da02,1706844819089812,7.0744424,0.84327525,1.0704526,10,1066
da02,1706844819189721,7.074491,0.83631623,1.0799315,9,1067
da02,1706844819289678,7.0753117,0.83266217,1.0746989,10,1068
da02,1706844819389918,7.0607657,0.82336885,1.0676426,8,1069
da02,1706844819489812,7.0683069,0.83310246,1.0641555,11,1070
da02,1706844819589759,7.0573421,0.82851213,1.0746686,7,1071
da02,1706844819689661,7.0654693,0.82945007,1.0733749,10,1072
da02,1706844819789706,7.0639749,0.82632262,1.0705558,9,1073
da02,1706844819889820,7.0672803,0.83415037,1.0667906,10,1074
da02,1706844819989732,7.0678973,0.83619583,1.0720558,9,1075
da02,1706844820089857,7.0724993,0.84149462,1.0787535,10,1076
da02,1706844820189692,7.0707269,0.83838928,1.0726378,10,1077
da02,1706844820289768,7.071414,0.82854688,1.0753101,9,1078
da02,1706844820389685,7.0717645,0.83245015,1.0695308,10,1079
da02,1706844820489673,7.079535,0.82160544,1.0641619,11,1080
da02,1706844820589818,7.0702128,0.82678485,1.0604324,9,1081
da02,1706844820689680,7.087409,0.83099383,1.0557421,13,1082
da02,1706844820789673,7.0777631,0.82673472,1.0527289,9,1083
da02,1706844820889691,7.0665894,0.8316769,1.056614,8,1084
da02,1706844820989767,7.0597363,0.8339836,1.052321,9,1085
da02,1706844821089765,7.0680833,0.83058721,1.0542178,10,1086
da02,1706844821189738,7.0721455,0.82010871,1.0612942,9,1087
da02,1706844821289766,7.0781355,0.82169634,1.0599847,11,1088
da02,1706844821389762,7.0734825,0.81821072,1.0711787,8,1089
da02,1706844821489683,7.0715003,0.818684,1.0662444,10,1090
da02,1706844821589776,7.0570126,0.82147592,1.0654653,8,1091
da02,1706844821689750,7.057723,0.814723,1.0628815,9,1092
da02,1706844821789734,7.0628452,0.80972672,1.0598184,10,1093
da02,1706844821889794,7.0570383,0.81179285,1.0681013,8,1094
da02,1706844821989770,7.0559731,0.8223924,1.0687475,9,1095
da02,1706844822090327,7.0660253,0.82235867,1.0576884,11,1096
da02,1706844822189699,7.0612984,0.82164693,1.0724728,7,1097
da02,1706844822289765,7.0544086,0.81774652,1.0719825,8,1098
da02,1706844822389744,7.0552897,0.81789595,1.07225,9,1099
da02,1706844822489710,7.0585737,0.82102644,1.0740039,9,1100
da02,1706844822589679,7.0679393,0.82357806,1.0623364,11,1101
da02,1706844822689735,7.0838723,0.82142508,1.0603406,12,1102
da02,1706844822789693,7.0654054,0.83198482,1.0768489,8,1103
da02,1706844822889780,7.0596542,0.83125228,1.0650859,9,1104
da02,1706844822989678,7.0660396,0.83164334,1.0513752,11,1105
da02,1706844823089687,7.0685849,0.82953554,1.0522336,10,1106
da02,1706844823189694,7.078198,0.82389987,1.0598381,10,1107
da02,1706844823289680,7.076571,0.8226226,1.0547314,10,1108
da02,1706844823389707,7.0783658,0.82311058,1.0645014,9,1109
da02,1706844823489685,7.0842018,0.83138305,1.0695168,10,1110
da02,1706844823589770,7.0722623,0.82988447,1.0774477,7,1111
da02,1706844823689737,7.0660772,0.8228513,1.0744748,8,1112
da02,1706844823789738,7.0650382,0.82952535,1.0839999,8,1113
da02,1706844823889741,7.05922,0.81731212,1.0769238,8,1114
da02,1706844823989730,7.056519,0.82313305,1.0783497,8,1115
da02,1706844824089713,7.0674572,0.82391083,1.0914567,9,1116
da02,1706844824189723,7.0566311,0.82616973,1.0851675,8,1117
da02,1706844824290295,7.0691605,0.82585722,1.0859642,10,1118
da02,1706844824389727,7.05588,0.8340081,1.0772997,8,1119
da02,1706844824489782,7.0610952,0.84664536,1.0703173,10,1120
da02,1706844824589769,7.0624361,0.84969842,1.0699201,10,1121
da02,1706844824689742,7.0662518,0.84265357,1.0747613,9,1122
da02,1706844824789732,7.0609236,0.84850991,1.0726935,9,1123
da02,1706844824889728,7.053606,0.84615141,1.0698098,8,1124
da02,1706844824989901,7.0691676,0.84543025,1.064036,12,1125
da02,1706844825089865,7.0636368,0.84006917,1.0775982,7,1126
da02,1706844825189712,7.0606194,0.83734947,1.0650702,10,1127
da02,1706844825289710,7.063271,0.83820242,1.0756205,9,1128
da02,1706844825389772,7.0624242,0.82620114,1.0626272,10,1129
da02,1706844825489709,7.0635843,0.82424986,1.0684499,9,1130
da02,1706844825589717,7.0581222,0.81332439,1.0728232,8,1131
da02,1706844825689782,7.0463572,0.8091985,1.0692834,7,1132
da02,1706844825789712,7.046926,0.813692,1.0715257,8,1133
da02,1706844825889692,7.0496926,0.81379223,1.0639917,9,1134
da02,1706844825989708,7.0573678,0.82170355,1.0708114,9,1135
da02,1706844826089730,7.0572519,0.83656853,1.0689534,9,1136
da02,1706844826189749,7.0517244,0.83080667,1.0710953,8,1137
da02,1706844826289703,7.056108,0.81608409,1.0761609,8,1138
da02,1706844826389780,7.0563664,0.82897246,1.0756286,9,1139
da02,1706844826489715,7.0467286,0.83153564,1.0653293,8,1140
da02,1706844826589798,7.054049,0.82937992,1.0778652,9,1141
da02,1706844826689780,7.0593615,0.84117073,1.0841516,9,1142
da02,1706844826789744,7.0643616,0.83478165,1.0823393,9,1143
da02,1706844826889713,7.0545721,0.84176385,1.0819649,8,1144
da02,1706844826989770,7.0451369,0.83575833,1.0824305,7,1145
da02,1706844827089709,7.0464492,0.82992774,1.073791,9,1146
da02,1706844827189733,7.0529509,0.83906752,1.0702429,10,1147
da02,1706844827289736,7.0629611,0.83322889,1.0786533,9,1148
da02,1706844827389674,7.0772576,0.837904,1.0824914,11,1149
da02,1706844827489724,7.0634174,0.82501322,1.0800675,7,1150
da02,1706844827589747,7.0642109,0.8312099,1.0802869,9,1151
da02,1706844827689725,7.0656538,0.82836962,1.0879546,8,1152
da02,1706844827789762,7.0758939,0.83205885,1.0781653,11,1153
da02,1706844827889848,7.06825,0.83494681,1.0771874,9,1154
da02,1706844827989846,7.06178,0.83560073,1.0774293,8,1155
da02,1706844828089803,7.084199,0.83122665,1.079607,12,1156
da02,1706844828190316,7.080245,0.83100355,1.0833186,9,1157
da02,1706844828290123,7.0788407,0.82937992,1.0827101,9,1158
da02,1706844828390228,7.075314,0.83940089,1.0751225,10,1159
da02,1706844828489877,7.0824108,0.83769828,1.0691316,11,1160
da02,1706844828589858,7.0675082,0.83119553,1.0884601,8,1161
da02,1706844828689814,7.0601878,0.82602626,1.0878204,8,1162
da02,1706844828789866,7.0645847,0.82497656,1.0768404,10,1163
da02,1706844828889836,7.0583253,0.8243503,1.0812281,8,1164
da02,1706844828989702,7.0620937,0.82030356,1.0748931,10,1165
da02,1706844829089832,7.0552649,0.82420838,1.0773532,8,1166
da02,1706844829189796,7.0576496,0.83429658,1.0821391,9,1167
da02,1706844829289780,7.0428972,0.83009213,1.0838189,8,1168
da02,1706844829389802,7.0484643,0.83313513,1.085113,9,1169
da02,1706844829489812,7.0470648,0.82637542,1.084658,8,1170
da02,1706844829589817,7.0570154,0.82633525,1.08183,10,1171
da02,1706844829689836,7.0492616,0.82312447,1.0775615,8,1172
da02,1706844829789805,7.0503159,0.81972587,1.0684559,9,1173
da02,1706844829889856,7.0575337,0.81754786,1.0815915,8,1174
da02,1706844829989874,7.0655766,0.82346326,1.0792949,10,1175
da02,1706844830089868,7.0722895,0.83272713,1.0815306,10,1176
da02,1706844830189794,7.0682039,0.83625549,1.076744,9,1177
da02,1706844830289858,7.0696025,0.8467738,1.0746415,10,1178
da02,1706844830389768,7.0750046,0.84615368,1.0717117,10,1179
da02,1706844830490184,7.069149,0.84295261,1.068576,9,1180
da02,1706844830589819,7.0740285,0.83505279,1.0659751,10,1181
da02,1706844830689767,7.0738893,0.82720673,1.0631055,10,1182
da02,1706844830789734,7.0699186,0.82386947,1.0652372,9,1183
da02,1706844830889770,7.0716834,0.835615,1.0677242,10,1184
da02,1706844830989768,7.0691137,0.8249501,1.0656239,9,1185
da02,1706844831089824,7.0708222,0.82782149,1.0715789,9,1186
da02,1706844831189794,7.0733576,0.82444245,1.066403,10,1187
da02,1706844831289761,7.0687428,0.82252526,1.0694034,9,1188
da02,1706844831389734,7.0754395,0.832532,1.0614259,11,1189
da02,1706844831489788,7.0693541,0.83935159,1.07451,8,1190
da02,1706844831589747,7.0740633,0.83904821,1.0763576,10,1191
da02,1706844831689756,7.0767751,0.8429535,1.0729605,10,1192
da02,1706844831789778,7.0780478,0.84548724,1.0717363,10,1193
da02,1706844831889760,7.0906248,0.84197283,1.0663506,12,1194
da02,1706844831989792,7.0877843,0.83767861,1.0621402,10,1195
da02,1706844832089833,7.0658112,0.83458972,1.0591627,7,1196
da02,1706844832189799,7.0625706,0.83837372,1.0616727,9,1197
da02,1706844832289768,7.0604343,0.846448,1.0626712,9,1198
da02,1706844832389763,7.0621552,0.83608907,1.0636359,9,1199
da02,1706844832489775,7.0464625,0.84123313,1.062837,8,1200
da02,1706844832589805,7.0590405,0.82745177,1.0542661,11,1201
da02,1706844832689867,7.0717363,0.82720876,1.0614698,11,1202
da02,1706844832789783,7.0632377,0.82985109,1.0583451,9,1203
da02,1706844832891354,7.065968,0.83640003,1.0589578,10,1204
da02,1706844832989796,7.0724678,0.85024285,1.0651599,10,1205
da02,1706844833089773,7.0729814,0.84610468,1.0622402,10,1206
da02,1706844833189820,7.0669122,0.84027934,1.0620918,9,1207
da02,1706844833289780,7.0629892,0.84413606,1.0631946,9,1208
da02,1706844833389792,7.0645447,0.85165012,1.0567899,10,1209
da02,1706844833489854,7.0516529,0.85406983,1.0571408,8,1210
da02,1706844833589742,7.0504441,0.85103017,1.070086,8,1211
da02,1706844833689774,7.0282269,0.85157448,1.0688545,8,1212
da02,1706844833789882,7.0328665,0.85035717,1.0678185,9,1213
da02,1706844833889838,7.0343,0.83479631,1.0668093,8,1214
da02,1706844833989774,7.0489874,0.83231753,1.0654402,10,1215
da02,1706844834089913,7.0538473,0.83184266,1.0688965,9,1216
da02,1706844834189754,7.0567489,0.82997519,1.0724617,9,1217
da02,1706844834289818,7.0486,0.830718,1.0709213,8,1218
da02,1706844834389844,7.0576596,0.83782148,1.0692552,10,1219
da02,1706844834489808,7.0720291,0.82264411,1.0723782,10,1220
da02,1706844834589738,7.0681539,0.81972957,1.06701,9,1221
da02,1706844834689777,7.05872,0.82043082,1.0668552,8,1222
da02,1706844834789783,7.053802,0.82882035,1.0686963,8,1223
da02,1706844834889788,7.0547094,0.83406365,1.0685332,9,1224
da02,1706844834989839,7.0702338,0.82179528,1.054805,12,1225
da02,1706844835089798,7.0833483,0.81328177,1.0606456,11,1226
da02,1706844835189732,7.0753527,0.82165456,1.0613699,9,1227
da02,1706844835290380,7.0725112,0.821589,1.0654085,9,1228
da02,1706844835389739,7.081089,0.82243979,1.0673631,11,1229
da02,1706844835489854,7.0844712,0.82153165,1.0703284,10,1230
da02,1706844835589939,7.0794411,0.81588531,1.0703644,9,1231
da02,1706844835689823,7.072063,0.82166493,1.0782863,8,1232
da02,1706844835789778,7.0679579,0.83235514,1.0834199,9,1233
da02,1706844835889908,7.0607867,0.8343817,1.0838153,8,1234
da02,1706844835989776,7.0523896,0.83435792,1.0856985,7,1235
da02,1706844836089898,7.0503435,0.83030385,1.083414,8,1236
da02,1706844836189899,7.0532613,0.83519328,1.0792843,9,1237
da02,1706844836289862,7.0598631,0.82467061,1.0807174,9,1238
da02,1706844836389793,7.0512781,0.82863557,1.0750848,8,1239
da02,1706844836489922,7.0616212,0.83212441,1.0806776,10,1240
da02,1706844836589788,7.0643682,0.8129459,1.08068,9,1241
da02,1706844836689784,7.0769396,0.81412655,1.0765266,11,1242
da02,1706844836789887,7.0752869,0.81222045,1.0764763,9,1243
da02,1706844836889796,7.0614543,0.81177735,1.0724529,8,1244
da02,1706844836989780,7.0727091,0.82189089,1.063496,12,1245
da02,1706844837089881,7.08424,0.82642639,1.0689589,11,1246
da02,1706844837189798,7.088697,0.82377833,1.0809371,9,1247
da02,1706844837289881,7.0922046,0.81737888,1.0696412,11,1248
da02,1706844837389814,7.0816612,0.82168943,1.0735685,8,1249
da02,1706844837489836,7.0706291,0.82799578,1.0643567,9,1250
da02,1706844837589828,7.0857263,0.83480531,1.0651071,12,1251
da02,1706844837689807,7.0813508,0.83712685,1.0621589,10,1252
da02,1706844837789866,7.0841346,0.83959287,1.0751603,9,1253
da02,1706844837889898,7.0818119,0.83245951,1.0755215,9,1254
da02,1706844837989767,7.0740328,0.82292682,1.071,9,1255
da02,1706844838089886,7.0769281,0.8196398,1.0691162,10,1256
da02,1706844838189907,7.0603704,0.81955421,1.068256,7,1257
da02,1706844838289820,7.0620441,0.81926465,1.0726715,9,1258
da02,1706844838389862,7.0600939,0.82877153,1.0697937,9,1259
da02,1706844838489862,7.0637894,0.82436544,1.0677161,10,1260
da02,1706844838589840,7.0771432,0.832149,1.0570728,12,1261
da02,1706844838690064,7.0753236,0.8325994,1.0489035,10,1262
da02,1706844838789792,7.0722303,0.82231194,1.0525571,9,1263
da02,1706844838889787,7.0785327,0.82632947,1.0555625,11,1264
da02,1706844838989786,7.08354,0.83338481,1.0679352,10,1265
da02,1706844839089793,7.0740571,0.83146536,1.0680605,9,1266
da02,1706844839189749,7.081748,0.83807337,1.0670785,11,1267
da02,1706844839289790,7.0800405,0.83019763,1.0691081,9,1268
da02,1706844839389798,7.0744772,0.82947505,1.0708112,9,1269
da02,1706844839489794,7.073019,0.82635063,1.0718473,9,1270
da02,1706844839589752,7.0845952,0.8242228,1.0658779,12,1271
da02,1706844839689931,7.0893993,0.82404572,1.0652554,11,1272
da02,1706844839789755,7.0860882,0.8215245,1.0770856,9,1273
da02,1706844839889795,7.0847516,0.8231194,1.0678215,10,1274
da02,1706844839989889,7.0867252,0.82912463,1.0718038,10,1275
da02,1706844840089842,7.0872526,0.81902307,1.0779859,9,1276
da02,1706844840189870,7.0794406,0.82479948,1.0813173,9,1277
da02,1706844840289929,7.0763736,0.822098,1.0783234,9,1278
da02,1706844840389774,7.0759912,0.81933838,1.0778939,9,1279
da02,1706844840489908,7.0703688,0.81685448,1.0724816,9,1280
da02,1706844840589860,7.0798283,0.82189476,1.0710233,11,1281
da02,1706844840689932,7.0777025,0.82665479,1.0724812,9,1282
da02,1706844840789886,7.07226,0.83163959,1.0775597,9,1283
da02,1706844840889929,7.0769329,0.83828449,1.063668,11,1284
da02,1706844840989782,7.0805488,0.83413124,1.07303,9,1285
da02,1706844841089872,7.0839343,0.839267,1.0737096,10,1286
da02,1706844841189903,7.0838881,0.83559388,1.0787351,9,1287
da02,1706844841289862,7.0964904,0.83526683,1.0803051,11,1288
da02,1706844841389870,7.0932484,0.83708447,1.0813479,10,1289
da02,1706844841489886,7.1003604,0.84270138,1.0787334,11,1290
da02,1706844841589918,7.0754843,0.849046,1.0878245,9,1291
da02,1706844841689857,7.0849919,0.8359859,1.0753354,11,1292
da02,1706844841789801,7.0720835,0.83413935,1.0721123,8,1293
da02,1706844841889789,7.066257,0.8301568,1.0729296,8,1294
da02,1706844841989794,7.0607624,0.82603139,1.0734817,8,1295
da02,1706844842089838,7.0597181,0.82109815,1.0750531,9,1296
da02,1706844842189841,7.0637331,0.828379,1.068379,10,1297
da02,1706844842289828,7.0606794,0.83070856,1.0702339,9,1298
da02,1706844842389838,7.06473,0.84182227,1.0756617,10,1299
da02,1706844842489896,7.0728583,0.84434843,1.0702075,11,1300
da02,1706844842589773,7.063005,0.83923668,1.075507,8,1301
da02,1706844842689795,7.0673776,0.83980703,1.0639403,11,1302
da02,1706844842789948,7.0661941,0.83106011,1.072449,8,1303
da02,1706844842889935,7.0556173,0.83385396,1.0640461,9,1304
da02,1706844842989909,7.0457406,0.83995968,1.0646683,8,1305
da02,1706844843089969,7.0339026,0.8377285,1.0679858,8,1306
da02,1706844843189804,7.0355887,0.84024578,1.0778447,8,1307
da02,1706844843289834,7.0466866,0.82511133,1.0710744,10,1308
da02,1706844843389898,7.0555897,0.82539648,1.068136,10,1309
da02,1706844843489834,7.0595503,0.8270213,1.0733804,9,1310
da02,1706844843589807,7.0583243,0.82779878,1.0795181,8,1311
da02,1706844843689924,7.0646625,0.82811123,1.0834544,9,1312
da02,1706844843789782,7.0533476,0.83262569,1.0843812,8,1313
da02,1706844843889810,7.0425959,0.83273733,1.0731862,8,1314
da02,1706844843989919,7.0554948,0.83713859,1.0696681,11,1315
da02,1706844844089863,7.065249,0.83141267,1.0792753,9,1316
da02,1706844844189843,7.0706453,0.83129323,1.0705948,11,1317
da02,1706844844289904,7.0663395,0.82463491,1.0818264,8,1318
da02,1706844844389855,7.0678687,0.83505863,1.080068,10,1319
da02,1706844844489828,7.0666652,0.84622157,1.0766542,10,1320
da02,1706844844589992,7.0663447,0.84187871,1.0786414,9,1321
da02,1706844844689829,7.068655,0.84609592,1.0832038,9,1322
da02,1706844844789821,7.0545068,0.84232837,1.0885741,8,1323
da02,1706844844889931,7.0533175,0.84489912,1.0854404,9,1324
da02,1706844844989902,7.0541964,0.83074051,1.0864173,8,1325
da02,1706844845090403,7.0657353,0.83528036,1.0803719,11,1326
da02,1706844845189918,7.0556788,0.83764267,1.0828073,8,1327
da02,1706844845289834,7.0659385,0.84897214,1.0819983,11,1328
da02,1706844845389814,7.069006,0.83425289,1.0813566,9,1329
da02,1706844845489923,7.0677133,0.83230036,1.0656418,10,1330
da02,1706844845589840,7.0622234,0.82840961,1.0656267,9,1331
da02,1706844845689858,7.0730987,0.82005894,1.0677847,10,1332
da02,1706844845789962,7.0739427,0.81642509,1.0556103,11,1333
da02,1706844845889932,7.0856929,0.81299716,1.0612323,11,1334
da02,1706844845989881,7.0714831,0.67424041,1.0318203,70,1335
da02,1706844846090007,7.0675988,0.71739048,1.0394614,9,1336
da02,1706844846190015,7.076931,0.74911505,1.0520943,10,1337
da02,1706844846292267,7.0702806,0.76603746,1.0551736,9,1338
da02,1706844846389949,7.0778527,0.7833997,1.0558451,11,1339
da02,1706844846489933,7.0782518,0.78919452,1.0641867,9,1340
da02,1706844846589926,7.08355,0.79448891,1.0519137,11,1341
da02,1706844846689891,7.0658913,0.81326276,1.0733999,9,1342
da02,1706844846789934,7.0764875,0.8158052,1.0781912,10,1343
da02,1706844846889917,7.0592365,0.81964546,1.0774971,8,1344
da02,1706844846989872,7.0597425,0.8152228,1.0736434,9,1345
da02,1706844847089980,7.0670543,0.80861455,1.0718156,10,1346
da02,1706844847189957,7.066534,0.82040304,1.0734231,9,1347
da02,1706844847289902,7.0644178,0.81649023,1.0798519,8,1348
da02,1706844847389930,7.0753279,0.82157916,1.0841229,10,1349
da02,1706844847489896,7.0726094,0.81365705,1.0838003,9,1350
da02,1706844847589926,7.0897241,0.81063217,1.0786524,12,1351
da02,1706844847689941,7.0932751,0.81279308,1.0669496,11,1352
da02,1706844847789929,7.085577,0.81417686,1.0719788,9,1353
da02,1706844847889901,7.0721788,0.81471151,1.082687,7,1354
da02,1706844847989952,7.0712638,0.81754518,1.0776826,9,1355
da02,1706844848089927,7.06869,0.81813836,1.0751894,9,1356
da02,1706844848189880,7.0655766,0.82083803,1.0705354,9,1357
da02,1706844848291494,7.0579109,0.82239968,1.0695577,8,1358
da02,1706844848390000,7.0734782,0.82306439,1.0848384,10,1359
da02,1706844848489885,7.076839,0.82287216,1.0665327,11,1360
da02,1706844848589922,7.0851579,0.81929231,1.0692445,11,1361
da02,1706844848689932,7.0763965,0.82203287,1.0691096,9,1362
da02,1706844848789816,7.0686274,0.82742727,1.0703956,9,1363
da02,1706844848889929,7.0731587,0.82939005,1.0680718,10,1364
da02,1706844848989937,7.0628982,0.82505423,1.067987,8,1365
da02,1706844849090182,7.0544333,0.82038474,1.0575721,9,1366
da02,1706844849189933,7.0595441,0.8180753,1.05855,10,1367
da02,1706844849289925,7.0582919,0.82334656,1.0653236,9,1368
da02,1706844849389836,7.047555,0.82013917,1.060605,8,1369
da02,1706844849489924,7.0489321,0.82415223,1.0654507,9,1370
da02,1706844849589927,7.0552192,0.83320522,1.0684568,10,1371
da02,1706844849689859,7.0622139,0.84114343,1.0705297,10,1372
da02,1706844849789936,7.077559,0.83864844,1.073245,11,1373
da02,1706844849889956,7.0787587,0.83213055,1.0800501,9,1374
da02,1706844849989846,7.071579,0.83278096,1.0775759,9,1375
da02,1706844850089939,7.0697718,0.82432228,1.0758002,9,1376
da02,1706844850189936,7.0530262,0.82825482,1.0767491,8,1377
da02,1706844850289872,7.0445809,0.834914,1.0877571,8,1378
da02,1706844850389940,7.0571761,0.82641792,1.0804436,10,1379
da02,1706844850489945,7.0522633,0.83261389,1.0736709,9,1380
da02,1706844850589942,7.0758481,0.83571458,1.0716612,12,1381
da02,1706844850689896,7.0741611,0.82431012,1.0666199,9,1382
da02,1706844850789852,7.0707903,0.82769078,1.0683348,9,1383
da02,1706844850889912,7.0667477,0.82946807,1.0684985,9,1384
da02,1706844850989886,7.0498343,0.84072852,1.0679915,8,1385
da02,1706844851089918,7.0473576,0.83057421,1.0690206,8,1386
da02,1706844851189957,7.0580597,0.82654154,1.0639384,10,1387
da02,1706844851290005,7.0656829,0.82384413,1.0666261,10,1388
da02,1706844851390210,7.0723491,0.83530837,1.0651908,11,1389
da02,1706844851489902,7.0732665,0.8344723,1.0708885,9,1390
da02,1706844851589906,7.066051,0.82700413,1.0750382,8,1391
da02,1706844851689958,7.0625224,0.82293308,1.076865,8,1392
da02,1706844851789888,7.0563779,0.82433569,1.0767577,8,1393
da02,1706844851890022,7.0685472,0.829413,1.0687187,11,1394
da02,1706844851990014,7.0620751,0.82697159,1.0696321,8,1395
da02,1706844852089948,7.0674906,0.825242,1.0791116,9,1396
da02,1706844852190001,7.0657678,0.82743508,1.0622233,10,1397
da02,1706844852290901,7.0719881,0.81628889,1.0601978,10,1398
da02,1706844852389798,7.0688248,0.81872672,1.0576013,9,1399
da02,1706844852490005,7.0729561,0.81983244,1.0639138,10,1400
da02,1706844852590036,7.0706468,0.82130075,1.0790874,8,1401
da02,1706844852689918,7.0627851,0.827208,1.0809354,8,1402
da02,1706844852790052,7.058454,0.82904446,1.0823343,8,1403
da02,1706844852890034,7.071661,0.82914919,1.0839354,10,1404
da02,1706844852989885,7.0627165,0.83509326,1.0714544,9,1405
da02,1706844853089873,7.0533743,0.83976704,1.0730499,8,1406
da02,1706844853189880,7.0551462,0.84263474,1.0742629,9,1407
da02,1706844853289889,7.0522251,0.84765792,1.0823393,8,1408
da02,1706844853389930,7.0456729,0.83909035,1.0817399,7,1409
da02,1706844853489915,7.0445085,0.83576012,1.0749182,9,1410
da02,1706844853590002,7.04445,0.83026016,1.0711839,9,1411
da02,1706844853689910,7.0541453,0.83779037,1.0759996,10,1412
da02,1706844853789963,7.0608997,0.8285234,1.0724444,10,1413
da02,1706844853890138,7.0552111,0.8251946,1.0685775,8,1414
da02,1706844853989932,7.0631204,0.82559294,1.0546873,11,1415
da02,1706844854094012,7.0469303,0.82802,1.0685104,8,1416
da02,1706844854189940,7.0563154,0.84040111,1.0575886,11,1417
da02,1706844854290289,7.0574365,0.8374964,1.06463,9,1418
da02,1706844854389961,7.0529222,0.83606571,1.061399,9,1419
da02,1706844854490267,7.0501146,0.823345,1.0603112,8,1420
da02,1706844854590099,7.0589595,0.82105535,1.0652317,10,1421
da02,1706844854690358,7.0631123,0.83165491,1.0659169,10,1422
da02,1706844854789967,7.0618968,0.84698516,1.0674868,9,1423
da02,1706844854890137,7.0658793,0.83961076,1.0574714,10,1424
da02,1706844854990095,7.0715494,0.83250868,1.0652041,10,1425
da02,1706844855090136,7.06736,0.82967639,1.0726597,8,1426
da02,1706844855190065,7.0710382,0.83100992,1.0776252,9,1427
da02,1706844855290061,7.0717597,0.84065771,1.0707474,10,1428
da02,1706844855389938,7.06677,0.83546817,1.0667794,9,1429
da02,1706844855490078,7.058032,0.83304822,1.0605038,9,1430
da02,1706844855590234,7.0645494,0.8264631,1.0636199,10,1431
da02,1706844855689957,7.0612512,0.83147895,1.071207,8,1432
da02,1706844855790138,7.0604229,0.82822227,1.0678825,9,1433
da02,1706844855889890,7.0580435,0.81634986,1.0680251,8,1434
da02,1706844855989958,7.0541763,0.81827122,1.0732694,8,1435
da02,1706844856089908,7.052124,0.8144961,1.0740798,8,1436
da02,1706844856189960,7.0458827,0.81950492,1.0707873,8,1437
da02,1706844856290055,7.0433478,0.8321892,1.0744995,8,1438
da02,1706844856389970,7.0576534,0.83301347,1.0703396,11,1439
da02,1706844856489932,7.0560994,0.83533537,1.0682737,9,0
da02,1706844856589974,7.0657787,0.8289808,1.0665271,10,1
da02,1706844856689932,7.0779009,0.83289593,1.0642971,11,2
da02,1706844856789960,7.0755577,0.83001763,1.0711112,9,3
da02,1706844856889896,7.0734277,0.828282,1.0675961,10,4
da02,1706844856989978,7.0798664,0.82366741,1.0770895,10,5
da02,1706844857090076,7.0729609,0.81595552,1.0732238,9,6
da02,1706844857189898,7.0796146,0.80993927,1.0761243,10,7
da02,1706844857290721,7.075376,0.80981362,1.0743611,9,8
da02,1706844857390004,7.0739365,0.82027948,1.0670927,10,9
da02,1706844857489944,7.0892725,0.83346009,1.0722003,12,10
da02,1706844857589949,7.0886445,0.83394879,1.0656472,11,11
da02,1706844857690065,7.0853405,0.81922728,1.0656329,9,12
da02,1706844857790003,7.0888424,0.8180393,1.0646293,11,13
da02,1706844857889981,7.0741458,0.82475984,1.0668854,8,14
da02,1706844857990000,7.0750527,0.8228296,1.0721265,9,15
da02,1706844858090104,7.0787883,0.82294875,1.0707494,10,16
da02,1706844858189954,7.0797353,0.81699115,1.0771167,9,17
da02,1706844858289863,7.0705023,0.81541133,1.0752212,8,18
da02,1706844858389926,7.0692234,0.81886405,1.0662099,10,19
da02,1706844858489974,7.0727725,0.82027495,1.084525,8,20
da02,1706844858589978,7.0695119,0.81491011,1.085084,8,21
da02,1706844858690028,7.06804,0.82212359,1.0850134,9,22
da02,1706844858791026,7.0771809,0.83440924,1.08092,11,23
da02,1706844858889775,7.0715404,0.83450687,1.0779374,9,24
da02,1706844858989298,7.0570707,0.83219016,1.077678,7,25
da02,1706844859089156,7.0467405,0.8432188,1.0725895,8,26
da02,1706844859189163,7.0575776,0.83484292,1.0775945,9,27
da02,1706844859289105,7.0560279,0.83437359,1.0920269,8,28
da02,1706844859389203,7.0515432,0.8306753,1.0874104,8,29
da02,1706844859489201,7.0470004,0.83010125,1.0887722,8,30
da02,1706844859589174,7.0405922,0.82705462,1.0834268,8,31
da02,1706844859689938,7.0521631,0.82457232,1.0877656,9,32
da02,1706844859789970,7.0667362,0.81381577,1.0868636,10,33
da02,1706844859889986,7.0686421,0.82106179,1.0754613,10,34
da02,1706844859989972,7.0667043,0.81980628,1.0580848,10,35
da02,1706844860089982,7.0695958,0.83566463,1.0531592,11,36
da02,1706844860189974,7.0850925,0.82484037,1.0667813,11,37
da02,1706844860289920,7.0848,0.8236953,1.0656086,10,38
da02,1706844860389958,7.0903916,0.81955624,1.0623296,11,39
da02,1706844860489948,7.0961361,0.81611836,1.0569007,11,40
da02,1706844860589922,7.0873075,0.81934,1.0565324,9,41
da02,1706844860689965,7.0841088,0.82289582,1.0595539,10,42
da02,1706844860789965,7.0895152,0.81254047,1.0697438,10,43
da02,1706844860889950,7.0923758,0.80925375,1.0752624,10,44
da02,1706844860989986,7.0656767,0.82004416,1.0645239,8,45
da02,1706844861090236,7.05612,0.8191812,1.0621895,8,46
da02,1706844861189954,7.0622387,0.82013112,1.0752264,9,47
da02,1706844861290040,7.0589409,0.81514192,1.0776448,8,48
da02,1706844861389966,7.0579691,0.81332916,1.0733422,9,49
da02,1706844861490026,7.0503654,0.81299186,1.0722414,8,50
da02,1706844861589970,7.0472903,0.81346905,1.0836285,7,51
da02,1706844861689934,7.0634718,0.8073861,1.0779673,11,52
da02,1706844861789946,7.0667181,0.80680805,1.0783249,9,53
da02,1706844861890180,7.0693736,0.81724465,1.0756674,10,54
da02,1706844861989979,7.0557785,0.82222426,1.0781122,8,55
da02,1706844862090150,7.0634823,0.826555,1.0818037,10,56
da02,1706844862190004,7.0638914,0.83162642,1.0801708,9,57
da02,1706844862290022,7.0689077,0.82764059,1.0790758,10,58
da02,1706844862390138,7.0538564,0.83265281,1.0768597,8,59
da02,1706844862489994,7.0744309,0.83049119,1.0716896,12,60
da02,1706844862590546,7.0898933,0.82777691,1.0637,12,61
da02,1706844862690024,7.083065,0.824373,1.0578383,10,62
da02,1706844862789979,7.082644,0.81508464,1.0577945,10,63
da02,1706844862890027,7.0745292,0.81775707,1.0601621,9,64
da02,1706844862990078,7.0677195,0.81710255,1.0663574,8,65
da02,1706844863089978,7.065659,0.81703728,1.0690795,9,66
da02,1706844863189960,7.0721288,0.81822884,1.0695142,10,67
da02,1706844863290058,7.0815487,0.81244171,1.0855596,9,68
da02,1706844863389998,7.0759039,0.82137161,1.0860294,9,69
da02,1706844863489992,7.0782833,0.82069606,1.0848764,10,70
da02,1706844863590235,7.0772843,0.8273406,1.0743346,10,71
da02,1706844863691628,7.0834394,0.83247465,1.061038,12,72
da02,1706844863790102,7.0824566,0.82601571,1.0642979,9,73
da02,1706844863890318,7.0755334,0.82597232,1.0647489,9,74
da02,1706844863990042,7.0726671,0.82376242,1.0600224,10,75
da02,1706844864089563,7.0587912,0.83768225,1.0569594,8,76
da02,1706844864189166,7.0481572,0.84059751,1.0586101,8,77
da02,1706844864289150,7.0437508,0.83377808,1.0712506,7,78
da02,1706844864389172,7.0368586,0.83878642,1.0696988,8,79
da02,1706844864489238,7.0412984,0.83778977,1.0695215,9,80
da02,1706844864589142,7.0407906,0.83848828,1.0695876,8,81
da02,1706844864689210,7.05284,0.82606369,1.0687737,10,82
da02,1706844864790009,7.0465932,0.81802523,1.0712098,7,83
da02,1706844864890010,7.0549722,0.82820129,1.0811596,9,84
da02,1706844864990097,7.0626016,0.82590032,1.0698975,11,85
da02,1706844865090092,7.071372,0.82338113,1.0743324,10,86
da02,1706844865189956,7.0673895,0.8370499,1.0739733,9,87
da02,1706844865290080,7.0592365,0.83676815,1.0766634,8,88
da02,1706844865390088,7.0550923,0.832488,1.0755905,8,89
da02,1706844865490132,7.0726209,0.83294797,1.0709053,12,90
da02,1706844865590209,7.073884,0.82783246,1.0823755,9,91
da02,1706844865690232,7.0737219,0.821738,1.0905486,8,92
da02,1706844865789993,7.0685768,0.82321775,1.0758274,10,93
da02,1706844865890006,7.071692,0.81986654,1.0692394,10,94
da02,1706844865989993,7.078793,0.83043909,1.0723957,10,95
da02,1706844866089948,7.0732741,0.82223403,1.062216,10,96
da02,1706844866189989,7.066371,0.82201308,1.0596259,9,97
da02,1706844866290018,7.07718,0.82648313,1.0665823,11,98
da02,1706844866390019,7.0752139,0.83713222,1.0741556,9,99
da02,1706844866490000,7.0695629,0.84366822,1.070235,9,100
da02,1706844866589972,7.0696859,0.83659393,1.0800544,8,101
da02,1706844866690133,7.0640721,0.83237416,1.0778389,8,102
da02,1706844866790004,7.060267,0.82771122,1.0768691,8,103
da02,1706844866889976,7.0668392,0.82841188,1.08774,9,104
da02,1706844866989999,7.068078,0.82368255,1.0862885,9,105
da02,1706844867091843,7.0726581,0.83220476,1.0780398,11,106
da02,1706844867190069,7.0720119,0.83031821,1.0714636,10,107
da02,1706844867289999,7.0730968,0.82627124,1.0703697,10,108
da02,1706844867390076,7.0753407,0.8284561,1.0759076,9,109
da02,1706844867490626,7.07209,0.8281635,1.0794183,9,110
da02,1706844867590010,7.0777211,0.82468945,1.0827974,10,111
da02,1706844867690084,7.0860591,0.83037156,1.0819616,11,112
da02,1706844867790071,7.0812597,0.82960075,1.0874722,9,113
da02,1706844867890096,7.083323,0.83588517,1.081023,10,114
da02,1706844867990092,7.0814972,0.83490491,1.0827626,9,115
da02,1706844868090014,7.077457,0.834567,1.076004,10,116
da02,1706844868190016,7.0682197,0.84019762,1.0731709,9,117
da02,1706844868290494,7.0729036,0.83444226,1.0762833,10,118
da02,1706844868390451,7.0828347,0.83393234,1.0846065,10,119
da02,1706844868490150,7.0880642,0.83130574,1.0830796,10,120
da02,1706844868590091,7.0819564,0.83448511,1.0759209,10,121
da02,1706844868690076,7.0981669,0.83262461,1.0756679,12,122
da02,1706844868790025,7.0950103,0.82803541,1.072969,10,123
da02,1706844868890005,7.0856504,0.83120924,1.0747992,9,124
da02,1706844868990005,7.0722604,0.82644862,1.0692439,8,125
da02,1706844869090075,7.0870347,0.82920891,1.0635376,12,126
da02,1706844869190041,7.0934992,0.83005953,1.0636908,11,127
da02,1706844869289986,7.0792527,0.82784849,1.0613208,8,128
da02,1706844869390060,7.0673957,0.82495964,1.0823419,8,129
da02,1706844869490010,7.0630164,0.8296746,1.0762297,9,130
da02,1706844869590014,7.0567441,0.82942265,1.072485,8,131
da02,1706844869690062,7.0652547,0.83987176,1.0685375,11,132
da02,1706844869790008,7.0824976,0.83959222,1.0730224,11,133
da02,1706844869890255,7.0700388,0.84694171,1.0698947,9,134
da02,1706844869990100,7.0703521,0.84555131,1.0602816,10,135
da02,1706844870092099,7.0534487,0.84521991,1.0769674,8,136
da02,1706844870190010,7.0521851,0.84403926,1.0821899,8,137
da02,1706844870290091,7.0573797,0.84179747,1.0777489,10,138
da02,1706844870390013,7.0647373,0.83788151,1.0804358,10,139
da02,1706844870490005,7.0591092,0.84003675,1.0806019,8,140
da02,1706844870590103,7.062572,0.83882964,1.0727746,10,141
da02,1706844870689962,7.0587058,0.83513021,1.0803396,8,142
da02,1706844870789999,7.057827,0.82605034,1.0784485,9,143
da02,1706844870890063,7.0666184,0.82346594,1.0848076,9,144
da02,1706844870989973,7.065115,0.82817554,1.082342,9,145
da02,1706844871090005,7.0848584,0.823036,1.0766048,12,146
da02,1706844871190106,7.0697608,0.81993955,1.0684589,8,147
da02,1706844871289941,7.0726161,0.81515968,1.06302,10,148
da02,1706844871390047,7.0630198,0.80272114,1.0769752,7,149
da02,1706844871490102,7.0620832,0.80963838,1.0743282,9,150
da02,1706844871590022,7.0683231,0.81156659,1.0695916,10,151
da02,1706844871690049,7.0602131,0.82190639,1.0606967,9,152
da02,1706844871790038,7.0626516,0.82365936,1.0663879,9,153
da02,1706844871890068,7.0571151,0.83201689,1.0659587,9,154
da02,1706844871990013,7.0486031,0.82586789,1.0666556,8,155
da02,1706844872090078,7.0520625,0.82512474,1.0683243,9,156
da02,1706844872190010,7.0478144,0.82334542,1.0709797,8,157
da02,1706844872290042,7.0542479,0.81614023,1.073719,9,158
da02,1706844872390068,7.0582733,0.81259358,1.0778055,9,159
da02,1706844872490038,7.0459728,0.81468666,1.0699341,8,160
da02,1706844872589978,7.0505528,0.81189793,1.066638,9,161
da02,1706844872690014,7.049334,0.814204,1.0705241,8,162
da02,1706844872790021,7.0521641,0.820085,1.0750619,9,163
da02,1706844872889974,7.0654912,0.819471,1.069069,11,164
da02,1706844872990035,7.0631967,0.82068652,1.0693746,9,165
da02,1706844873090010,7.0682545,0.82844472,1.0663058,10,166
da02,1706844873190030,7.0664878,0.82178795,1.0728201,8,167
da02,1706844873289991,7.0705295,0.8161301,1.0748863,9,168
da02,1706844873390294,7.0624232,0.81593424,1.0666261,9,169
da02,1706844873490128,7.0691781,0.82675093,1.0657603,10,170
da02,1706844873590067,7.075006,0.8352595,1.0637915,11,171
da02,1706844873690163,7.0669985,0.82570863,1.0717605,8,172
da02,1706844873790100,7.0666137,0.82546532,1.0632594,10,173
da02,1706844873919066,7.0580826,0.83964092,1.0675323,8,174
da02,1706844873990026,7.058404,0.83504242,1.0741141,8,175
da02,1706844874090060,7.0695677,0.844519,1.0679088,11,176
da02,1706844874190079,7.0766625,0.83513916,1.0645853,11,177
da02,1706844874290166,7.0779381,0.8407104,1.0696248,10,178
da02,1706844874390054,7.0720973,0.83692563,1.0839598,8,179
da02,1706844874490080,7.0716448,0.83046389,1.0786213,9,180
da02,1706844874590035,7.06375,0.82064837,1.072521,8,181
da02,1706844874690052,7.0592608,0.81850672,1.0780202,8,182
da02,1706844874790034,7.0674691,0.81151712,1.0662564,11,183
da02,1706844874890036,7.0601463,0.8113507,1.0598041,9,184
da02,1706844874990040,7.0526896,0.81422049,1.0538744,9,185
da02,1706844875090040,7.0393634,0.82483172,1.0555159,8,186
da02,1706844875190051,7.0438442,0.83330417,1.059392,9,187
da02,1706844875290042,7.0456939,0.83770323,1.0722262,8,188
da02,1706844875390064,7.0490136,0.84038407,1.0684325,9,189
da02,1706844875490114,7.057353,0.83573025,1.065798,10,190
da02,1706844875590115,7.0759659,0.82376426,1.0721425,11,191
da02,1706844875690008,7.0639606,0.83827531,1.0821595,8,192
da02,1706844875790133,7.0548382,0.83278096,1.0868156,7,193
da02,1706844875890128,7.0511703,0.84435242,1.0908146,8,194
da02,1706844875990059,7.0593433,0.83948052,1.0802134,10,195
da02,1706844876090160,7.068831,0.8414408,1.0770365,11,196
da02,1706844876190146,7.0755053,0.84663492,1.0747192,11,197
da02,1706844876290100,7.0747976,0.84821403,1.0736134,10,198
da02,1706844876390143,7.0587544,0.84210652,1.0719862,7,199
da02,1706844876490141,7.0543613,0.83574736,1.07068,8,200
da02,1706844876590052,7.0609345,0.834842,1.0709342,10,201
da02,1706844876690068,7.0662541,0.83151513,1.0790361,9,202
da02,1706844876790012,7.068491,0.8451075,1.0743719,10,203
da02,1706844876890034,7.0852966,0.84539884,1.0754063,12,204
da02,1706844876990128,7.0984592,0.83748829,1.0634392,13,205
da02,1706844877090010,7.0841527,0.83119148,1.0601311,9,206
da02,1706844877190076,7.0709085,0.84093738,1.0668094,8,207
da02,1706844877290018,7.0851626,0.8429783,1.0716656,11,208
da02,1706844877389988,7.0801811,0.84168273,1.0756298,9,209
da02,1706844877490118,7.0680132,0.8432675,1.0727451,8,210
da02,1706844877590122,7.063623,0.83323383,1.0809822,8,211
da02,1706844877690144,7.0499039,0.8368119,1.0821048,8,212
da02,1706844877790145,7.0633016,0.83915037,1.0716807,11,213
da02,1706844877890077,7.0565019,0.84134889,1.073288,8,214
da02,1706844877990014,7.0613012,0.84461147,1.0750084,10,215
da02,1706844878090153,7.0681343,0.83513767,1.078003,10,216
da02,1706844878190088,7.0628181,0.8368786,1.0781122,8,217
da02,1706844878290052,7.0749774,0.83513784,1.06568,12,218
da02,1706844878390057,7.0852895,0.83160603,1.0553945,12,219
da02,1706844878490055,7.0798769,0.83467484,1.0589483,9,220
da02,1706844878590022,7.0788865,0.83625692,1.0631433,10,221
da02,1706844878690108,7.0776067,0.82244807,1.0668126,9,222
da02,1706844878790067,7.0803413,0.8185063,1.0756432,9,223
da02,1706844878890027,7.080555,0.81178355,1.0790384,9,224
da02,1706844878990176,7.0745664,0.81046039,1.0716566,9,225
da02,1706844879091638,7.0653343,0.81948793,1.0705109,8,226
da02,1706844879190068,7.0733852,0.82081121,1.0755104,10,227
da02,1706844879290668,7.0764856,0.81352937,1.0786604,9,228
da02,1706844879390269,7.0709467,0.82331675,1.0777133,9,229
da02,1706844879490096,7.075582,0.83113891,1.0774949,10,230
da02,1706844879590132,7.0769663,0.82351667,1.0773414,9,231
da02,1706844879690083,7.0821948,0.81709832,1.0822854,10,232
da02,1706844879790031,7.0859752,0.82468843,1.0748082,11,233
da02,1706844879890057,7.0781155,0.82830644,1.0775174,9,234
da02,1706844879990084,7.0769544,0.82214695,1.0717622,10,235
da02,1706844880090066,7.0674939,0.828933,1.0796292,8,236
da02,1706844880190140,7.0691404,0.8367908,1.0790907,10,237
da02,1706844880290368,7.0568995,0.84568661,1.0653627,9,238
da02,1706844880390070,7.0612488,0.84600925,1.0672736,10,239
da02,1706844880490140,7.0579977,0.84696,1.0642503,9,240
da02,1706844880590062,7.0560083,0.843903,1.0657262,9,241
da02,1706844880690090,7.0689936,0.72481036,1.0496361,70,242
da02,1706844880790184,7.0776658,0.75058365,1.0572116,10,243
da02,1706844880890058,7.0768538,0.77015334,1.0710907,9,244
da02,1706844880990033,7.0840993,0.77640337,1.0643572,11,245
da02,1706844881090087,7.0825534,0.78318727,1.0729553,9,246
da02,1706844881190086,7.074038,0.79413533,1.0857048,7,247
da02,1706844881290049,7.0795374,0.80333632,1.0786508,11,248
da02,1706844881390070,7.0840559,0.80757815,1.0812552,10,249
da02,1706844881490079,7.0855284,0.81148821,1.0813786,10,250
da02,1706844881590063,7.0907979,0.8182199,1.0804271,11,251
da02,1706844881690065,7.0847492,0.82614738,1.0767592,10,252
da02,1706844881790086,7.0767674,0.83198363,1.0824831,8,253
da02,1706844881890089,7.0792274,0.83504373,1.0778657,10,254
da02,1706844881990122,7.0754089,0.83047897,1.0850148,8,255
da02,1706844882090425,7.0614982,0.82880849,1.0837224,7,256
da02,1706844882190259,7.0796847,0.83357704,1.07759,12,257
da02,1706844882290181,7.0700226,0.83156651,1.0793954,8,258
da02,1706844882390093,7.0578308,0.82822573,1.0688148,8,259
da02,1706844882490060,7.0555305,0.82694429,1.0594606,9,260
da02,1706844882590100,7.0624156,0.81438309,1.0593871,10,261
da02,1706844882690073,7.0658169,0.81877834,1.0665357,9,262
da02,1706844882790005,7.060637,0.828304,1.0733916,8,263
da02,1706844882890068,7.05113,0.82876331,1.0664195,8,264
da02,1706844882990056,7.0655355,0.82300615,1.0602279,11,265
da02,1706844883090041,7.0700774,0.82567972,1.0617695,10,266
da02,1706844883190093,7.070353,0.83172685,1.0662791,9,267
da02,1706844883290088,7.0690794,0.83097678,1.0784671,8,268
da02,1706844883390057,7.0524931,0.83328235,1.0749378,8,269
da02,1706844883490066,7.0708189,0.823424,1.0710164,11,270
da02,1706844883590075,7.0690045,0.82969171,1.0672399,10,271
da02,1706844883690083,7.0701222,0.82202369,1.0712616,9,272
da02,1706844883790232,7.07746,0.814486,1.0784305,10,273
da02,1706844883890060,7.06912,0.81658232,1.0707413,9,274
da02,1706844883990114,7.0686512,0.8148129,1.0700389,9,275
da02,1706844884090217,7.0647674,0.81910378,1.0645807,9,276
da02,1706844884190100,7.0768509,0.81684327,1.0702395,10,277
da02,1706844884290068,7.0762324,0.82329291,1.0667747,10,278
da02,1706844884390184,7.0635834,0.82644689,1.0680643,8,279
da02,1706844884490193,7.0539703,0.836627,1.0716376,8,280
da02,1706844884590182,7.0474911,0.82255727,1.0761193,7,281
da02,1706844884690388,7.05619,0.82118213,1.0825642,9,282
da02,1706844884790130,7.0669293,0.82172579,1.0818163,10,283
da02,1706844884890068,7.0692744,0.81980664,1.0819179,9,284
da02,1706844884990224,7.072948,0.81763846,1.0838161,9,285
da02,1706844885090213,7.0822921,0.81434906,1.0668211,12,286
da02,1706844885190103,7.0864291,0.8222158,1.0680419,11,287
da02,1706844885290162,7.0795035,0.83088827,1.0812756,8,288
da02,1706844885390099,7.0768118,0.82631308,1.0755597,9,289
da02,1706844885490076,7.0804286,0.82976639,1.064485,11,290
da02,1706844885590652,7.0836678,0.81839812,1.0756581,9,291
da02,1706844885690125,7.0797019,0.83030397,1.0833473,9,292
da02,1706844885790544,7.06919,0.83433682,1.083084,8,293
da02,1706844885890080,7.0655832,0.83221316,1.0788385,9,294
da02,1706844885990072,7.0603614,0.820813,1.07961,8,295
da02,1706844886090095,7.0591421,0.83405584,1.0737457,10,296
da02,1706844886190106,7.0653586,0.82951421,1.0667055,10,297
da02,1706844886290159,7.0555491,0.8232066,1.0769148,7,298
da02,1706844886390112,7.0518661,0.82714456,1.0799835,8,299
da02,1706844886490105,7.0587492,0.82428461,1.0754323,10,300
da02,1706844886590094,7.0459762,0.82373673,1.0785149,8,301
da02,1706844886690200,7.0534329,0.82914478,1.081985,9,302
da02,1706844886790095,7.067183,0.82661247,1.0804898,11,303
da02,1706844886890162,7.0812926,0.83011371,1.066362,12,304
da02,1706844886990092,7.0686016,0.82600725,1.0618711,8,305
da02,1706844887090107,7.0770764,0.81449664,1.076589,9,306
da02,1706844887190078,7.0823855,0.80699617,1.0693833,11,307
da02,1706844887290105,7.08075,0.816615,1.0713373,10,308
da02,1706844887390161,7.080749,0.81940222,1.0672849,10,309
da02,1706844887490055,7.0727196,0.82137328,1.0662332,9,310
da02,1706844887590084,7.0590658,0.82134837,1.0568579,8,311
da02,1706844887690681,7.0680108,0.81851637,1.0541974,11,312
da02,1706844887790045,7.0707512,0.82456493,1.0544654,10,313
da02,1706844887890124,7.07975,0.82465363,1.0629376,10,314
da02,1706844887990156,7.0840883,0.832523,1.0686139,10,315
da02,1706844888090070,7.0736017,0.837106,1.07592,8,316
da02,1706844888190168,7.0591745,0.84574342,1.0747054,8,317
da02,1706844888290218,7.0657363,0.83897495,1.0763834,10,318
da02,1706844888390062,7.0542579,0.83402,1.0845109,8,319
da02,1706844888490122,7.0632105,0.83022082,1.0796816,10,320
da02,1706844888590223,7.0733609,0.8285442,1.0756081,11,321
da02,1706844888690082,7.080883,0.83287954,1.0743645,11,322
da02,1706844888790114,7.0773129,0.83714205,1.0722122,10,323
da02,1706844888890174,7.0874166,0.83266681,1.0688647,11,324
da02,1706844888990046,7.08066,0.83842522,1.0714971,9,325
da02,1706844889090086,7.0669265,0.83664775,1.0750479,7,326
da02,1706844889190135,7.0696383,0.83291084,1.0710362,10,327
da02,1706844889290118,7.0543685,0.83883893,1.071574,8,328
da02,1706844889390080,7.04869,0.83889818,1.0689702,8,329
da02,1706844889490168,7.0524635,0.83790755,1.0683999,9,330
da02,1706844889590156,7.056313,0.84503525,1.0664809,10,331
da02,1706844889690145,7.0387969,0.84222764,1.0717175,8,332
da02,1706844889790159,7.0575376,0.84721524,1.0810544,10,333
da02,1706844889890152,7.0595779,0.83816403,1.0767252,9,334
da02,1706844889990352,7.0491862,0.83827949,1.0813651,8,335
da02,1706844890090188,7.0587053,0.82967836,1.0738206,10,336
da02,1706844890190198,7.0532489,0.82187867,1.0785332,7,337
da02,1706844890290682,7.0490532,0.82280219,1.076602,8,338
da02,1706844890390265,7.0557771,0.82621056,1.0798124,9,339
da02,1706844890490530,7.0578113,0.82612604,1.0795997,9,340
da02,1706844890590242,7.0646763,0.82770854,1.0697907,11,341
da02,1706844890690464,7.0667958,0.82625914,1.0598252,10,342
da02,1706844890790180,7.0798955,0.82410985,1.0643977,11,343
da02,1706844890890141,7.0769086,0.83236188,1.0741409,9,344
da02,1706844890990162,7.0712638,0.83744115,1.0743237,9,345
da02,1706844891090143,7.0711713,0.84508288,1.0695964,10,346
da02,1706844891190265,7.0670114,0.84366536,1.0660166,9,347
da02,1706844891290194,7.0663667,0.83140951,1.059242,10,348
da02,1706844891390134,7.0631084,0.82818657,1.0554163,9,349
da02,1706844891490214,7.0631313,0.83884162,1.0574043,10,350
da02,1706844891590194,7.0701609,0.83905786,1.0622041,10,351
da02,1706844891690142,7.0685205,0.840341,1.0564805,10,352
da02,1706844891790230,7.0640721,0.82767767,1.0639399,8,353
da02,1706844891890192,7.0834403,0.83529556,1.0732918,12,354
da02,1706844891990120,7.0679631,0.82867968,1.074906,7,355
da02,1706844892090136,7.0643592,0.82269335,1.0774617,8,356
da02,1706844892190131,7.061625,0.81931269,1.0835291,8,357
da02,1706844892290115,7.0643806,0.82780278,1.0726442,10,358
da02,1706844892390178,7.0663996,0.83743453,1.0731813,10,359
da02,1706844892490149,7.0603714,0.8385576,1.0786,8,360
da02,1706844892590277,7.0508275,0.84420121,1.0805115,8,361
da02,1706844892690349,7.0493803,0.847484,1.0724593,9,362
da02,1706844892790227,7.0478091,0.83378416,1.0703363,8,363
da02,1706844892890248,7.0542607,0.82403284,1.0619228,10,364
da02,1706844892990172,7.067349,0.82880634,1.0586414,11,365
da02,1706844893090142,7.0806127,0.83355695,1.0557669,12,366
da02,1706844893190268,7.0744753,0.8346799,1.0529041,10,367
da02,1706844893290151,7.0718608,0.83021861,1.0624943,9,368
da02,1706844893390170,7.0728784,0.83294564,1.0620133,10,369
da02,1706844893490222,7.0697374,0.8397854,1.0629311,9,370
da02,1706844893590181,7.0696573,0.84602714,1.0672269,9,371
da02,1706844893690155,7.0699658,0.85144538,1.0718757,9,372
da02,1706844893790269,7.0685096,0.84174407,1.0650167,10,373
da02,1706844893890150,7.0615077,0.84548646,1.0763727,8,374
da02,1706844893990182,7.0493283,0.82951528,1.0871601,7,375
da02,1706844894090259,7.0497494,0.83937007,1.0869335,9,376
da02,1706844894190316,7.0506325,0.83524531,1.0803211,9,377
da02,1706844894290203,7.0606894,0.84312457,1.0740384,11,378
da02,1706844894390274,7.0706596,0.841215,1.0699937,11,379
da02,1706844894491792,7.0705128,0.83707589,1.065429,10,380
da02,1706844894590277,7.069108,0.83721292,1.0862149,8,381
da02,1706844894690226,7.0796313,0.83867532,1.0803741,11,382
da02,1706844894790251,7.0778012,0.84785569,1.0759363,10,383
da02,1706844894890202,7.0638232,0.8324616,1.0789442,7,384
da02,1706844894990297,7.2215858,0.67764705,1.4164784,72,385
da02,1706844895090190,7.1784568,0.70829678,1.3297957,8,386
da02,1706844895190248,7.1590338,0.73684877,1.2494564,12,387
da02,1706844895290238,7.1301808,0.76615059,1.2053504,9,388
da02,1706844895390220,7.1226416,0.79126543,1.174857,10,389
da02,1706844895490292,7.1062584,0.810294,1.1572784,8,390
da02,1706844895590270,7.102499,0.81882942,1.1299087,11,391
da02,1706844895690328,7.0962634,0.82290727,1.1132585,10,392
da02,1706844895790243,7.0915146,0.8304354,1.1022377,10,393
da02,1706844895890200,7.0819693,0.82745594,1.0876631,9,394
da02,1706844895990391,7.0794091,0.82420546,1.0714844,10,395
da02,1706844896090258,7.0716972,0.82606655,1.0735389,8,396
da02,1706844896190213,7.0747533,0.82461494,1.0706769,10,397
da02,1706844896290188,7.0826373,0.80706322,1.072311,10,398
da02,1706844896390202,7.0740995,0.81435847,1.0707252,9,399
da02,1706844896490179,7.0726485,0.82067317,1.0660088,10,400
da02,1706844896590273,7.0726857,0.82647991,1.0701368,9,401
da02,1706844896690208,7.0663767,0.82142162,1.0693406,8,402
da02,1706844896790242,7.0611486,0.82473242,1.0698372,9,403
da02,1706844896890253,7.0611696,0.8190971,1.0603557,10,404
da02,1706844896990258,7.0605507,0.83085418,1.0648211,9,405
da02,1706844897090172,7.0630031,0.8247872,1.063917,9,406
da02,1706844897190286,7.0621428,0.8217032,1.0631095,9,407
da02,1706844897290258,7.0733085,0.82366985,1.0622216,11,408
da02,1706844897390158,7.0656061,0.82493591,1.0616831,9,409
da02,1706844897490206,7.0589409,0.83335465,1.0613858,9,410
da02,1706844897590286,7.061276,0.83485693,1.0665853,9,411
da02,1706844897690194,7.0629597,0.84047908,1.0681682,9,412
da02,1706844897790759,7.0609651,0.83345515,1.0665855,9,413
da02,1706844897890382,7.0616884,0.83270586,1.0662497,9,414
da02,1706844897990206,7.0824852,0.83386916,1.0756427,11,415
da02,1706844898090253,7.0625296,0.8365702,1.0731862,8,416
da02,1706844898190238,7.0728607,0.82878011,1.0806553,10,417
da02,1706844898290239,7.075182,0.82921982,1.0832565,9,418
da02,1706844898390282,7.0703692,0.83356339,1.0856413,9,419
da02,1706844898490243,7.0818295,0.83046734,1.0666151,12,420
da02,1706844898590221,7.0895772,0.83212191,1.0663607,11,421
da02,1706844898690198,7.0862346,0.82986641,1.0672536,10,422
da02,1706844898790287,7.0797911,0.83520925,1.0699158,9,423
da02,1706844898890215,7.0688152,0.84173989,1.0730865,8,424
da02,1706844898990263,7.0779319,0.83792782,1.0720705,11,425
da02,1706844899090231,7.0697885,0.83818,1.0798631,8,426
da02,1706844899190152,7.0621762,0.8376624,1.0769788,8,427
da02,1706844899290190,7.0522628,0.83798242,1.0736282,8,428
da02,1706844899390220,7.0569205,0.84548879,1.0690747,10,429
da02,1706844899490216,7.0682621,0.8392272,1.0700215,10,430
da02,1706844899590212,7.0854383,0.84736007,1.0678742,12,431
da02,1706844899690266,7.1018467,0.84788388,1.0712126,12,432
da02,1706844899790178,7.0996561,0.83985156,1.0755911,10,433
da02,1706844899890274,7.0972762,0.83006781,1.0829265,9,434
da02,1706844899990240,7.0615439,0.83316058,1.0832843,9,435
da02,1706844900090245,7.0617604,0.83057249,1.0845891,9,436
da02,1706844900190312,7.050715,0.83927733,1.0895195,8,437
da02,1706844900290287,7.0490322,0.83738279,1.0835626,9,438
da02,1706844900390159,7.0626268,0.84065747,1.0769156,11,439
da02,1706844900490205,7.070663,0.83412129,1.0695901,11,440
da02,1706844900590204,7.0729628,0.8449598,1.05867,11,441
da02,1706844900690210,7.071002,0.845464,1.0590264,10,442
da02,1706844900790264,7.0804148,0.83548731,1.0622116,11,443
da02,1706844900890206,7.0739346,0.83650953,1.0566928,10,444
da02,1706844900990259,7.0560803,0.8407855,1.0597138,8,445
da02,1706844901090413,7.066205,0.82932138,1.0601174,10,446
da02,1706844901190260,7.0651917,0.83219069,1.0648719,9,447
da02,1706844901290798,7.0677223,0.82018042,1.0619583,10,448
da02,1706844901390254,7.0683956,0.81571734,1.0538859,10,449
da02,1706844901490280,7.072773,0.80973607,1.054896,10,450
da02,1706844901590302,7.0773311,0.8217622,1.0542238,11,451
da02,1706844901690272,7.0743504,0.82359,1.0542405,10,452
da02,1706844901790284,7.0808611,0.82763106,1.0630788,10,453
da02,1706844901890227,7.08229,0.83174974,1.0671017,10,454
da02,1706844901990254,7.0799036,0.83597022,1.0637404,10,455
da02,1706844902090194,7.0671492,0.83296013,1.0671555,8,456
da02,1706844902190248,7.0570974,0.83670884,1.0666908,8,457
da02,1706844902290210,7.0648122,0.841595,1.064389,10,458
da02,1706844902390221,7.0660696,0.8395251,1.073321,9,459
da02,1706844902490300,7.0717287,0.83020061,1.0763861,10,460
da02,1706844902590178,7.065846,0.83618134,1.0752532,9,461
da02,1706844902690182,7.0683169,0.83959389,1.0799112,9,462
da02,1706844902790239,7.056036,0.84455508,1.0866754,8,463
da02,1706844902890207,7.0752277,0.84468317,1.0746212,12,464
da02,1706844902990154,7.0770063,0.83892882,1.07422,10,465
da02,1706844903090334,7.0717068,0.84310478,1.0758029,9,466
da02,1706844903190264,7.0792556,0.84417635,1.0734607,11,467
da02,1706844903290252,7.085032,0.83712214,1.0729554,10,468
da02,1706844903390178,7.0915456,0.84087569,1.0673852,11,469
da02,1706844903490212,7.0856357,0.84619123,1.0615542,10,470
da02,1706844903590205,7.0923691,0.848415,1.0602525,11,471
da02,1706844903690208,7.072401,0.83736312,1.0653926,7,472
da02,1706844903790278,7.0705991,0.83864856,1.0637021,10,473
da02,1706844903890234,7.0677676,0.83658391,1.0643734,9,474
da02,1706844903990262,7.0709033,0.84108806,1.0642481,10,475
da02,1706844904090199,7.0656233,0.84279895,1.0744437,8,476
da02,1706844904190260,7.0682869,0.83675343,1.0729592,10,477
da02,1706844904290250,7.067975,0.83333385,1.0689821,10,478
da02,1706844904390256,7.0703831,0.83273923,1.0596505,10,479
da02,1706844904490242,7.08187,0.82521528,1.0645226,11,480
da02,1706844904590384,7.0804563,0.82474864,1.0583199,10,481
da02,1706844904690310,7.0824041,0.8281551,1.0566456,10,482
da02,1706844904790348,7.0613565,0.832175,1.0707241,8,483
da02,1706844904890380,7.0559611,0.82643133,1.0679818,8,484
da02,1706844904990277,7.05485,0.82924783,1.069936,9,485
da02,1706844905090222,7.0451765,0.83646548,1.0729004,8,486
da02,1706844905190276,7.0580058,0.851564,1.0643373,11,487
da02,1706844905290214,7.053359,0.84655184,1.0687712,8,488
da02,1706844905390243,7.0547109,0.85033107,1.0707552,9,489
da02,1706844905490343,7.0562577,0.84268743,1.077581,8,490
da02,1706844905590186,7.062993,0.84833544,1.0697879,11,491
da02,1706844905690219,7.0675793,0.83304054,1.070526,9,492
da02,1706844905790275,7.0604849,0.83601278,1.0745144,8,493
da02,1706844905890250,7.060708,0.82530463,1.0631818,10,494
da02,1706844905990220,7.0640454,0.81087852,1.0583079,10,495
da02,1706844906090294,7.0686741,0.8102107,1.0609226,10,496
da02,1706844906190258,7.0673513,0.82205904,1.0566183,10,497
da02,1706844906292290,7.0649424,0.82449055,1.0618057,9,498
da02,1706844906390288,7.0712848,0.81973195,1.0578303,10,499
da02,1706844906490267,7.0630746,0.81405938,1.063794,8,500
da02,1706844906590276,7.0628638,0.81965643,1.0634706,9,501
da02,1706844906690250,7.0760775,0.82783532,1.056241,12,502
da02,1706844906790276,7.0788608,0.84511763,1.0485914,11,503
da02,1706844906890266,7.0716877,0.84031427,1.049472,9,504
da02,1706844906990344,7.0920978,0.83103794,1.0548736,12,505
da02,1706844907090278,7.0915422,0.83137393,1.0547484,10,506
da02,1706844907190476,7.084918,0.83635688,1.0602499,9,507
da02,1706844907290265,7.0845971,0.83688277,1.05459,11,508
da02,1706844907390355,7.0737419,0.8306542,1.0686771,7,509
da02,1706844907490269,7.0599546,0.82368326,1.0724474,7,510
da02,1706844907590360,7.0647783,0.82399786,1.0629413,10,511
da02,1706844907690289,7.0740232,0.8320781,1.0645548,11,512
da02,1706844907790378,7.0563264,0.82516932,1.0578632,8,513
da02,1706844907890338,7.0642204,0.83287525,1.0653554,10,514
da02,1706844907990285,7.0621157,0.83859992,1.0653523,9,515
da02,1706844908090250,7.0705318,0.84001094,1.0682603,10,516
da02,1706844908190385,7.0688815,0.83650267,1.0671463,9,517
da02,1706844908290384,7.0675836,0.83623159,1.0556928,10,518
da02,1706844908390254,7.0702043,0.828137,1.0513487,10,519
da02,1706844908490252,7.0873122,0.83415544,1.0609883,12,520
da02,1706844908590272,7.0718489,0.83579206,1.056493,8,521
da02,1706844908690249,7.0882249,0.83467263,1.0657326,11,522
da02,1706844908790330,7.0863357,0.83063114,1.0775207,9,523
da02,1706844908890245,7.0838475,0.82536405,1.078342,9,524
da02,1706844908990280,7.0737886,0.83150381,1.0690521,9,525
da02,1706844909090264,7.0583386,0.83252561,1.0745078,8,526
da02,1706844909190308,7.0739207,0.83069468,1.0734025,11,527
da02,1706844909290227,7.0754919,0.8378734,1.0638201,11,528
da02,1706844909390311,7.06946,0.8400982,1.0637507,9,529
da02,1706844909490237,7.0654149,0.83460718,1.0739629,8,530
da02,1706844909590255,7.0689287,0.82875931,1.0705649,10,531
da02,1706844909690245,7.077251,0.8289758,1.0643061,11,532
da02,1706844909790262,7.0718851,0.83561081,1.0721772,9,533
da02,1706844909891904,7.0635633,0.82373655,1.0700784,8,534
da02,1706844909990271,7.0786438,0.82111472,1.0714742,11,535
da02,1706844910090249,7.0710092,0.83042133,1.0795689,8,536
da02,1706844910190313,7.061286,0.82582772,1.0766098,8,537
da02,1706844910290276,7.0669532,0.82102394,1.0832698,9,538
da02,1706844910390305,7.0742531,0.82009643,1.0833097,10,539
da02,1706844910490241,7.0591755,0.81571931,1.095174,8,540
da02,1706844910590320,7.0648947,0.82168168,1.0910825,10,541
da02,1706844910690306,7.0675778,0.83097589,1.0887288,10,542
da02,1706844910790299,7.0658164,0.83492506,1.0856513,9,543
da02,1706844910890246,7.0625029,0.84205967,1.0750619,10,544
da02,1706844910990324,7.065155,0.83690745,1.0789001,9,545
da02,1706844911090243,7.060483,0.842599,1.0917449,8,546
da02,1706844911190281,7.0533848,0.83499086,1.0819532,8,547
da02,1706844911290262,7.0489483,0.84176648,1.0669165,9,548
da02,1706844911390288,7.0596685,0.832288,1.0664814,10,549
da02,1706844911490616,7.0675106,0.83521926,1.0769759,9,550
da02,1706844911590358,7.063076,0.83745867,1.0646341,10,551
da02,1706844911690264,7.0583534,0.83260858,1.0714141,8,552
da02,1706844911790555,7.058835,0.81628859,1.0690908,9,553
da02,1706844911890312,7.0587015,0.81121051,1.0645527,9,554
da02,1706844911990370,7.0663147,0.82770628,1.0619196,11,555
da02,1706844912090289,7.0683689,0.82463557,1.0773357,8,556
da02,1706844912190394,7.0569692,0.82477409,1.0842301,8,557
da02,1706844912291158,7.0660152,0.82253575,1.0815717,10,558
da02,1706844912390283,7.06095,0.82108617,1.0775743,9,559
da02,1706844912490275,7.0506005,0.82509607,1.0830483,8,560
da02,1706844912590390,7.0493264,0.82632124,1.0873604,8,561
da02,1706844912690279,7.0514016,0.82887208,1.0776447,9,562
da02,1706844912790317,7.0367312,0.82411873,1.0828239,8,563
da02,1706844912890313,7.0296702,0.83336055,1.08079,8,564
da02,1706844912990344,7.0382857,0.82812613,1.0792617,9,565
da02,1706844913090284,7.050014,0.83032864,1.0698959,11,566
da02,1706844913190303,7.0604243,0.82713288,1.0622276,11,567
da02,1706844913290274,7.0628333,0.82532269,1.0706092,9,568
da02,1706844913390319,7.0737224,0.83194476,1.0734566,11,569
da02,1706844913490382,7.0800476,0.83324468,1.0647359,11,570
da02,1706844913590317,7.0718727,0.82659507,1.053964,9,571
da02,1706844913690351,7.0775328,0.823505,1.0674971,9,572
da02,1706844913790299,7.0761552,0.81549841,1.0734929,9,573
da02,1706844913890395,7.0792365,0.81668252,1.0741479,10,574
da02,1706844913990324,7.0672607,0.82663816,1.0876627,8,575
da02,1706844914090296,7.0711122,0.82095909,1.0750519,10,576
da02,1706844914190422,7.0635567,0.824341,1.0782192,8,577
da02,1706844914290336,7.0548525,0.82647771,1.0787387,8,578
da02,1706844914390342,7.0568047,0.8222174,1.0763218,9,579
da02,1706844914490340,7.0582786,0.81788045,1.0779434,9,580
da02,1706844914590337,7.0645266,0.82853568,1.0772682,10,581
da02,1706844914690332,7.0675554,0.82044071,1.073328,10,582
da02,1706844914790410,7.0854034,0.821671,1.079051,11,583
da02,1706844914890286,7.0869641,0.82060838,1.072862,10,584
da02,1706844914990393,7.0780845,0.82599854,1.0739629,9,585
da02,1706844915090351,7.0708804,0.81278569,1.0860081,7,586
da02,1706844915190414,7.0706387,0.81680018,1.0891694,9,587
da02,1706844915290753,7.0775023,0.81210184,1.0798392,11,588
da02,1706844915390373,7.079155,0.809616,1.0815514,9,589
da02,1706844915490312,7.0776253,0.81486064,1.0769087,10,590
da02,1706844915590356,7.0691638,0.8212347,1.0862606,8,591
da02,1706844915690454,7.05754,0.82342213,1.0798646,8,592
da02,1706844915790370,7.0498362,0.83290446,1.0773394,8,593
da02,1706844915890362,7.0514736,0.82964087,1.0752199,9,594
da02,1706844915990328,7.0492129,0.83047736,1.0793927,8,595
da02,1706844916090275,7.0623364,0.83577073,1.0841085,10,596
da02,1706844916190288,7.0857782,0.83591175,1.0745159,13,597
da02,1706844916290357,7.0825148,0.83902514,1.0768874,9,598
da02,1706844916390291,7.0844278,0.83291245,1.0660733,11,599
da02,1706844916490306,7.0784903,0.83414251,1.067925,9,600
da02,1706844916590329,7.0809031,0.83175027,1.0817177,9,601
da02,1706844916690326,7.0781221,0.83442289,1.0794538,9,602
da02,1706844916790278,7.0796533,0.82524723,1.0771356,10,603
da02,1706844916890339,7.0784974,0.81950194,1.0687551,10,604
da02,1706844916990313,7.0604095,0.81943434,1.0682968,7,605
da02,1706844917090359,7.0676856,0.8282603,1.0666414,10,606
da02,1706844917190318,7.0796647,0.83532733,1.0665389,11,607
da02,1706844917290502,7.0826135,0.83320987,1.052891,11,608
da02,1706844917390404,7.087472,0.83452028,1.0555453,11,609
da02,1706844917490446,7.0911403,0.83441657,1.0533994,11,610
da02,1706844917590392,7.0915456,0.83650851,1.0568292,10,611
da02,1706844917690311,7.0868931,0.83622378,1.0511688,10,612
da02,1706844917790442,7.0808349,0.82952696,1.0556444,9,613
da02,1706844917890356,7.0818896,0.83361715,1.052907,11,614
da02,1706844917990371,7.0725231,0.82638127,1.05776,8,615
da02,1706844918090360,7.067678,0.82670015,1.0512358,10,616
da02,1706844918190432,7.069037,0.82425523,1.0644673,9,617
da02,1706844918290280,7.07808,0.82593369,1.065966,11,618
da02,1706844918390420,7.0677075,0.82355803,1.0740614,7,619
da02,1706844918490304,7.0596571,0.81542975,1.0731797,8,620
da02,1706844918590332,7.0698571,0.82153362,1.0734942,10,621
da02,1706844918690331,7.0668759,0.82073623,1.0733838,9,622
da02,1706844918790410,7.0779519,0.8229053,1.0810118,10,623
da02,1706844918890332,7.0703135,0.81870514,1.0850821,8,624
da02,1706844918990378,7.05419,0.8244046,1.0861682,8,625
da02,1706844919090339,7.0468144,0.81865764,1.082509,8,626
da02,1706844919190295,7.0468359,0.82222468,1.0921888,7,627
da02,1706844919290315,7.0491791,0.82393992,1.0795029,10,628
da02,1706844919390323,7.0582032,0.82486171,1.0807008,10,629
da02,1706844919490256,7.0554838,0.82129407,1.0852042,8,630
da02,1706844919590319,7.0502706,0.82291728,1.0654333,10,631
da02,1706844919690375,7.0455079,0.83365732,1.0665903,8,632
da02,1706844919790338,7.0458455,0.83580136,1.0657533,9,633
da02,1706844919890326,7.0567808,0.83941931,1.0643644,10,634
da02,1706844919990314,7.0494194,0.83592421,1.0665776,8,635
da02,1706844920090356,7.0540843,0.840201,1.0639961,10,636
da02,1706844920190337,7.0484767,0.83991975,1.0632868,8,637
da02,1706844920290428,7.0382333,0.83664572,1.0621538,7,638
da02,1706844920390376,7.0308304,0.84157175,1.0725595,8,639
da02,1706844920490309,7.0304279,0.83151597,1.0795952,7,640
da02,1706844920590406,7.0377083,0.82672566,1.0786529,9,641
da02,1706844920690382,7.0510583,0.82993186,1.0857327,9,642
da02,1706844920790294,7.060781,0.82942438,1.0775344,10,643
da02,1706844920890334,7.0614452,0.83521658,1.0839046,9,644
da02,1706844920990421,7.0593863,0.83322239,1.082199,9,645
da02,1706844921090283,7.0711761,0.83685678,1.0704409,12,646
da02,1706844921190418,7.0751429,0.83198041,1.0666761,10,647
da02,1706844921290430,7.0718431,0.837567,1.0671016,9,648
da02,1706844921390311,7.065897,0.8416115,1.0835634,8,649
da02,1706844921490300,7.0702581,0.84521914,1.0811089,10,650
da02,1706844921590387,7.0680876,0.85302985,1.0836259,9,651
da02,1706844921690259,7.0762,0.84747607,1.0843865,10,652
da02,1706844921790314,7.0795817,0.8436324,1.0882444,9,653
da02,1706844921890599,7.0739555,0.84972292,1.0770934,10,654
da02,1706844921990653,7.0596509,0.8428759,1.0753316,7,655
da02,1706844922090312,7.0682135,0.84920347,1.072768,11,656
da02,1706844922190342,7.0727687,0.850161,1.0751102,10,657
da02,1706844922290301,7.0736823,0.84003109,1.0727526,10,658
da02,1706844922390373,7.0709815,0.82901108,1.0707877,9,659
da02,1706844922490381,7.067255,0.83117342,1.07555,9,660
da02,1706844922590398,7.0809197,0.83492142,1.0732735,11,661
da02,1706844922690390,7.0712061,0.8400839,1.0721679,9,662
da02,1706844922790408,7.0755029,0.83741713,1.0663123,10,663
da02,1706844922891182,7.0832815,0.83888429,1.0581635,12,664
da02,1706844922990488,7.074863,0.84454656,1.0633817,9,665
da02,1706844923090368,7.0686569,0.842093,1.0650747,9,666
da02,1706844923190415,7.0739374,0.84075421,1.0665421,10,667
da02,1706844923290981,7.064189,0.83615166,1.0776176,7,668
da02,1706844923390388,7.0603542,0.8305707,1.0729159,9,669
da02,1706844923490355,7.0666132,0.8288402,1.0603026,11,670
da02,1706844923590472,7.0520496,0.81593138,1.0598865,7,671
da02,1706844923690332,7.0557704,0.81765211,1.0705521,9,672
da02,1706844923790380,7.0639806,0.81722867,1.0640382,10,673
da02,1706844923890540,7.0613055,0.81861144,1.0669392,9,674
da02,1706844923990424,7.0643234,0.81597608,1.0679539,9,675
da02,1706844924090323,7.0646663,0.81244552,1.0775616,8,676
da02,1706844924190496,7.0687041,0.81515431,1.0715965,10,677
da02,1706844924290335,7.0667634,0.8164103,1.0630655,10,678
da02,1706844924390481,7.0588737,0.81459105,1.0625349,8,679
da02,1706844924490425,7.0562768,0.82000434,1.0633931,9,680
da02,1706844924590401,7.0513787,0.81803167,1.0641786,8,681
da02,1706844924690368,7.0522351,0.8176862,1.0753341,8,682
da02,1706844924790460,7.0487509,0.81477195,1.0776223,8,683
da02,1706844924890365,7.05597,0.81757808,1.0808989,9,684
da02,1706844924990484,7.0718155,0.81767493,1.0689081,12,685
da02,1706844925090410,7.0797276,0.82358551,1.072759,10,686
da02,1706844925190392,7.0643315,0.82513571,1.0738465,7,687
da02,1706844925291993,7.0598855,0.83285069,1.0647134,9,688
da02,1706844925390457,7.0617566,0.82361448,1.0720382,9,689
da02,1706844925490340,7.0644245,0.83437812,1.065137,10,690
da02,1706844925590491,7.0718822,0.83607823,1.0704715,10,691
da02,1706844925690442,7.0605769,0.8413744,1.0623183,9,692
da02,1706844925790392,7.0681548,0.84653538,1.0677483,10,693
da02,1706844925890446,7.0534706,0.83343256,1.0565302,8,694
da02,1706844925990427,7.0403934,0.83658427,1.061622,8,695
da02,1706844926090373,7.0473509,0.8384611,1.059545,10,696
da02,1706844926190439,7.0532184,0.846962,1.0588895,10,697
da02,1706844926290371,7.067399,0.84188861,1.0573859,11,698
da02,1706844926390346,7.0586147,0.83218122,1.0592712,8,699
da02,1706844926490367,7.0799456,0.82489395,1.0664772,11,700
da02,1706844926590371,7.0694308,0.82587415,1.0613813,9,701
da02,1706844926690343,7.078774,0.82679808,1.0609256,11,702
da02,1706844926790494,7.0815859,0.82595325,1.0585728,10,703
da02,1706844926890376,7.0847712,0.82864255,1.0651814,10,704
da02,1706844926990383,7.0734415,0.82830453,1.0614542,9,705
da02,1706844927090419,7.0736732,0.83185565,1.0639743,10,706
da02,1706844927190458,7.061348,0.82876587,1.0634788,8,707
da02,1706844927290316,7.0503039,0.82041734,1.0630124,7,708
da02,1706844927390448,7.0494246,0.82698929,1.0634369,9,709
da02,1706844927490364,7.0725813,0.8269704,1.0703262,12,710
da02,1706844927590377,7.0564866,0.83888823,1.0687354,8,711
da02,1706844927690435,7.2789669,0.62994587,1.5214458,74,712
da02,1706844927790444,7.2182693,0.68332851,1.4102422,8,713
da02,1706844927890401,7.1756973,0.72937191,1.3267727,9,714
da02,1706844927991045,7.1499963,0.75574744,1.2687734,9,715
da02,1706844928090446,7.127667,0.77626878,1.2199501,9,716
da02,1706844928190427,7.1133947,0.78047454,1.1792266,9,717
da02,1706844928290376,7.0949583,0.78871912,1.1611048,7,718
da02,1706844928399240,7.082562,0.80135876,1.1352291,9,719
da02,1706844928490480,7.08362,0.8086921,1.1201191,10,720
da02,1706844928590445,7.0777583,0.8237865,1.1110703,9,721
da02,1706844928690470,7.0872455,0.83089149,1.0957118,12,722
da02,1706844928790458,7.0948262,0.82794219,1.0940372,11,723
da02,1706844928890420,7.0832906,0.82660806,1.0935298,8,724
da02,1706844928990444,7.0754466,0.82271963,1.0793864,9,725
da02,1706844929090404,7.0817513,0.82137275,1.0839117,10,726
da02,1706844929190388,7.0786824,0.82880616,1.0932658,8,727
da02,1706844929290414,7.0809693,0.83671707,1.0922837,10,728
da02,1706844929390410,7.0713158,0.83696079,1.0849526,9,729
da02,1706844929490357,7.0844502,0.82989991,1.0860498,11,730
da02,1706844929590444,7.089673,0.82565528,1.088282,10,731
da02,1706844929690442,7.0842309,0.83477592,1.0772268,10,732
da02,1706844929790397,7.0882072,0.84165365,1.0745931,11,733
da02,1706844929890432,7.0956249,0.83266449,1.0733628,11,734
da02,1706844929990466,7.096817,0.83443695,1.0774205,10,735
da02,1706844930090386,7.0970087,0.83318532,1.0734872,11,736
da02,1706844930190478,7.086926,0.82536072,1.0709232,9,737
da02,1706844930290495,7.0871696,0.83301884,1.0751504,10,738
da02,1706844930390422,7.0764289,0.82929957,1.0755029,8,739
da02,1706844930490458,7.062891,0.83611161,1.0816333,8,740
da02,1706844930590475,7.0645766,0.83992714,1.080129,9,741
da02,1706844930690415,7.0655065,0.83984971,1.0730616,10,742
da02,1706844930790500,7.06208,0.83486217,1.0685151,9,743
da02,1706844930890415,7.0600667,0.84381437,1.067803,9,744
da02,1706844930990364,7.0534511,0.83555681,1.0612595,9,745
da02,1706844931090427,7.0578833,0.83913463,1.0658966,9,746
da02,1706844931190444,7.0600343,0.84288967,1.0738386,9,747
da02,1706844931290364,7.0700274,0.85000676,1.0690153,11,748
da02,1706844931390400,7.0705004,0.83880019,1.0643373,10,749
da02,1706844931490362,7.0832396,0.82418376,1.0585548,11,750
da02,1706844931590394,7.0853977,0.81457913,1.0701561,9,751
da02,1706844931690456,7.083231,0.80887085,1.0638844,10,752
da02,1706844931790422,7.0662775,0.80815786,1.0591773,8,753
da02,1706844931890384,7.0610728,0.81475687,1.0660157,8,754
da02,1706844931990444,7.060883,0.8261438,1.0659329,9,755
da02,1706844932090323,7.0547419,0.8261165,1.0557936,9,756
da02,1706844932190441,7.04751,0.82523805,1.0549517,8,757
da02,1706844932290556,7.0536175,0.81905681,1.0609951,9,758
da02,1706844932390385,7.0705438,0.810486,1.0601346,11,759
da02,1706844932490442,7.0709391,0.80576104,1.0604143,9,760
da02,1706844932590452,7.0627403,0.80812281,1.0595551,8,761
da02,1706844932690414,7.065309,0.81371367,1.0641993,9,762
da02,1706844932790461,7.0508213,0.81923205,1.06356,8,763
da02,1706844932890433,7.0575352,0.8209433,1.066561,10,764
da02,1706844932990411,7.0659637,0.82563418,1.0690718,10,765
da02,1706844933090385,7.0627933,0.82491553,1.0707145,9,766
da02,1706844933190432,7.065053,0.82107985,1.0697361,9,767
da02,1706844933290338,7.0578456,0.82559562,1.067293,8,768
da02,1706844933390418,7.0532551,0.82598466,1.0668281,8,769
da02,1706844933490434,7.0558314,0.83161223,1.0640986,10,770
da02,1706844933590541,7.0684519,0.83663917,1.0723687,10,771
da02,1706844933690379,7.0679688,0.841045,1.0748856,9,772
da02,1706844933790376,7.0634465,0.84173864,1.0706376,9,773
da02,1706844933891414,7.0611997,0.84227574,1.0671618,9,774
da02,1706844933990496,7.0599227,0.8411805,1.0652367,9,775
da02,1706844934090403,7.0670724,0.8359676,1.0641763,10,776
da02,1706844934190390,7.061265,0.83710778,1.0690846,8,777
da02,1706844934291135,7.0698938,0.83889186,1.0710596,10,778
da02,1706844934390420,7.0705652,0.84349066,1.0750422,9,779
da02,1706844934490349,7.0788803,0.83735448,1.0755486,10,780
da02,1706844934590486,7.0790277,0.83081979,1.0717541,10,781
da02,1706844934690464,7.0738049,0.82438987,1.0634677,9,782
da02,1706844934790378,7.0840478,0.82161248,1.0595001,11,783
da02,1706844934890462,7.0801473,0.82384092,1.0606518,9,784
da02,1706844934990430,7.0809045,0.83318871,1.049166,11,785
da02,1706844935090516,7.060029,0.82512707,1.0604341,8,786
da02,1706844935190462,7.0546513,0.8169812,1.0654001,8,787
da02,1706844935290384,7.0608015,0.81890446,1.0652056,10,788
da02,1706844935390383,7.0653405,0.82489556,1.0589417,10,789
da02,1706844935490464,7.0793543,0.81373835,1.0582577,11,790
da02,1706844935590418,7.0843081,0.81734914,1.0526224,11,791
da02,1706844935690340,7.0725985,0.82680094,1.0684279,8,792
da02,1706844935790381,7.0749259,0.83222628,1.0717603,10,793
da02,1706844935890507,7.0886312,0.83160561,1.0749648,11,794
da02,1706844935990511,7.0890813,0.82279485,1.0707752,10,795
da02,1706844936090418,7.085577,0.8164919,1.0711831,9,796
da02,1706844936190506,7.0844784,0.81257391,1.0650631,10,797
da02,1706844936290451,7.0847144,0.81296283,1.0725826,9,798
da02,1706844936390381,7.0918479,0.80999368,1.0755377,10,799
da02,1706844936490504,7.0863461,0.81582415,1.0816824,9,800
da02,1706844936590450,7.2270932,0.82038349,1.0688211,67,801
da02,1706844936690413,7.1802468,0.81868464,1.0706969,8,802
da02,1706844936790467,7.1512041,0.81826556,1.0682616,9,803
da02,1706844936890456,7.1320782,0.81870639,1.0710585,9,804
da02,1706844936990422,7.1156154,0.83212888,1.0678064,10,805
da02,1706844937090439,7.0984721,0.83133411,1.0617926,9,806
da02,1706844937190457,7.0814404,0.83025503,1.0633008,8,807
da02,1706844937290378,7.0702162,0.82566148,1.0793288,7,808
da02,1706844937390384,7.068614,0.8256802,1.0868374,8,809
da02,1706844937490372,7.0682173,0.82500094,1.0831752,9,810
da02,1706844937590414,7.0661993,0.83609962,1.0757555,10,811
da02,1706844937690534,7.0660558,0.83094954,1.0731035,9,812
da02,1706844937790497,7.080821,0.83410406,1.0622312,12,813
da02,1706844937890417,7.0683208,0.82450038,1.057387,8,814
da02,1706844937990486,7.0732136,0.83010584,1.0718592,9,815
da02,1706844938090988,7.0689492,0.829894,1.0604806,10,816
da02,1706844938190375,7.0623584,0.82845318,1.0638114,8,817
da02,1706844938290486,7.0556064,0.82137489,1.0623977,8,818
da02,1706844938390466,7.0553479,0.82468188,1.0716475,8,819
da02,1706844938490386,7.0476279,0.82117397,1.0647409,8,820
da02,1706844938590402,7.053834,0.83148313,1.0555094,11,821
da02,1706844938690374,7.070159,0.83146828,1.0509251,12,822
da02,1706844938790379,7.0847659,0.82694948,1.0530872,12,823
da02,1706844938890453,7.0651383,0.82386935,1.0599936,7,824
da02,1706844938990510,7.07095,0.82529366,1.0534114,11,825
da02,1706844939090410,7.0623288,0.8253634,1.0577606,8,826
da02,1706844939190471,7.0648208,0.83439863,1.0769008,8,827
da02,1706844939290371,7.0671277,0.84086,1.0808491,9,828
da02,1706844939390571,7.0502825,0.840298,1.0780821,8,829
da02,1706844939490578,7.0529904,0.83295906,1.0747812,9,830
da02,1706844939590504,7.0420384,0.829892,1.0752628,7,831
da02,1706844939690550,7.0517154,0.82935995,1.0702289,10,832
da02,1706844939790524,7.0388446,0.82491577,1.0717651,7,833
da02,1706844939890476,7.0447803,0.82216823,1.0714443,9,834
da02,1706844939990562,7.0465407,0.8204115,1.0783236,8,835
da02,1706844940090450,7.0441504,0.81267256,1.0850122,7,836
da02,1706844940190442,7.0380707,0.81327409,1.0754172,8,837
da02,1706844940290464,7.034616,0.81704146,1.0765785,8,838
da02,1706844940390482,7.0512314,0.81380183,1.069424,11,839
da02,1706844940490409,7.0543137,0.82247508,1.0660455,10,840
da02,1706844940590594,7.0566435,0.82786214,1.0631454,10,841
da02,1706844940692082,7.0584831,0.82627028,1.062953,9,842
da02,1706844940790482,7.0545816,0.82124758,1.064247,8,843
da02,1706844940890575,7.0588045,0.82399803,1.0591027,10,844
da02,1706844940990526,7.0573812,0.82590467,1.0677609,8,845
da02,1706844941090430,7.0513606,0.82764184,1.0744002,8,846
da02,1706844941190577,7.0695248,0.81841785,1.0805101,10,847
da02,1706844941290443,7.0747213,0.81517738,1.0718585,10,848
da02,1706844941390549,7.0604954,0.82333851,1.0708278,8,849
da02,1706844941490496,7.06487,0.8195619,1.0668147,10,850
da02,1706844941590456,7.0820713,0.81246668,1.0555345,12,851
da02,1706844941690369,7.0721459,0.81874067,1.0611897,8,852
da02,1706844941790506,7.0827184,0.82069284,1.0663987,11,853
da02,1706844941890437,7.0707231,0.82241327,1.0551003,9,854
da02,1706844941990436,7.0728831,0.82071352,1.0605508,9,855
da02,1706844942090476,7.0753827,0.81311083,1.0574541,10,856
da02,1706844942190487,7.0789084,0.80029708,1.0501654,10,857
da02,1706844942290445,7.0866919,0.80348259,1.057322,11,858
da02,1706844942390456,7.0998769,0.80336082,1.061499,12,859
da02,1706844942490456,7.0924206,0.80872166,1.0552832,10,860
da02,1706844942590455,7.0891418,0.81042832,1.0644757,9,861
da02,1706844942690693,7.0881925,0.81481451,1.058091,11,862
da02,1706844942790466,7.074101,0.81860733,1.0619311,8,863
da02,1706844942890438,7.0651484,0.81551063,1.0599916,8,864
da02,1706844942990522,7.0510736,0.82131886,1.0618116,8,865
da02,1706844943091065,7.05703,0.81775337,1.0500842,11,866
da02,1706844943190483,7.0614972,0.81507921,1.0412889,11,867
da02,1706844943290476,7.0635858,0.82080168,1.0487663,9,868
da02,1706844943390524,7.0676246,0.81275243,1.0574839,9,869
da02,1706844943490406,7.0688453,0.82500029,1.0652376,9,870
da02,1706844943590424,7.0778279,0.83319265,1.0687505,11,871
da02,1706844943690578,7.0789104,0.83373094,1.0633329,10,872
da02,1706844943790456,7.0801086,0.83372337,1.0640982,10,873
da02,1706844943890435,7.0840263,0.83635348,1.0673198,10,874
da02,1706844943990522,7.0655165,0.84219891,1.0663899,8,875
da02,1706844944090398,7.0731549,0.83823735,1.0675837,10,876
da02,1706844944190448,7.0727696,0.83443588,1.0684516,9,877
da02,1706844944290538,7.0663,0.83518839,1.0781978,8,878
da02,1706844944390521,7.0567236,0.84580451,1.0786535,8,879
da02,1706844944490504,7.0655193,0.8319205,1.0817944,9,880
da02,1706844944590557,7.0619864,0.834435,1.0882789,8,881
da02,1706844944690570,7.0434089,0.8339684,1.0814786,8,882
da02,1706844944790512,7.0568995,0.8327775,1.087893,10,883
da02,1706844944890468,7.0552068,0.83109778,1.0751674,9,884
da02,1706844944990684,7.0504313,0.83527958,1.0797144,8,885
da02,1706844945090574,7.0557203,0.83106089,1.0847751,9,886
da02,1706844945191041,7.0639467,0.82611203,1.0818998,10,887
da02,1706844945291245,7.0543737,0.82853138,1.0832154,7,888
da02,1706844945390584,7.0716972,0.82807094,1.0823978,11,889
da02,1706844945490540,7.075417,0.83207965,1.081591,10,890
da02,1706844945590530,7.0688848,0.82074535,1.0775975,8,891
da02,1706844945690504,7.0643353,0.81412029,1.076337,8,892
da02,1706844945790511,7.2611284,0.61629421,1.4034075,73,893
da02,1706844945890504,7.2207565,0.66134596,1.3165685,11,894
da02,1706844945990477,7.1788516,0.70393878,1.257059,9,895
da02,1706844946090528,7.1446457,0.7418884,1.2062068,9,896
da02,1706844946190486,7.12886,0.7752589,1.1735538,10,897
da02,1706844946290438,7.1333318,0.79046351,1.1458454,12,898
da02,1706844946390523,7.1241097,0.79268843,1.128832,10,899
da02,1706844946490453,7.1163559,0.79508036,1.1253181,9,900
da02,1706844946590402,7.1032453,0.80277836,1.113729,9,901
da02,1706844946690547,7.0962586,0.79696655,1.1058033,9,902
da02,1706844946790573,7.082562,0.79739875,1.0946417,8,903
da02,1706844946890524,7.0803261,0.79671633,1.0839164,10,904
da02,1706844946990472,7.0792904,0.80341482,1.0690978,11,905
da02,1706844947090540,7.0670266,0.810471,1.0653446,8,906
da02,1706844947190557,7.0605583,0.81197768,1.0732943,8,907
da02,1706844947290470,7.0511765,0.81086773,1.0683671,8,908
da02,1706844947390560,7.0596104,0.82181811,1.0669676,10,909
da02,1706844947490510,7.058404,0.82177293,1.0588329,10,910
da02,1706844947590502,7.060185,0.82130283,1.0645548,9,911
da02,1706844947690546,7.0663671,0.82846928,1.0713269,10,912
da02,1706844947790546,7.0649266,0.83196121,1.0684376,9,913
da02,1706844947890521,7.0811725,0.83030659,1.0683382,12,914
da02,1706844947990470,7.0768576,0.82919806,1.070994,9,915
da02,1706844948090476,7.0773144,0.83704305,1.0685384,10,916
da02,1706844948191136,7.0737634,0.84558254,1.0596592,10,917
da02,1706844948290482,7.0606508,0.83975971,1.0657517,7,918
da02,1706844948390505,7.052,0.83201236,1.0765557,7,919
da02,1706844948490454,7.0412278,0.83363277,1.081864,8,920
da02,1706844948590485,7.0640855,0.83872634,1.0717419,12,921
da02,1706844948690521,7.0607357,0.827606,1.0719453,8,922
da02,1706844948790534,7.0568275,0.83495623,1.0736367,9,923
da02,1706844948890480,7.0544262,0.83117515,1.0692371,9,924
da02,1706844948990556,7.0655556,0.83374941,1.065706,11,925
da02,1706844949090476,7.0705757,0.82778251,1.0613744,10,926
da02,1706844949190497,7.0535774,0.83204877,1.0586787,8,927
da02,1706844949290516,7.0573874,0.82489759,1.0654746,9,928
da02,1706844949390527,7.0609741,0.8210336,1.0733798,9,929
da02,1706844949490508,7.0706081,0.81600666,1.073161,10,930
da02,1706844949590552,7.0887222,0.82393491,1.0843055,11,931
da02,1706844949690530,7.0872073,0.81890267,1.0762994,10,932
da02,1706844949790540,7.084044,0.82142365,1.0778068,9,933
da02,1706844949890525,7.1004753,0.82659841,1.0731009,13,934
da02,1706844949990746,7.0944705,0.8212173,1.0746751,9,935
da02,1706844950090480,7.0767713,0.83190244,1.0828195,8,936
da02,1706844950190457,7.0712204,0.83270085,1.0717887,10,937
da02,1706844950290532,7.0615988,0.84065837,1.0685929,9,938
da02,1706844950390527,7.0738,0.82927829,1.0659801,11,939
da02,1706844950490831,7.0769453,0.83644575,1.0590267,11,940
da02,1706844950590673,7.0744376,0.8342998,1.0513374,10,941
da02,1706844950690589,7.0696993,0.84417093,1.0525413,10,942
da02,1706844950790626,7.0766521,0.84160519,1.0551881,11,943
da02,1706844950890609,7.076674,0.8523432,1.0537336,10,944
da02,1706844950990684,7.0636044,0.84196007,1.0475261,9,945
da02,1706844951090605,7.0675449,0.8331061,1.061738,9,946
da02,1706844951190679,7.0642924,0.83461964,1.0677147,9,947
da02,1706844951290591,7.0618172,0.83798814,1.0729369,9,948
da02,1706844951390608,7.0557542,0.84125084,1.0718406,8,949
da02,1706844951490604,7.0620589,0.83334595,1.0738021,9,950
da02,1706844951590654,7.0752439,0.82604289,1.0740831,11,951
da02,1706844951690616,7.0718446,0.83753574,1.0779724,9,952
da02,1706844951790637,7.0806074,0.83327979,1.0764285,11,953
da02,1706844951890587,7.0783415,0.83183771,1.0754443,9,954
da02,1706844951990606,7.0797658,0.82554018,1.078607,9,955
da02,1706844952090584,7.0700779,0.82559747,1.0725683,9,956
da02,1706844952190640,7.0747476,0.82094085,1.0648532,10,957
da02,1706844952290666,7.0644145,0.82166356,1.075302,7,958
da02,1706844952390646,7.0563745,0.81594968,1.0648031,9,959
da02,1706844952490619,7.0624676,0.81890321,1.0623841,10,960
da02,1706844952590657,7.0727491,0.82341385,1.0637152,11,961
da02,1706844952690695,7.0780554,0.83349276,1.0636797,11,962
da02,1706844952790646,7.0730247,0.8297056,1.0660229,9,963
da02,1706844952890642,7.0782442,0.83932573,1.0657865,11,964
da02,1706844952990672,7.0697083,0.83521211,1.0612583,9,965
da02,1706844953090856,7.0586405,0.8387078,1.0688444,8,966
da02,1706844953190647,7.0614972,0.83516514,1.0683488,9,967
da02,1706844953291151,7.0541172,0.83160412,1.072705,8,968
da02,1706844953390694,7.0564437,0.83802247,1.073043,9,969
da02,1706844953490628,7.0556173,0.83647537,1.0706208,9,970
da02,1706844953590678,7.0616198,0.82794029,1.0635928,10,971
da02,1706844953690650,7.0633936,0.8240779,1.0660789,9,972
da02,1706844953790682,7.05261,0.81611556,1.0746497,7,973
da02,1706844953890672,7.0555711,0.80955935,1.0766954,9,974
da02,1706844953990633,7.0587568,0.81473839,1.0849391,8,975
da02,1706844954090632,7.0584979,0.81902933,1.0792542,9,976
da02,1706844954190698,7.0600433,0.80723411,1.0825669,8,977
da02,1706844954290662,7.0517235,0.82069325,1.0870024,8,978
da02,1706844954390700,7.0549936,0.80851549,1.0770642,9,979
da02,1706844954490631,7.0550065,0.80833614,1.0766912,9,980
da02,1706844954590640,7.0523787,0.80629671,1.0752492,8,981
da02,1706844954690630,7.0531983,0.82089651,1.0735213,9,982
da02,1706844954790653,7.0582976,0.8143186,1.0718473,9,983
da02,1706844954890651,7.062706,0.82102066,1.069028,10,984
da02,1706844954990644,7.0658526,0.809518,1.0757166,9,985
da02,1706844955090648,7.0653358,0.81587237,1.0734596,9,986
da02,1706844955190699,7.0638018,0.82062119,1.0720534,9,987
da02,1706844955290639,7.0606542,0.829328,1.0782813,8,988
da02,1706844955390703,7.0623021,0.82437217,1.0756937,9,989
da02,1706844955490702,7.0721478,0.83347362,1.0744927,11,990
da02,1706844955590700,7.0728264,0.82673287,1.0784539,9,991
da02,1706844955690704,7.0723429,0.83697462,1.080296,9,992
da02,1706844955790665,7.0764093,0.83172059,1.0713462,10,993
da02,1706844955890596,7.0744209,0.83025545,1.0767592,9,994
da02,1706844955991299,7.0752411,0.8292374,1.0726764,10,995
da02,1706844956092201,7.0907807,0.83317661,1.0676389,12,996
da02,1706844956190630,7.088449,0.82056063,1.0648065,10,997
da02,1706844956291122,7.0880814,0.82091182,1.0590326,11,998
da02,1706844956390578,7.0801396,0.82176715,1.0618472,9,999
da02,1706844956490575,7.0694857,0.82912576,1.0597235,9,1000
da02,1706844956590604,7.0736504,0.83955759,1.0668368,10,1001
da02,1706844956690558,7.0689716,0.83272225,1.0731673,8,1002
da02,1706844956790604,7.0632572,0.82308608,1.0733078,8,1003
da02,1706844956890571,7.0709167,0.83318341,1.0784688,10,1004
da02,1706844956990640,7.0738349,0.82696277,1.0722693,10,1005
da02,1706844957090586,7.0582108,0.83915389,1.0803182,8,1006
da02,1706844957190666,7.0511909,0.83942294,1.0859072,8,1007
da02,1706844957290576,7.04923,0.846339,1.0952866,8,1008
da02,1706844957390586,7.0464768,0.8374331,1.0853575,8,1009
da02,1706844957490591,7.0546985,0.83197844,1.0832437,9,1010
da02,1706844957590560,7.0646734,0.82982767,1.0788157,10,1011
da02,1706844957690562,7.0701537,0.83225763,1.0823313,10,1012
da02,1706844957790640,7.0628366,0.83166122,1.0909375,7,1013
da02,1706844957890578,7.048594,0.83195376,1.0822086,7,1014
da02,1706844957990620,7.0561776,0.83458251,1.0830545,9,1015
da02,1706844958090586,7.06465,0.8306427,1.0785893,10,1016
da02,1706844958190608,7.0621939,0.82829624,1.0789007,9,1017
da02,1706844958290588,7.061482,0.82769966,1.0754126,9,1018
da02,1706844958391156,7.0782743,0.82186085,1.0745167,11,1019
da02,1706844958490618,7.0772772,0.82821417,1.0665647,10,1020
da02,1706844958590574,7.0719447,0.83287072,1.0655196,9,1021
da02,1706844958690634,7.0727139,0.825193,1.0638127,10,1022
da02,1706844958790591,7.0740275,0.82092941,1.065329,10,1023
da02,1706844958890582,7.0683942,0.82411629,1.0562241,10,1024
da02,1706844958990600,7.078033,0.82323891,1.0563445,11,1025
da02,1706844959090563,7.0631514,0.81926781,1.059751,7,1026
da02,1706844959190617,7.0615497,0.81038827,1.0743915,8,1027
da02,1706844959290582,7.0622354,0.80867416,1.0699811,9,1028
da02,1706844959390602,7.0657682,0.81006473,1.0654812,10,1029
da02,1706844959490590,7.0581479,0.8086834,1.0677857,8,1030
da02,1706844959590622,7.0630484,0.81191182,1.0693716,10,1031
da02,1706844959690580,7.0628805,0.81580633,1.0669324,9,1032
da02,1706844959790627,7.0677695,0.81501085,1.0715258,9,1033
da02,1706844959890590,7.0664377,0.81698191,1.071977,9,1034
da02,1706844959990639,7.056284,0.817304,1.0629503,8,1035
da02,1706844960090598,7.0552516,0.81228882,1.0667466,8,1036
da02,1706844960190686,7.0501876,0.8148393,1.0701548,8,1037
da02,1706844960290693,7.052485,0.81530875,1.0795226,8,1038
da02,1706844960390695,7.0606465,0.82062477,1.0814437,10,1039
da02,1706844960490608,7.0531812,0.81544518,1.0835047,7,1040
da02,1706844960590628,7.0543523,0.81731862,1.077461,9,1041
da02,1706844960690591,7.044919,0.81864631,1.0680199,8,1042
da02,1706844960790613,7.0512619,0.81678236,1.0628909,10,1043
da02,1706844960890581,7.0459456,0.82490206,1.0697634,8,1044
da02,1706844960990646,7.0575953,0.83272159,1.0702105,10,1045
da02,1706844961090652,7.0718355,0.82780629,1.0758704,10,1046
da02,1706844961190672,7.0656085,0.83023614,1.0799501,8,1047
da02,1706844961290648,7.0730605,0.83703983,1.0879301,10,1048
da02,1706844961390691,7.0697231,0.85180223,1.0816195,10,1049
da02,1706844961490675,7.0801697,0.84399712,1.0788999,11,1050
da02,1706844961590789,7.0838532,0.83207697,1.0809994,10,1051
da02,1706844961690638,7.0912061,0.82546449,1.0784283,11,1052
da02,1706844961790660,7.0837188,0.81961358,1.070567,9,1053
da02,1706844961890633,7.0715632,0.81814891,1.0647271,9,1054
da02,1706844961990665,7.0590324,0.81696808,1.0650386,8,1055
da02,1706844962090640,7.0610571,0.81632239,1.0547938,10,1056
da02,1706844962190657,7.0679874,0.81167549,1.0621415,10,1057
da02,1706844962290642,7.0685768,0.80811477,1.0725623,8,1058
da02,1706844962390667,7.0567274,0.81284171,1.0681878,8,1059
da02,1706844962490641,7.05703,0.81424439,1.0656182,9,1060
da02,1706844962590667,7.0675187,0.81990236,1.066408,11,1061
da02,1706844962690642,7.0723562,0.82148039,1.0681425,10,1062
da02,1706844962790678,7.0786881,0.82006621,1.073016,10,1063
da02,1706844962890651,7.0651879,0.81540388,1.0726449,8,1064
da02,1706844962990664,7.0676665,0.81099409,1.0650437,10,1065
da02,1706844963090652,7.0687447,0.80839193,1.064785,9,1066
da02,1706844963190708,7.1650748,0.81327307,1.0450454,66,1067
da02,1706844963290641,7.1322589,0.81034231,1.0510625,8,1068
da02,1706844963391206,7.1298366,0.80807549,1.0551084,11,1069
da02,1706844963490909,7.1117167,0.81962132,1.0587132,9,1070
da02,1706844963590700,7.0936584,0.82150394,1.0603932,8,1071
da02,1706844963690669,7.0938106,0.82763451,1.0559281,11,1072
da02,1706844963790726,7.0948153,0.82243943,1.0631462,10,1073
da02,1706844963890678,7.0802827,0.819858,1.0639935,8,1074
da02,1706844963990746,7.0841208,0.82818645,1.067982,10,1075
da02,1706844964090736,7.0737915,0.82380778,1.0683701,8,1076
da02,1706844964190745,7.0559816,0.82799733,1.0597641,8,1077
da02,1706844964290665,7.0505643,0.83568,1.0564442,9,1078
da02,1706844964390708,7.044395,0.8312884,1.0550851,8,1079
da02,1706844964490690,7.0572228,0.8333711,1.0677814,10,1080
da02,1706844964590714,7.0524211,0.8310442,1.0695846,8,1081
da02,1706844964690715,7.0518565,0.82854819,1.0800464,8,1082
da02,1706844964790696,7.047966,0.83007747,1.0746629,8,1083
da02,1706844964890685,7.0542464,0.82906026,1.0751691,9,1084
da02,1706844964990708,7.0528374,0.828566,1.079741,8,1085
da02,1706844965090846,7.066628,0.83288747,1.0809857,11,1086
da02,1706844965190740,7.0818872,0.84372371,1.0731964,12,1087
da02,1706844965290686,7.083375,0.8467679,1.0806596,10,1088
da02,1706844965390735,7.0811248,0.84573638,1.0745898,10,1089
da02,1706844965490723,7.0841465,0.83834434,1.0630342,11,1090
da02,1706844965590773,7.0776124,0.83224905,1.0613999,9,1091
da02,1706844965690749,7.0784526,0.82659465,1.0659716,9,1092
da02,1706844965790784,7.0751014,0.83280718,1.0648708,10,1093
da02,1706844965890884,7.078824,0.8270269,1.0755956,9,1094
da02,1706844965990823,7.0860887,0.83522695,1.063864,12,1095
da02,1706844966090720,7.0870891,0.82998407,1.067621,10,1096
da02,1706844966190744,7.0771065,0.82853752,1.0688717,8,1097
da02,1706844966297774,7.0837283,0.8306396,1.0685809,11,1098
da02,1706844966390748,7.0848641,0.830259,1.0749737,10,1099
da02,1706844966490706,7.0771508,0.81716281,1.0678976,9,1100
da02,1706844966590772,7.0715051,0.82164615,1.0605972,10,1101
da02,1706844966690710,7.0624323,0.81849259,1.0644743,8,1102
da02,1706844966790740,7.0731425,0.82167274,1.0584258,11,1103
da02,1706844966890716,7.0777164,0.8240056,1.0546871,11,1104
da02,1706844966990734,7.0743022,0.82223153,1.0600394,9,1105
da02,1706844967090702,7.071723,0.82202172,1.0644107,9,1106
da02,1706844967190724,7.0800238,0.8275885,1.0708063,10,1107
da02,1706844967290648,7.0833354,0.82354707,1.0673766,10,1108
da02,1706844967390700,7.0711126,0.83117986,1.0655814,9,1109
da02,1706844967490674,7.0723152,0.83370382,1.060546,10,1110
da02,1706844967590740,7.0813451,0.83003175,1.0644104,11,1111
da02,1706844967690701,7.083004,0.83427,1.0733197,10,1112
da02,1706844967790698,7.0837088,0.84904915,1.0713507,11,1113
da02,1706844967890680,7.0810533,0.84328908,1.0726849,9,1114
da02,1706844967990700,7.081274,0.84462261,1.0711597,10,1115
da02,1706844968090667,7.067266,0.84699839,1.0652189,8,1116
da02,1706844968190720,7.062294,0.8379336,1.0660033,8,1117
da02,1706844968290698,7.064321,0.82895261,1.0682337,9,1118
da02,1706844968391289,7.0698657,0.82822412,1.0847054,9,1119
da02,1706844968490738,7.0604658,0.8219105,1.0835522,8,1120
da02,1706844968590780,7.0589466,0.82852256,1.0772145,9,1121
da02,1706844968690742,7.0626936,0.83871043,1.0780357,10,1122
da02,1706844968790748,7.0567603,0.84261459,1.0694827,9,1123
da02,1706844968890744,7.060884,0.83624721,1.0667865,10,1124
da02,1706844968990770,7.0608869,0.83328563,1.0673746,9,1125
da02,1706844969090710,7.0672026,0.81839007,1.0674253,10,1126
da02,1706844969190757,7.0693545,0.82399988,1.0771017,9,1127
da02,1706844969290708,7.0678859,0.83117288,1.0797701,9,1128
da02,1706844969390776,7.0619292,0.83015591,1.0796858,8,1129
da02,1706844969490710,7.0586967,0.82264894,1.0847845,8,1130
da02,1706844969590738,7.0588384,0.82461751,1.0763988,9,1131
da02,1706844969690730,7.0558825,0.82675207,1.0761776,8,1132
da02,1706844969790747,7.0433211,0.83270746,1.0764133,8,1133
da02,1706844969890704,7.05146,0.83475655,1.0800388,9,1134
da02,1706844969990728,7.04687,0.83553982,1.0687804,9,1135
da02,1706844970090711,7.0652714,0.83748919,1.0630071,12,1136
da02,1706844970190756,7.0767403,0.83885509,1.0667503,11,1137
da02,1706844970290701,7.0771079,0.82782578,1.0627201,10,1138
da02,1706844970390772,7.0704055,0.82276952,1.0776266,7,1139
da02,1706844970490701,7.0528135,0.8222481,1.0742204,7,1140
da02,1706844970590752,7.0543532,0.82879275,1.0699281,9,1141
da02,1706844970690753,7.0403261,0.83159131,1.072662,8,1142
da02,1706844970790730,7.0397305,0.83082938,1.0736054,8,1143
da02,1706844970890722,7.0446162,0.83071953,1.0718008,9,1144
da02,1706844970990768,7.0445447,0.82531184,1.0760757,8,1145
da02,1706844971090888,7.0500741,0.83038706,1.0693393,10,1146
da02,1706844971190590,7.0438023,0.84180808,1.0733587,8,1147
da02,1706844971290552,7.0322862,0.84916228,1.077866,8,1148
da02,1706844971390625,7.0433831,0.83476889,1.0772064,9,1149
da02,1706844971492157,7.0423141,0.83742195,1.0681282,9,1150
da02,1706844971590696,7.041193,0.83627748,1.0781869,7,1151
da02,1706844971690567,7.054822,0.83938539,1.0782555,10,1152
da02,1706844971790810,7.0601883,0.83425391,1.0682671,10,1153
da02,1706844971890636,7.0674253,0.8206352,1.0671049,10,1154
da02,1706844971990582,7.0668111,0.82712191,1.0805734,8,1155
da02,1706844972090575,7.0588913,0.82374787,1.0760176,8,1156
da02,1706844972190673,7.0622263,0.81343967,1.0754174,9,1157
da02,1706844972290861,7.0688181,0.81404036,1.0714579,10,1158
da02,1706844972390568,7.0717049,0.82303154,1.0729837,10,1159
da02,1706844972490566,7.0629077,0.82250142,1.0796851,7,1160
da02,1706844972590705,7.0676036,0.83234626,1.0813262,10,1161
da02,1706844972690576,7.0723386,0.83646923,1.073581,11,1162
da02,1706844972790607,7.0747895,0.833854,1.0813842,9,1163
da02,1706844972890793,7.0815496,0.83835459,1.0780157,11,1164
da02,1706844972990598,7.0637832,0.83479005,1.0676991,8,1165
da02,1706844973090576,7.0637255,0.83814985,1.0723453,9,1166
da02,1706844973190536,7.0787668,0.83306456,1.0697594,11,1167
da02,1706844973290586,7.0784945,0.83131772,1.0712105,10,1168
da02,1706844973390577,7.0627284,0.82605624,1.0726073,7,1169
da02,1706844973490600,7.0625219,0.8330639,1.0791602,9,1170
da02,1706844973590611,7.0686164,0.8313781,1.0739261,10,1171
da02,1706844973690658,7.0636511,0.828065,1.0780866,8,1172
da02,1706844973790600,7.0585461,0.84017628,1.0749016,9,1173
da02,1706844973890781,7.062943,0.83702719,1.0740181,10,1174
da02,1706844973990597,7.0758524,0.83330822,1.0718853,11,1175
da02,1706844974090593,7.0750947,0.83481669,1.0779759,9,1176
da02,1706844974190583,7.0638895,0.833987,1.0757991,8,1177
da02,1706844974290545,7.0703254,0.83690965,1.075318,10,1178
da02,1706844974390544,7.0645132,0.83488262,1.0712118,9,1179
da02,1706844974490558,7.0510521,0.83205462,1.0778034,8,1180
da02,1706844974590565,7.0499573,0.83674926,1.0863324,8,1181
da02,1706844974690569,7.0545816,0.834027,1.0879991,9,1182
da02,1706844974790584,7.0596533,0.82836932,1.0738294,10,1183
da02,1706844974890568,7.0651159,0.8401196,1.0742707,10,1184
da02,1706844974990588,7.0631895,0.84257668,1.0689204,9,1185
da02,1706844975090604,7.062768,0.85215908,1.0748709,9,1186
da02,1706844975190648,7.0549612,0.8510589,1.0797949,8,1187
da02,1706844975290602,7.0482569,0.832266,1.078109,7,1188
da02,1706844975390586,7.0544825,0.82958162,1.0773946,9,1189
da02,1706844975491040,7.056428,0.83012617,1.0808975,9,1190
da02,1706844975590588,7.0689678,0.83334285,1.0766492,11,1191
da02,1706844975691058,7.0748849,0.83797151,1.0712171,11,1192
da02,1706844975790602,7.0728145,0.84096104,1.0698516,10,1193
da02,1706844975890582,7.0772839,0.73125839,1.0450261,70,1194
da02,1706844975990682,7.0755382,0.75019079,1.0377705,10,1195
da02,1706844976090570,7.0733767,0.77065265,1.0433069,10,1196
da02,1706844976190580,7.0845385,0.77716696,1.0492041,11,1197
da02,1706844976290560,7.0820704,0.78905696,1.0495574,10,1198
da02,1706844976390594,7.0899172,0.79215014,1.0432261,12,1199
da02,1706844976490592,7.0845857,0.79950333,1.04773,9,1200
da02,1706844976590620,7.075211,0.806797,1.0543135,8,1201
da02,1706844976690698,7.0743961,0.80409122,1.0639526,9,1202
da02,1706844976790600,7.0590672,0.79509658,1.0692173,7,1203
da02,1706844976890628,7.0570107,0.79265189,1.06559,9,1204
da02,1706844976990619,7.05576,0.79604661,1.0694258,8,1205
da02,1706844977090704,7.0651045,0.79872245,1.0773269,9,1206
da02,1706844977190621,7.0694175,0.8045541,1.0649287,11,1207
da02,1706844977290582,7.0742478,0.80513084,1.06289,10,1208
da02,1706844977390691,7.0754991,0.81001669,1.0633231,10,1209
da02,1706844977490576,7.0747137,0.82529455,1.0589755,10,1210
da02,1706844977590620,7.0613952,0.82232732,1.0607247,8,1211
da02,1706844977690589,7.0627875,0.82363504,1.0601634,10,1212
da02,1706844977790601,7.06076,0.82534009,1.0582198,9,1213
da02,1706844977890596,7.0451312,0.82900178,1.0638808,8,1214
da02,1706844977990628,7.0474091,0.83607441,1.0632007,9,1215
da02,1706844978090610,7.0514488,0.83914316,1.0651712,9,1216
da02,1706844978190730,7.0492148,0.83651006,1.0676898,8,1217
da02,1706844978291147,7.0533304,0.83019733,1.059154,10,1218
da02,1706844978390644,7.0582581,0.82799745,1.070767,9,1219
da02,1706844978490668,7.0623503,0.82712537,1.0732965,9,1220
da02,1706844978590603,7.0729136,0.83816057,1.0721323,11,1221
da02,1706844978690599,7.0859346,0.83941126,1.072814,11,1222
da02,1706844978790635,7.0924044,0.83138829,1.0637134,11,1223
da02,1706844978890800,7.083715,0.83263618,1.0636969,9,1224
da02,1706844978990625,7.0906978,0.82624274,1.0681704,10,1225
da02,1706844979090586,7.08854,0.82967895,1.0594839,11,1226
da02,1706844979190610,7.0795932,0.83584625,1.0584868,9,1227
da02,1706844979290595,7.0725465,0.83749932,1.055594,9,1228
da02,1706844979390612,7.0642986,0.83379167,1.0576955,8,1229
da02,1706844979490576,7.0721812,0.83647007,1.0549527,11,1230
da02,1706844979590643,7.0708375,0.83651781,1.0527714,10,1231
da02,1706844979690683,7.068511,0.81996679,1.0678337,8,1232
da02,1706844979790649,7.0681496,0.81957406,1.0723547,9,1233
da02,1706844979890622,7.0591922,0.81428385,1.0777363,7,1234
da02,1706844979990646,7.0622287,0.82097745,1.0737246,10,1235
da02,1706844980090589,7.0615988,0.816599,1.069766,9,1236
da02,1706844980190632,7.0674987,0.82168329,1.0627741,11,1237
da02,1706844980290600,7.0650458,0.82418549,1.070222,8,1238
da02,1706844980390626,7.0507894,0.81805068,1.072832,7,1239
da02,1706844980490618,7.0673971,0.82617807,1.0718617,11,1240
da02,1706844980590628,7.0692592,0.82239842,1.0730476,9,1241
da02,1706844980690626,7.0511813,0.82378584,1.0766777,8,1242
da02,1706844980790658,7.0446129,0.81479996,1.0781451,7,1243
da02,1706844980890659,7.042521,0.81980634,1.0694468,9,1244
da02,1706844980990673,7.0421858,0.81899768,1.0725696,8,1245
da02,1706844981090594,7.0411091,0.81929755,1.0576911,9,1246
da02,1706844981190716,7.0537348,0.81880331,1.0606169,10,1247
da02,1706844981290604,7.0618391,0.80639338,1.0657895,9,1248
da02,1706844981390646,7.0639873,0.80531782,1.0642954,9,1249
da02,1706844981490607,7.0587878,0.82418495,1.0687556,9,1250
da02,1706844981590642,7.0698266,0.83740872,1.0718549,11,1251
da02,1706844981690584,7.0790396,0.83654243,1.07292,11,1252
da02,1706844981790787,7.0864215,0.82878321,1.076406,10,1253
da02,1706844981890584,7.0712981,0.82608277,1.0738478,8,1254
da02,1706844981990640,7.0609617,0.83183187,1.0856285,8,1255
da02,1706844982090609,7.0744028,0.82716942,1.0798851,11,1256
da02,1706844982190648,7.0845203,0.82142723,1.0748786,11,1257
da02,1706844982290650,7.0940318,0.81753135,1.0695558,11,1258
da02,1706844982390689,7.07851,0.81843561,1.0660175,8,1259
da02,1706844982490656,7.0714245,0.82030278,1.0625416,9,1260
da02,1706844982590672,7.0833125,0.82300043,1.067513,11,1261
da02,1706844982690698,7.0803785,0.82298636,1.0721884,9,1262
da02,1706844982790651,7.0672636,0.814612,1.0696386,8,1263
da02,1706844982890735,7.0714827,0.812657,1.0666959,10,1264
da02,1706844982990656,7.0627103,0.81700593,1.0680846,8,1265
da02,1706844983090727,7.0611658,0.81547308,1.0675706,9,1266
da02,1706844983190699,7.0581417,0.81166625,1.0681149,8,1267
da02,1706844983290632,7.0646162,0.81041157,1.0731097,9,1268
da02,1706844983390663,7.0563655,0.81863195,1.078102,8,1269
da02,1706844983490724,7.0495696,0.81440336,1.0685884,8,1270
da02,1706844983590744,7.0543633,0.81278574,1.0732591,9,1271
da02,1706844983690664,7.0620923,0.81536108,1.0794486,9,1272
da02,1706844983790685,7.05035,0.81751931,1.072257,8,1273
da02,1706844983890694,7.0659294,0.82236838,1.0781608,10,1274
da02,1706844983990652,7.0629358,0.83555734,1.0754172,9,1275
da02,1706844984090652,7.0669012,0.83837992,1.0821341,9,1276
da02,1706844984190760,7.082149,0.83992714,1.0865771,11,1277
da02,1706844984290812,7.0731034,0.83073807,1.0840605,8,1278
da02,1706844984390672,7.0696979,0.82731968,1.07479,9,1279
da02,1706844984490582,7.0670371,0.83144307,1.0737816,9,1280
da02,1706844984590662,7.0585446,0.83520824,1.0724034,8,1281
da02,1706844984690620,7.0625205,0.83594811,1.0680342,10,1282
da02,1706844984790669,7.0715647,0.840647,1.0696924,11,1283
da02,1706844984890596,7.0769253,0.83668125,1.0713824,10,1284
da02,1706844984990662,7.0778031,0.83889592,1.0725572,10,1285
da02,1706844985090604,7.0720768,0.83336532,1.0740192,9,1286
da02,1706844985190668,7.07502,0.83120978,1.0713935,10,1287
da02,1706844985290642,7.066206,0.82566273,1.0760686,8,1288
da02,1706844985390682,7.0510192,0.83520097,1.0812856,8,1289
da02,1706844985490612,7.056921,0.832528,1.0811853,9,1290
da02,1706844985590664,7.0424829,0.84297705,1.0813315,8,1291
da02,1706844985690690,7.0500307,0.84547061,1.0785726,10,1292
da02,1706844985790658,7.041091,0.8545388,1.0840756,8,1293
da02,1706844985890649,7.0531492,0.83360833,1.0745349,10,1294
da02,1706844985990696,7.052422,0.83056068,1.068574,9,1295
da02,1706844986090793,7.0625076,0.83266675,1.052767,12,1296
da02,1706844986190678,7.062429,0.8335579,1.0627929,9,1297
da02,1706844986290651,7.0616555,0.83167845,1.0595477,9,1298
da02,1706844986390728,7.051713,0.84246904,1.0597281,8,1299
da02,1706844986490680,7.0574312,0.83912319,1.0615894,10,1300
da02,1706844986590743,7.0589652,0.84142977,1.0639627,9,1301
da02,1706844986690646,7.0721011,0.83621782,1.0656573,11,1302
da02,1706844986790700,7.081604,0.83044136,1.0651683,11,1303
da02,1706844986892210,7.0867214,0.8325156,1.0572073,11,1304
da02,1706844986990714,7.070879,0.8217085,1.0662909,7,1305
da02,1706844987090658,7.0652084,0.82981223,1.0676819,9,1306
da02,1706844987190719,7.05238,0.82528073,1.0727184,7,1307
da02,1706844987290651,7.0602741,0.82288128,1.0734866,10,1308
da02,1706844987390671,7.054286,0.82579356,1.0735404,8,1309
da02,1706844987490650,7.0609541,0.81949008,1.0819472,9,1310
da02,1706844987590698,7.0709023,0.82010311,1.0786248,10,1311
da02,1706844987690666,7.0651169,0.83427095,1.0712084,9,1312
da02,1706844987790704,7.0727825,0.83676422,1.0726523,10,1313
da02,1706844987891672,7.0652847,0.83026886,1.0680869,9,1314
da02,1706844987990894,7.0501037,0.82897866,1.0709155,8,1315
da02,1706844988090696,7.0643511,0.82464182,1.0666586,11,1316
da02,1706844988190748,7.065093,0.81973439,1.0666265,9,1317
da02,1706844988290671,7.05793,0.8212263,1.0638789,8,1318
da02,1706844988391175,7.0442581,0.81811827,1.0614924,7,1319
da02,1706844988490755,7.0449257,0.82297015,1.0691667,8,1320
da02,1706844988590732,7.0451331,0.82141191,1.0682704,9,1321
da02,1706844988690727,7.0473089,0.81274575,1.0710959,8,1322
da02,1706844988790717,7.0348239,0.8097741,1.0845205,8,1323
da02,1706844988890661,7.0424814,0.81342375,1.0841796,9,1324
da02,1706844988990756,7.0442138,0.82670128,1.0718716,10,1325
da02,1706844989090683,7.0578604,0.83262891,1.0684136,11,1326
da02,1706844989190767,7.05153,0.8207013,1.0737396,7,1327
da02,1706844989291250,7.0604572,0.81419963,1.0787317,9,1328
da02,1706844989390783,7.06852,0.82249707,1.0724117,11,1329
da02,1706844989490730,7.07698,0.82086265,1.0721686,10,1330
da02,1706844989590722,7.07565,0.81912816,1.0787568,9,1331
da02,1706844989690712,7.0675416,0.83029056,1.062896,10,1332
da02,1706844989790752,7.0530319,0.8223027,1.0607933,7,1333
da02,1706844989890719,7.0642314,0.81844056,1.0667951,10,1334
da02,1706844989990771,7.0644541,0.82454169,1.0571911,10,1335
da02,1706844990090717,7.0578246,0.82551771,1.0658059,8,1336
da02,1706844990190821,7.0631452,0.82754624,1.0662298,10,1337
da02,1706844990290683,7.0617709,0.82975459,1.0655841,9,1338
da02,1706844990390758,7.06386,0.82503873,1.0762073,8,1339
da02,1706844990490696,7.0522585,0.83631265,1.0759639,8,1340
da02,1706844990590766,7.054327,0.8389616,1.0722817,9,1341
da02,1706844990690760,7.0646749,0.84025878,1.0772502,10,1342
da02,1706844990790800,7.0602751,0.83739448,1.0726612,9,1343
da02,1706844990890728,7.0708485,0.71001256,1.0493331,70,1344
da02,1706844990990718,7.0625095,0.74638546,1.0545095,8,1345
da02,1706844991090795,7.052927,0.76796919,1.0650728,8,1346
da02,1706844991190922,7.0638676,0.77360451,1.0600334,11,1347
da02,1706844991290878,7.0632095,0.78067178,1.0643274,9,1348
da02,1706844991390900,7.0550909,0.80869645,1.0642461,9,1349
da02,1706844991490880,7.0684056,0.81353831,1.0641247,11,1350
da02,1706844991591042,7.0763264,0.82342041,1.0754089,10,1351
da02,1706844991690924,7.0687003,0.82060337,1.0763888,8,1352
da02,1706844991790912,7.0667243,0.822741,1.0673683,10,1353
da02,1706844991890861,7.0660295,0.82238442,1.0737016,9,1354
da02,1706844991991066,7.0621171,0.8186931,1.0820549,8,1355
da02,1706844992090878,7.0747948,0.82214904,1.0813572,11,1356
da02,1706844992190912,7.069375,0.82460588,1.0730696,9,1357
da02,1706844992290868,7.0596085,0.82524347,1.0679647,8,1358
da02,1706844992390901,7.0633674,0.82392263,1.0746275,9,1359
da02,1706844992490855,7.0661278,0.82742506,1.0772821,9,1360
da02,1706844992590916,7.0663557,0.82633758,1.0722243,10,1361
da02,1706844992690836,7.0596032,0.82875061,1.0750514,8,1362
da02,1706844992790879,7.0647621,0.83632869,1.0726289,10,1363
da02,1706844992890856,7.0634589,0.83033526,1.073428,9,1364
da02,1706844992991010,7.0669837,0.83153659,1.0708981,10,1365
da02,1706844993090849,7.0733953,0.83316976,1.080969,9,1366
da02,1706844993190918,7.0696316,0.8227064,1.0806731,8,1367
da02,1706844993290856,7.0651116,0.825405,1.0715111,9,1368
da02,1706844993390922,7.0709138,0.82752794,1.0661782,10,1369
da02,1706844993490920,7.0860834,0.82436681,1.0669857,12,1370
da02,1706844993591457,7.06711,0.830935,1.0692065,8,1371
da02,1706844993690878,7.067759,0.83492845,1.0704385,9,1372
da02,1706844993790909,7.0634284,0.82811189,1.0758069,8,1373
da02,1706844993890909,7.064374,0.82344055,1.0776231,9,1374
da02,1706844993990944,7.0562692,0.82279158,1.0834681,7,1375
da02,1706844994090892,7.0582066,0.82130229,1.0854173,9,1376
da02,1706844994190928,7.0734878,0.81476879,1.0893817,10,1377
da02,1706844994290863,7.0606742,0.8252821,1.0844069,8,1378
da02,1706844994390893,7.0614157,0.82993191,1.0807074,9,1379
da02,1706844994490856,7.0647993,0.82411259,1.0755514,10,1380
da02,1706844994590895,7.0718293,0.82313204,1.0829951,9,1381
da02,1706844994691065,7.0622706,0.82110572,1.0805798,8,1382
da02,1706844994790902,7.0573287,0.82295752,1.0830479,8,1383
da02,1706844994890847,7.0654583,0.821879,1.089947,9,1384
da02,1706844994990892,7.0604234,0.82731187,1.0860236,9,1385
da02,1706844995090845,7.05243,0.83317572,1.0860671,8,1386
da02,1706844995190895,7.0644069,0.83256173,1.0938078,9,1387
da02,1706844995290864,7.063468,0.83395052,1.0811497,10,1388
da02,1706844995390905,7.0643034,0.83456165,1.0799938,9,1389
da02,1706844995490854,7.0595703,0.83574063,1.074396,9,1390
da02,1706844995590923,7.0465851,0.83235621,1.0739292,7,1391
da02,1706844995690878,7.0511284,0.84158927,1.0723348,10,1392
da02,1706844995790937,7.0627074,0.83737528,1.0806705,10,1393
da02,1706844995890902,7.0664735,0.83229119,1.0824654,9,1394
da02,1706844995990930,7.061162,0.83627427,1.0769813,9,1395
da02,1706844996090903,7.0688109,0.829292,1.0743793,10,1396
da02,1706844996190948,7.0769954,0.81508487,1.0691601,10,1397
da02,1706844996290854,7.0653157,0.81913614,1.0768013,7,1398
da02,1706844996390916,7.0576191,0.82568055,1.0681194,9,1399
da02,1706844996490874,7.0583487,0.82978874,1.0774351,8,1400
da02,1706844996590897,7.0753589,0.83161086,1.0850501,11,1401
da02,1706844996690881,7.0650215,0.84391469,1.0811014,9,1402
da02,1706844996790914,7.0815921,0.84113544,1.0796093,12,1403
da02,1706844996890854,7.0913763,0.83717656,1.0734586,11,1404
da02,1706844996990906,7.083035,0.83137321,1.0692182,9,1405
da02,1706844997090862,7.085876,0.83158964,1.0728005,10,1406
da02,1706844997190903,7.0749631,0.83531785,1.0748755,8,1407
da02,1706844997290858,7.0700016,0.82731479,1.0746989,9,1408
da02,1706844997390855,7.0873227,0.82347876,1.0752331,12,1409
da02,1706844997490824,7.0855722,0.83008409,1.0796146,9,1410
da02,1706844997590893,7.0809026,0.83057261,1.0746901,10,1411
da02,1706844997690904,7.080862,0.82643676,1.083878,9,1412
da02,1706844997790888,7.0725427,0.81916654,1.075173,9,1413
da02,1706844997890855,7.0730538,0.82164633,1.073173,10,1414
da02,1706844997990941,7.0677967,0.81781328,1.0713258,9,1415
da02,1706844998090914,7.0709977,0.82254034,1.067996,10,1416
da02,1706844998190956,7.0722132,0.82830483,1.0665052,10,1417
da02,1706844998290913,7.0689936,0.82773864,1.0623319,9,1418
da02,1706844998390907,7.0791817,0.83086419,1.0572754,11,1419
da02,1706844998490886,7.076849,0.83264035,1.0607562,9,1420
da02,1706844998591440,7.0793977,0.82881814,1.0594126,10,1421
da02,1706844998690878,7.0743537,0.82916325,1.06875,8,1422
da02,1706844998790918,7.0675187,0.83016139,1.070441,8,1423
da02,1706844998890897,7.0813932,0.83933342,1.0761509,11,1424
da02,1706844998990950,7.0651088,0.84183592,1.0730036,8,1425
da02,1706844999090890,7.0511088,0.83767039,1.0742892,8,1426
da02,1706844999190953,7.0516653,0.83288223,1.0667018,9,1427
da02,1706844999290892,7.0500097,0.83792686,1.0579447,10,1428
da02,1706844999390954,7.050827,0.83297867,1.0696083,8,1429
da02,1706844999490936,7.0502353,0.83383119,1.0649074,9,1430
da02,1706844999590936,7.0517106,0.83376557,1.0593996,10,1431
da02,1706844999690880,7.0498161,0.83098036,1.0640478,8,1432
da02,1706844999790958,7.0456147,0.83591563,1.0730987,8,1433
da02,1706844999890943,7.0429058,0.83591741,1.0760074,8,1434
da02,1706844999990976,7.0392852,0.83957976,1.0862,8,1435
da02,1706845000090947,7.0500383,0.83624774,1.0794802,10,1436
da02,1706845000191023,7.06578,0.83424842,1.0715182,11,1437
da02,1706845000291499,7.0690746,0.83640349,1.0636761,10,1438
da02,1706845000390970,7.0772457,0.84138232,1.0651059,11,1439
da02,1706845000490934,7.0746822,0.83675581,1.0706681,9,0
da02,1706845000590975,7.0704055,0.8377803,1.0692769,9,1
da02,1706845000690988,7.0718455,0.83408833,1.0732287,9,2
da02,1706845000790962,7.0717878,0.8313241,1.0726855,9,3
da02,1706845000890946,7.0835838,0.83367735,1.0570061,12,4
da02,1706845000990976,7.0829859,0.82429677,1.0616275,9,5
da02,1706845001090919,7.0736055,0.82688874,1.0640525,9,6
da02,1706845001190980,7.0719271,0.82817614,1.0630184,10,7
da02,1706845001290933,7.0664897,0.82754946,1.0678747,8,8
da02,1706845001390978,7.0758023,0.82766068,1.0671108,11,9
da02,1706845001490892,7.076674,0.82576984,1.0699151,9,10
da02,1706845001590932,7.0800409,0.82291162,1.0683808,10,11
da02,1706845001691060,7.0824814,0.82639855,1.0652397,10,12
da02,1706845001790957,7.0745144,0.81948471,1.0674149,8,13
da02,1706845001890943,7.0626655,0.82433128,1.0699552,8,14
da02,1706845001990964,7.0567951,0.82945555,1.0778999,8,15
da02,1706845002090934,7.0581808,0.82891309,1.0809126,9,16
da02,1706845002191010,7.0675616,0.83158964,1.087152,10,17
da02,1706845002292508,7.0707626,0.8361935,1.0847543,10,18
da02,1706845002390958,7.0818081,0.82593173,1.0816031,11,19
da02,1706845002490896,7.0885072,0.8231293,1.072311,11,20
da02,1706845002590934,7.0789084,0.82491058,1.0714095,9,21
da02,1706845002690891,7.0877357,0.82529783,1.0816392,10,22
da02,1706845002790928,7.0733371,0.82905531,1.0830828,8,23
da02,1706845002890915,7.0712996,0.83009022,1.0914382,8,24
da02,1706845002990954,7.0645361,0.82604009,1.0797918,9,25
da02,1706845003090910,7.05714,0.82521421,1.0723517,9,26
da02,1706845003190937,7.0602822,0.83067191,1.069005,10,27
da02,1706845003290901,7.0680795,0.82730246,1.0766723,9,28
da02,1706845003390931,7.0695629,0.836719,1.0734503,10,29
da02,1706845003490901,7.090457,0.83514023,1.0637019,13,30
da02,1706845003591447,7.0922637,0.83144844,1.0662605,10,31
da02,1706845003690959,7.1008983,0.83182174,1.0611924,12,32
da02,1706845003790942,7.0842676,0.83636409,1.0529897,9,33
da02,1706845003890917,7.0892625,0.82641578,1.0534894,11,34
da02,1706845003990977,7.0890408,0.82713485,1.0560805,10,35
da02,1706845004090925,7.0904169,0.82617295,1.0622244,10,36
da02,1706845004190958,7.0788412,0.82526433,1.0699669,8,37
da02,1706845004290916,7.072506,0.82129896,1.0665365,9,38
da02,1706845004390989,7.0669622,0.82017541,1.0660052,9,39
da02,1706845004490974,7.0723338,0.82133454,1.0651089,10,40
da02,1706845004590960,7.0607324,0.82049626,1.0653751,8,41
da02,1706845004690939,7.0614648,0.82404119,1.0771065,8,42
da02,1706845004791027,7.0693107,0.824197,1.0845239,9,43
da02,1706845004891029,7.0671725,0.82083666,1.0986135,7,44
da02,1706845004991004,7.0738187,0.83489984,1.0909882,11,45
da02,1706845005091048,7.0650959,0.84070545,1.0986317,8,46
da02,1706845005191014,7.06513,0.83658755,1.1061779,8,47
da02,1706845005290915,7.0697737,0.8358658,1.0962319,10,48
da02,1706845005390967,7.0531626,0.82904142,1.0933579,7,49
da02,1706845005490941,7.0673079,0.83184123,1.0805448,11,50
da02,1706845005590987,7.0743909,0.83733529,1.0652755,12,51
da02,1706845005691089,7.0787954,0.8267377,1.0607945,10,52
da02,1706845005790990,7.0693016,0.82982117,1.0640882,8,53
da02,1706845005890933,7.0608854,0.81785959,1.0688022,8,54
da02,1706845005990974,7.0717335,0.83448029,1.0775217,10,55
da02,1706845006090933,7.0708423,0.83566248,1.0862974,8,56
da02,1706845006190988,7.0694413,0.83619589,1.0866036,9,57
da02,1706845006290970,7.0840359,0.83940393,1.0903018,11,58
da02,1706845006390997,7.06147,0.83841473,1.0878946,8,59
da02,1706845006490960,7.0608382,0.83969516,1.095032,8,60
da02,1706845006590958,7.0476112,0.83077651,1.0994121,8,61
da02,1706845006690973,7.0463157,0.83138597,1.0899363,9,62
da02,1706845006790961,7.0572228,0.82934409,1.0878894,10,63
da02,1706845006890934,7.0539241,0.82884753,1.0781914,9,64
da02,1706845006990978,7.0610518,0.82479173,1.07997,9,65
da02,1706845007090942,7.0587912,0.82015151,1.0802108,8,66
da02,1706845007190974,7.0516438,0.82410753,1.0778384,8,67
da02,1706845007290947,7.0653615,0.82994586,1.0747217,11,68
da02,1706845007390948,7.0698957,0.83427215,1.0699484,10,69
da02,1706845007490901,7.0753465,0.827773,1.0728818,10,70
da02,1706845007590941,7.0785756,0.8292464,1.0747714,10,71
da02,1706845007690904,7.085268,0.82861733,1.0657928,11,72
da02,1706845007790960,7.0791388,0.82980263,1.0673506,9,73
da02,1706845007890958,7.061636,0.8286196,1.0738612,8,74
da02,1706845007990976,7.06287,0.83275372,1.0828743,9,75
da02,1706845008090929,7.0539422,0.83319813,1.0773832,8,76
da02,1706845008190999,7.055131,0.72348648,1.052351,70,77
da02,1706845008290946,7.057755,0.74651849,1.0517709,10,78
da02,1706845008391001,7.0523176,0.77302814,1.0549214,8,79
da02,1706845008490971,7.0582714,0.7866661,1.0590329,10,80
da02,1706845008591552,7.0555897,0.78928035,1.067894,8,81
da02,1706845008690980,7.0565977,0.79392672,1.0695242,9,82
da02,1706845008791011,7.0686603,0.80877262,1.0715921,11,83
da02,1706845008891001,7.0770135,0.81622517,1.0657948,11,84
da02,1706845008990967,7.0691214,0.82086891,1.0633841,9,85
da02,1706845009090953,7.0755339,0.81927985,1.0594414,11,86
da02,1706845009190974,7.0754604,0.83486927,1.0554974,11,87
da02,1706845009290970,7.0603724,0.83323532,1.0584491,7,88
da02,1706845009390983,7.0590396,0.82692873,1.0551679,9,89
da02,1706845009490942,7.059577,0.820651,1.0644667,8,90
da02,1706845009590990,7.0741329,0.81917691,1.0627027,11,91
da02,1706845009691117,7.0682,0.81746161,1.0627766,9,92
da02,1706845009790981,7.0690575,0.81888205,1.0610636,10,93
da02,1706845009890961,7.064394,0.81724048,1.0615473,9,94
da02,1706845009991020,7.0695953,0.82212794,1.0603871,10,95
da02,1706845010090975,7.0733876,0.83253479,1.0579389,11,96
da02,1706845010191004,7.0795894,0.82049578,1.0629215,10,97
da02,1706845010290960,7.0749826,0.81696337,1.0668437,9,98
da02,1706845010390976,7.0722337,0.81807059,1.0695139,9,99
da02,1706845010491185,7.0576086,0.8187421,1.0710011,7,100
da02,1706845010591009,7.0500059,0.82262826,1.0760878,7,101
da02,1706845010690961,7.0546288,0.82345629,1.0765208,9,102
da02,1706845010790991,7.0554514,0.82223862,1.068089,9,103
da02,1706845010890958,7.0584178,0.817932,1.0676993,9,104
da02,1706845010990984,7.0531325,0.83066976,1.0694129,8,105
da02,1706845011090960,7.057312,0.83249456,1.0698594,9,106
da02,1706845011191038,7.0466022,0.84043694,1.0683604,8,107
da02,1706845011291505,7.045156,0.84006733,1.0735677,8,108
da02,1706845011390988,7.0487723,0.83201694,1.0737795,9,109
da02,1706845011490953,7.0602441,0.82533067,1.0816453,9,110
da02,1706845011590991,7.0619607,0.82364511,1.0751418,10,111
da02,1706845011690953,7.068213,0.82319331,1.0705559,10,112
da02,1706845011790978,7.0605793,0.82688421,1.0613734,9,113
da02,1706845011890954,7.0564494,0.8269394,1.0658883,8,114
da02,1706845011990998,7.0628009,0.83230615,1.0736561,9,115
da02,1706845012090987,7.0648632,0.83896112,1.0721412,10,116
da02,1706845012190985,7.0648913,0.84217,1.0619267,10,117
da02,1706845012291000,7.0611606,0.84142911,1.0643479,9,118
da02,1706845012391042,7.0638008,0.83456707,1.0690988,9,119
da02,1706845012490964,7.07842,0.83073169,1.0700413,11,120
da02,1706845012590988,7.0928025,0.83359516,1.0604858,13,121
da02,1706845012691024,7.1054749,0.83835423,1.0562656,13,122
da02,1706845012790965,7.1049323,0.842469,1.0605978,11,123
da02,1706845012890978,7.1074362,0.83295417,1.0528988,12,124
da02,1706845012991002,7.0968385,0.83754206,1.0588627,9,125
da02,1706845013090963,7.0927415,0.83961123,1.0555944,10,126
da02,1706845013190992,7.0885892,0.8366034,1.0595378,10,127
da02,1706845013290980,7.0831537,0.83540952,1.067217,9,128
da02,1706845013391017,7.0681162,0.8295117,1.071751,7,129
da02,1706845013490969,7.0681262,0.83423823,1.0712993,9,130
da02,1706845013591535,7.0694261,0.82884264,1.0677967,10,131
da02,1706845013690989,7.0803814,0.82190359,1.0719483,10,132
da02,1706845013791020,7.0884428,0.82452834,1.0813552,10,133
da02,1706845013890993,7.0827208,0.82342213,1.0738769,10,134
da02,1706845013990988,7.0783749,0.825955,1.0693398,10,135
da02,1706845014090979,7.0795794,0.83117044,1.0849206,9,136
da02,1706845014191074,7.0818372,0.82736742,1.0748146,10,137
da02,1706845014290988,7.076674,0.82216531,1.0682031,9,138
da02,1706845014391018,7.0822906,0.82132804,1.0744715,10,139
da02,1706845014490997,7.0715265,0.82617891,1.0695035,9,140
da02,1706845014591022,7.0773048,0.824504,1.0531055,12,141
da02,1706845014691006,7.0715842,0.82939148,1.0502255,10,142
da02,1706845014791033,7.0696888,0.82741731,1.0532631,9,143
da02,1706845014891030,7.0762782,0.82833141,1.0505468,11,144
da02,1706845014991063,7.0692205,0.83491564,1.0444968,10,145
da02,1706845015091045,7.0751271,0.83583653,1.0422349,11,146
da02,1706845015191053,7.0740738,0.81949776,1.0480204,9,147
da02,1706845015291028,7.083436,0.82094389,1.046518,11,148
da02,1706845015391019,7.0888615,0.82456869,1.0528662,11,149
da02,1706845015491121,7.0727034,0.82546985,1.0672915,8,150
da02,1706845015591060,7.0663147,0.82518196,1.064834,9,151
da02,1706845015691045,7.0511189,0.83372623,1.0724796,8,152
da02,1706845015791047,7.0605478,0.82247424,1.0784926,9,153
da02,1706845015890998,7.0609326,0.82820404,1.0752249,9,154
da02,1706845015993307,7.0705595,0.82250756,1.0748937,10,155
da02,1706845016091029,7.0719929,0.82156205,1.0695179,10,156
da02,1706845016191018,7.0688548,0.82036328,1.0752438,8,157
da02,1706845016291000,7.0690651,0.82583463,1.0822004,9,158
da02,1706845016391012,7.0663924,0.81724405,1.074043,9,159
da02,1706845016491027,7.0708408,0.81234956,1.0768549,9,160
da02,1706845016591010,7.072484,0.82031935,1.0704113,10,161
da02,1706845016691001,7.0750084,0.81615174,1.0734292,9,162
da02,1706845016791049,7.0834556,0.81125635,1.0723189,11,163
da02,1706845016891013,7.08248,0.81015044,1.065212,10,164
da02,1706845016991057,7.0739827,0.81548542,1.0764483,8,165
da02,1706845017091017,7.0656376,0.82473326,1.0769367,8,166
da02,1706845017191315,7.0747762,0.82592493,1.072857,11,167
da02,1706845017291049,7.0778632,0.82268971,1.0643687,11,168
da02,1706845017391010,7.0777802,0.82577449,1.067892,10,169
da02,1706845017490978,7.0669646,0.83173341,1.0655982,9,170
da02,1706845017591004,7.0756621,0.83446747,1.0768174,10,171
da02,1706845017692556,7.070416,0.83346438,1.0707103,9,172
da02,1706845017791066,7.0707917,0.82639343,1.0656085,10,173
da02,1706845017891016,7.0699077,0.82219684,1.0624111,10,174
da02,1706845017991030,7.0637379,0.82870346,1.0619406,9,175
da02,1706845018091002,7.0699778,0.82322174,1.0644222,10,176
da02,1706845018191017,7.0619149,0.8279081,1.0685207,8,177
da02,1706845018291020,7.0605512,0.82477194,1.0682505,9,178
da02,1706845018391031,7.0477271,0.82263,1.0700076,7,179
da02,1706845018491001,7.0505013,0.83124328,1.0751139,9,180
da02,1706845018591548,7.0561533,0.82996112,1.0717214,10,181
da02,1706845018691061,7.0529127,0.81844211,1.0615598,9,182
da02,1706845018791027,7.0477324,0.81572014,1.0627512,8,183
da02,1706845018891016,7.0547457,0.82430673,1.0629394,10,184
da02,1706845018991032,7.0591173,0.81385881,1.0656089,9,185
da02,1706845019091010,7.0622325,0.8161301,1.0707603,9,186
da02,1706845019191065,7.0674381,0.83064646,1.065423,11,187
da02,1706845019291057,7.0668941,0.83246005,1.067151,9,188
da02,1706845019391075,7.0684061,0.83308512,1.0702598,9,189
da02,1706845019491062,7.0743165,0.82240349,1.0679545,10,190
da02,1706845019591042,7.0786405,0.82113272,1.0683144,10,191
da02,1706845019691030,7.061564,0.82627439,1.0694637,8,192
da02,1706845019791062,7.0525541,0.8298384,1.0666445,8,193
da02,1706845019891015,7.0608735,0.8214522,1.0648077,10,194
da02,1706845019991050,7.0589037,0.82628566,1.0651709,9,195
da02,1706845020091032,7.0518222,0.8230778,1.0685599,8,196
da02,1706845020191106,7.062191,0.81901973,1.069114,10,197
da02,1706845020291030,7.0718541,0.81410962,1.0785733,9,198
da02,1706845020391069,7.0725474,0.81670946,1.0791512,9,199
da02,1706845020491037,7.0654259,0.81930834,1.0792216,8,200
da02,1706845020591038,7.0680361,0.82244432,1.0890179,9,201
da02,1706845020691025,7.0613403,0.81987846,1.0831001,8,202
da02,1706845020791071,7.0562224,0.823592,1.0766569,9,203
da02,1706845020891039,7.0459671,0.82358575,1.0853926,8,204
da02,1706845020991055,7.0545387,0.83014417,1.091041,9,205
da02,1706845021091047,7.0467134,0.84427434,1.0855412,8,206
da02,1706845021191088,7.0502534,0.839282,1.0852329,9,207
da02,1706845021291082,7.0575442,0.82661396,1.0962006,8,208
da02,1706845021391112,7.0637884,0.8231892,1.0821486,10,209
da02,1706845021491242,7.0722976,0.8214162,1.0721983,11,210
da02,1706845021591057,7.0720396,0.82744461,1.069937,10,211
da02,1706845021691026,7.0754204,0.824177,1.0648974,10,212
da02,1706845021790976,7.0707893,0.81522864,1.0634489,9,213
da02,1706845021890966,7.0736303,0.82022387,1.0631366,10,214
da02,1706845021990959,7.07126,0.81829774,1.0622387,9,215
da02,1706845022090964,7.0689931,0.82278115,1.0698966,9,216
da02,1706845022191022,7.0707421,0.82621878,1.0709889,10,217
da02,1706845022291534,7.0671268,0.82581383,1.0632474,10,218
da02,1706845022391018,7.068285,0.82287586,1.0644882,9,219
da02,1706845022490997,7.05432,0.81933188,1.0689219,7,220
da02,1706845022591024,7.0614166,0.81430387,1.0681862,10,221
da02,1706845022691021,7.0620813,0.81498,1.0663786,9,222
da02,1706845022790982,7.0475936,0.82099152,1.0593114,8,223
da02,1706845022890956,7.0540094,0.81886554,1.0663716,9,224
da02,1706845022990974,7.0660734,0.82040411,1.0645753,11,225
da02,1706845023090959,7.0568686,0.81460649,1.0581001,8,226
da02,1706845023191055,7.0466781,0.82656521,1.0682254,8,227
da02,1706845023290984,7.0632739,0.82131106,1.0763994,10,228
da02,1706845023390985,7.0645113,0.82700616,1.0706282,10,229
da02,1706845023490964,7.0788608,0.83298421,1.0624027,12,230
da02,1706845023591009,7.0656495,0.82808506,1.0667875,7,231
da02,1706845023691537,7.0666127,0.83514804,1.0579981,10,232
da02,1706845023791029,7.0667372,0.8310082,1.0574063,10,233
da02,1706845023890965,7.0655508,0.81131613,1.0624176,8,234
da02,1706845023990970,7.0731983,0.81395531,1.0642465,10,235
da02,1706845024090966,7.0742512,0.81918645,1.0753987,9,236
da02,1706845024190972,7.0746589,0.82348084,1.0827117,9,237
da02,1706845024290973,7.0612864,0.82542288,1.0837656,7,238
da02,1706845024390978,7.0657516,0.82406336,1.0899934,9,239
da02,1706845024490984,7.0674229,0.83459681,1.0899988,9,240
da02,1706845024590988,7.0565567,0.83538646,1.0768472,9,241
da02,1706845024691034,7.0580826,0.82889897,1.0749031,9,242
da02,1706845024790992,7.0645876,0.82335114,1.0744194,10,243
da02,1706845024891107,7.0493703,0.83504307,1.0717374,8,244
da02,1706845024990994,7.0489683,0.82218945,1.0763836,8,245
da02,1706845025090980,7.0489388,0.820099,1.0719903,9,246
da02,1706845025190997,7.0536065,0.81182772,1.0692468,9,247
da02,1706845025290967,7.0699892,0.81676668,1.05747,12,248
da02,1706845025390993,7.075304,0.82250172,1.0622535,10,249
da02,1706845025491018,7.079741,0.82309657,1.0620233,10,250
da02,1706845025591025,7.0889349,0.81807846,1.0512697,12,251
da02,1706845025691021,7.0921288,0.82883251,1.0486072,11,252
da02,1706845025791069,7.0922737,0.83347172,1.0498183,11,253
da02,1706845025891108,7.0922356,0.82156748,1.0522832,10,254
da02,1706845025991041,7.0769453,0.81168818,1.0526832,8,255
da02,1706845026091000,7.0565586,0.81613046,1.0603598,8,256
da02,1706845026191059,7.0620766,0.82733357,1.0529929,11,257
da02,1706845026291070,7.0576582,0.82165009,1.0616164,8,258
da02,1706845026391057,7.0607224,0.82344848,1.0708758,9,259
da02,1706845026490997,7.0778918,0.82388592,1.0853018,10,260
da02,1706845026590997,7.069798,0.82549435,1.077654,9,261
da02,1706845026690990,7.0732927,0.82642657,1.0744781,10,262
da02,1706845026791020,7.0648947,0.82324314,1.0711489,8,263
da02,1706845026891009,7.0643644,0.81752664,1.0737134,9,264
da02,1706845026991025,7.050199,0.817574,1.0730599,7,265
da02,1706845027091008,7.0602026,0.81564248,1.0703878,10,266
da02,1706845027190999,7.0556717,0.82558948,1.0738113,8,267
da02,1706845027291014,7.0509429,0.82109737,1.0716406,8,268
da02,1706845027391007,7.05195,0.81889486,1.0729765,9,269
da02,1706845027491018,7.0476727,0.82206231,1.0717492,8,270
da02,1706845027591001,7.052866,0.82417834,1.0698385,9,271
da02,1706845027691048,7.0587087,0.82276684,1.0732911,9,272
da02,1706845027791008,7.05057,0.70104241,1.0522307,70,273
da02,1706845027891008,7.0519867,0.73301607,1.0533165,9,274
da02,1706845027991030,7.0678544,0.76612306,1.0572934,11,275
da02,1706845028091008,7.0659518,0.79074639,1.0635712,9,276
da02,1706845028191007,7.0626578,0.80660754,1.06535,9,277
da02,1706845028291026,7.0543003,0.80535275,1.0628048,8,278
da02,1706845028391044,7.0605383,0.81018311,1.0632591,10,279
da02,1706845028490922,7.0626817,0.8283605,1.0613903,10,280
da02,1706845028591038,7.0591822,0.82692176,1.0690447,8,281
da02,1706845028691002,7.0660515,0.82782847,1.0780675,9,282
da02,1706845028790944,7.0735111,0.83092028,1.0660988,11,283
da02,1706845028891123,7.0675488,0.83749634,1.0651544,9,284
da02,1706845028991022,7.068758,0.845818,1.0679431,10,285
da02,1706845029090924,7.0487018,0.85004872,1.062222,8,286
da02,1706845029191094,7.0516782,0.8469485,1.0726414,8,287
da02,1706845029291008,7.0543489,0.84211874,1.0656034,10,288
da02,1706845029390908,7.0475774,0.83906883,1.0678679,8,289
da02,1706845029491016,7.0523157,0.84290034,1.0677103,10,290
da02,1706845029591052,7.0579376,0.83608431,1.0665058,10,291
da02,1706845029690930,7.0633159,0.82870793,1.0721822,9,292
da02,1706845029791036,7.0753312,0.83009225,1.0653524,11,293
da02,1706845029891014,7.0667744,0.82668138,1.077109,7,294
da02,1706845029990987,7.2307434,0.68047839,1.4057815,72,295
da02,1706845030091093,7.1970959,0.71468729,1.3251934,10,296
da02,1706845030191020,7.158432,0.74428755,1.263069,8,297
da02,1706845030290922,7.1451464,0.76369882,1.2179781,10,298
da02,1706845030391030,7.1217475,0.78114933,1.17449,9,299
da02,1706845030491014,7.1039376,0.78665531,1.1534925,8,300
da02,1706845030590926,7.08942,0.79189026,1.1383933,8,301
da02,1706845030691004,7.0768776,0.80302352,1.1132947,9,302
da02,1706845030790940,7.0786834,0.80394453,1.103213,10,303
da02,1706845030890960,7.0985041,0.80377853,1.094938,12,304
da02,1706845030990962,7.1009326,0.81094569,1.0912839,11,305
da02,1706845031091003,7.0992985,0.81513393,1.0927774,10,306
da02,1706845031190977,7.0829077,0.81284106,1.0910056,8,307
da02,1706845031291065,7.0793285,0.81502157,1.0835645,9,308
da02,1706845031391094,7.0678573,0.81724155,1.0855248,8,309
da02,1706845031490955,7.0670171,0.81041789,1.0810723,9,310
da02,1706845031591104,7.0728045,0.81142426,1.0729772,10,311
da02,1706845031691035,7.0763822,0.81178379,1.0682266,10,312
da02,1706845031790952,7.068893,0.82609218,1.0692155,9,313
da02,1706845031891070,7.0599594,0.83004421,1.0724162,8,314
da02,1706845031991042,7.0520463,0.83745551,1.0766127,8,315
da02,1706845032090935,7.05715,0.84350139,1.0833951,9,316
da02,1706845032191093,7.0576987,0.83910352,1.0787834,9,317
da02,1706845032291464,7.0676408,0.83664143,1.0820771,10,318
da02,1706845032390878,7.0650473,0.84220141,1.0755147,9,319
da02,1706845032491005,7.066226,0.84233385,1.0672281,10,320
da02,1706845032591063,7.0595222,0.83965838,1.0671399,8,321
da02,1706845032690951,7.0612845,0.8410328,1.0778332,9,322
da02,1706845032791033,7.0735941,0.82845455,1.0688126,11,323
da02,1706845032891020,7.0780439,0.82903117,1.0700327,10,324
da02,1706845032990967,7.0681462,0.82105315,1.0691572,8,325
da02,1706845033092658,7.0673709,0.82861632,1.0710566,9,326
da02,1706845033191108,7.0668387,0.83100855,1.0638034,10,327
da02,1706845033291512,7.0675154,0.83729273,1.0595427,10,328
da02,1706845033390979,7.075819,0.8346346,1.0546347,11,329
da02,1706845033491032,7.0698161,0.83092153,1.0584816,9,330
da02,1706845033590965,7.0771089,0.83241028,1.0610557,11,331
da02,1706845033691025,7.0706964,0.833686,1.0723537,8,332
da02,1706845033791580,7.0601826,0.83455932,1.0823362,8,333
da02,1706845033890978,7.0714769,0.83028263,1.0820709,10,334
da02,1706845033990913,7.0650449,0.82687169,1.081741,8,335
da02,1706845034091049,7.0745993,0.83509308,1.068734,12,336
da02,1706845034191102,7.0804067,0.8291707,1.0693253,10,337
da02,1706845034290952,7.0705767,0.82719868,1.0652511,9,338
da02,1706845034391054,7.0569897,0.83381295,1.0690117,8,339
da02,1706845034490997,7.0697484,0.83799756,1.0657386,11,340
da02,1706845034590966,7.0622969,0.82737356,1.0745704,7,341
da02,1706845034691062,7.0550947,0.8253687,1.0822271,7,342
da02,1706845034790979,7.0700207,0.82005996,1.0804018,11,343
da02,1706845034890954,7.0891662,0.82629919,1.0767095,12,344
da02,1706845034991076,7.0783496,0.82166332,1.0732229,9,345
da02,1706845035091000,7.0789127,0.82542783,1.0694188,10,346
da02,1706845035191076,7.0717082,0.82666773,1.0654504,9,347
da02,1706845035290976,7.06749,0.82534051,1.0652558,9,348
da02,1706845035390956,7.0595288,0.837719,1.0669166,8,349
da02,1706845035490954,7.0468044,0.84132874,1.0681112,8,350
da02,1706845035591055,7.0459728,0.84674108,1.0700911,9,351
da02,1706845035690975,7.0458951,0.84039336,1.0655322,9,352
da02,1706845035790983,7.0558262,0.8293348,1.075309,9,353
da02,1706845035891087,7.1891422,0.83441067,1.0555035,67,354
da02,1706845035991012,7.1677732,0.83392596,1.0581925,11,355
da02,1706845036090995,7.1384025,0.82960248,1.0673352,8,356
da02,1706845036190970,7.1195908,0.81553507,1.0725759,8,357
da02,1706845036291504,7.1106305,0.81779492,1.0778849,9,358
da02,1706845036391001,7.095396,0.82657909,1.0698295,9,359
da02,1706845036491489,7.0813012,0.8334707,1.0671238,9,360
da02,1706845036591013,7.0731521,0.83080387,1.0657545,9,361
da02,1706845036691514,7.0643945,0.826838,1.0749515,7,362
da02,1706845036790990,7.0520043,0.83060896,1.0703266,8,363
da02,1706845036891106,7.0722675,0.82971185,1.0646852,12,364
da02,1706845036991013,7.0682745,0.82834315,1.0698806,9,365
da02,1706845037090983,7.0752048,0.82896495,1.0705621,10,366
da02,1706845037191140,7.0709939,0.84279454,1.0663903,10,367
da02,1706845037291037,7.0708327,0.83258432,1.072309,9,368
da02,1706845037391086,7.0566411,0.82294667,1.06342,8,369
da02,1706845037491049,7.0584311,0.82477659,1.0714658,9,370
da02,1706845037590992,7.0678315,0.82631725,1.0679716,11,371
da02,1706845037690938,7.0576191,0.83166093,1.0749255,8,372
da02,1706845037791089,7.0650554,0.84667128,1.0774103,10,373
da02,1706845037891000,7.0746903,0.84423995,1.0749848,11,374
da02,1706845037991016,7.0708866,0.8373903,1.0755501,9,375
da02,1706845038091102,7.0739632,0.83974695,1.0895785,9,376
da02,1706845038191084,7.0626516,0.83806354,1.0834559,8,377
da02,1706845038290957,7.0530338,0.83672774,1.0867825,8,378
da02,1706845038391035,7.0673895,0.82293236,1.0861262,10,379
da02,1706845038490986,7.0665026,0.82478678,1.0846968,9,380
da02,1706845038591012,7.0524459,0.82905394,1.0779439,8,381
da02,1706845038691069,7.0636582,0.83362085,1.0753343,11,382
da02,1706845038791062,7.06752,0.83362359,1.0733762,10,383
da02,1706845038891069,7.0771809,0.81721127,1.0715661,10,384
da02,1706845038991162,7.1880722,0.80622834,1.0646359,67,385
da02,1706845039090970,7.1546416,0.79346031,1.0660264,8,386
da02,1706845039191022,7.1216879,0.79926342,1.0598314,8,387
da02,1706845039291094,7.1036797,0.78934526,1.0668192,8,388
da02,1706845039391029,7.0953689,0.79255831,1.0612963,10,389
da02,1706845039490957,7.0831604,0.80948627,1.0594634,9,390
da02,1706845039591094,7.0727367,0.805619,1.070914,7,391
da02,1706845039691079,7.0595627,0.80564058,1.0793322,7,392
da02,1706845039791028,7.0591383,0.80996513,1.0743316,9,393
da02,1706845039891004,7.0579233,0.82072377,1.0668763,10,394
da02,1706845039991035,7.0712686,0.82522351,1.0617329,11,395
da02,1706845040090948,7.0766959,0.82625794,1.0619911,10,396
da02,1706845040191019,7.0666018,0.82727903,1.0569727,9,397
da02,1706845040291006,7.0625925,0.82022882,1.0498888,9,398
da02,1706845040391024,7.0485172,0.81555629,1.0451674,8,399
da02,1706845040490988,7.0511665,0.82147419,1.054996,9,400
da02,1706845040591128,7.0497613,0.82260329,1.0507842,9,401
da02,1706845040690976,7.0495644,0.81811917,1.059664,8,402
da02,1706845040791038,7.054636,0.82308161,1.0625477,9,403
da02,1706845040891054,7.0661116,0.82501489,1.0685778,10,404
da02,1706845040991168,7.0613732,0.82481068,1.0695893,8,405
da02,1706845041091059,7.056251,0.8249507,1.0848348,8,406
da02,1706845041191250,7.0572786,0.83271515,1.0758811,10,407
da02,1706845041291146,7.0649362,0.83739734,1.0822968,10,408
da02,1706845041391052,7.068409,0.84096056,1.0762733,10,409
da02,1706845041491030,7.0716987,0.84727693,1.0829558,9,410
da02,1706845041591037,7.0720134,0.84215391,1.0625272,11,411
da02,1706845041691032,7.0621314,0.8289842,1.0658772,8,412
da02,1706845041791008,7.0546756,0.82140619,1.0615098,8,413
da02,1706845041890982,7.0605168,0.81696618,1.063252,10,414
da02,1706845041991064,7.0658875,0.82259429,1.0709369,9,415
da02,1706845042091018,7.0807619,0.81650949,1.0796661,10,416
da02,1706845042191196,7.0664387,0.80750811,1.0710922,8,417
da02,1706845042291112,7.0746703,0.80810785,1.0721455,10,418
da02,1706845042391059,7.077353,0.80848527,1.0813302,9,419
da02,1706845042491018,7.0755296,0.811337,1.0849361,9,420
da02,1706845042591193,7.0784225,0.81055439,1.0843974,10,421
da02,1706845042691166,7.0638132,0.81050026,1.082189,7,422
da02,1706845042791064,7.0491996,0.82390821,1.0782288,8,423
da02,1706845042891129,7.066442,0.81485885,1.0747102,11,424
da02,1706845042991056,7.0707664,0.81842506,1.076056,10,425
da02,1706845043091021,7.0738134,0.81026775,1.0687443,10,426
da02,1706845043191040,7.06407,0.815592,1.0685751,8,427
da02,1706845043291039,7.0593824,0.82259667,1.0699947,9,428
da02,1706845043391042,7.0506,0.824009,1.076321,7,429
da02,1706845043491047,7.0451889,0.82284546,1.0800353,7,430
da02,1706845043591095,7.0503345,0.81876355,1.0756104,9,431
da02,1706845043691010,7.051651,0.83015466,1.0852349,8,432
da02,1706845043791036,7.046279,0.83164591,1.0778084,8,433
da02,1706845043891665,7.0505433,0.83913636,1.0810527,9,434
da02,1706845043991130,7.0599651,0.83891314,1.0774765,10,435
da02,1706845044091030,7.0696378,0.84401977,1.0733578,11,436
da02,1706845044191332,7.0811467,0.84603131,1.0712055,11,437
da02,1706845044291687,7.0942969,0.82661748,1.0721405,11,438
da02,1706845044391078,7.0899277,0.81560892,1.0722286,9,439
da02,1706845044491066,7.0859632,0.82687646,1.0659528,10,440
da02,1706845044591046,7.072072,0.82459921,1.0809374,8,441
da02,1706845044691040,7.0681276,0.82450867,1.0820699,9,442
da02,1706845044791024,7.0666394,0.82757223,1.0696132,10,443
da02,1706845044891046,7.0743394,0.8302747,1.0683545,11,444
da02,1706845044991061,7.0773668,0.8348248,1.0752269,10,445
da02,1706845045090977,7.0720119,0.83782876,1.0720162,9,446
da02,1706845045191035,7.0597959,0.8290807,1.0746441,7,447
da02,1706845045291131,7.0487924,0.81872666,1.0810374,7,448
da02,1706845045391061,7.047883,0.82721794,1.0762796,9,449
da02,1706845045491000,7.0387282,0.83942419,1.0756665,8,450
da02,1706845045591172,7.0428061,0.83157039,1.0680809,9,451
da02,1706845045691608,7.0374331,0.82925057,1.072068,7,452
da02,1706845045791069,7.0475359,0.82507688,1.075657,9,453
da02,1706845045891097,7.0642004,0.82766551,1.0817639,10,454
da02,1706845045991024,7.0641289,0.82721722,1.0810634,9,455
da02,1706845046091024,7.0700636,0.83555549,1.0793326,10,456
da02,1706845046191139,7.0682073,0.8267436,1.0874374,8,457
da02,1706845046291044,7.0602541,0.82757092,1.0836407,8,458
da02,1706845046391041,7.0585642,0.82072151,1.0912558,8,459
da02,1706845046491105,7.0579386,0.82505333,1.0795208,10,460
da02,1706845046591033,7.0560365,0.82299119,1.0757434,9,461
da02,1706845046691066,7.0610409,0.82429063,1.0595578,11,462
da02,1706845046791092,7.0597854,0.82881021,1.0598979,9,463
da02,1706845046891055,7.068038,0.83002204,1.0685509,10,464
da02,1706845046991134,7.0666227,0.82938904,1.066317,9,465
da02,1706845047091060,7.0651007,0.83373493,1.0688425,9,466
da02,1706845047191322,7.0715561,0.84083825,1.0688448,10,467
da02,1706845047291116,7.0667496,0.82655263,1.0739194,8,468
da02,1706845047391040,7.0675588,0.82600689,1.0797393,9,469
da02,1706845047491060,7.0662618,0.82634896,1.0784966,9,470
da02,1706845047591100,7.07038,0.81958872,1.0715973,10,471
da02,1706845047691048,7.0674138,0.81028426,1.0691831,9,472
da02,1706845047791078,7.0849485,0.81557852,1.0677005,12,473
da02,1706845047891179,7.0872192,0.82658827,1.0587327,11,474
da02,1706845047991135,7.0811138,0.82010794,1.0530739,10,475
da02,1706845048091155,7.0761442,0.81554937,1.0591077,9,476
da02,1706845048191216,7.0773082,0.81745416,1.0615352,10,477
da02,1706845048291042,7.0667553,0.81652933,1.0579532,9,478
da02,1706845048391402,7.055789,0.81435841,1.049302,9,479
da02,1706845048492862,7.057879,0.81389868,1.0518627,9,480
da02,1706845048591111,7.050683,0.81075221,1.0716983,7,481
da02,1706845048691341,7.0556908,0.80292988,1.0745631,9,482
da02,1706845048791088,7.0670638,0.80094707,1.0709865,10,483
da02,1706845048891059,7.0666685,0.80685782,1.0664554,10,484
da02,1706845048991998,7.0696878,0.81913674,1.0685556,10,485
da02,1706845049091201,7.0586128,0.82564747,1.0625321,8,486
da02,1706845049191162,7.0599456,0.82456428,1.0700744,9,487
da02,1706845049291184,7.0629287,0.81853974,1.0761231,9,488
da02,1706845049391344,7.0618048,0.83386308,1.0701791,10,489
da02,1706845049491066,7.05687,0.83929014,1.0698471,9,490
da02,1706845049591186,7.0592012,0.682992,1.0426806,70,491
da02,1706845049691070,7.0558023,0.7186445,1.0529162,8,492
da02,1706845049791117,7.068594,0.74299067,1.0572809,11,493
da02,1706845049891008,7.0688176,0.77231693,1.0626122,9,494
da02,1706845049991076,7.0683613,0.78495669,1.0687977,9,495
da02,1706845050091063,7.0583477,0.80363989,1.0738988,8,496
da02,1706845050194107,7.0684443,0.8164888,1.0665225,11,497
da02,1706845050291065,7.066412,0.82744277,1.066313,9,498
da02,1706845050391096,7.06814,0.82377636,1.0602843,10,499
da02,1706845050491077,7.0615759,0.83399856,1.0593711,9,500
da02,1706845050591074,7.0701814,0.83320653,1.06268,10,501
da02,1706845050691079,7.0766263,0.83375907,1.0617427,11,502
da02,1706845050791076,7.0788603,0.82894558,1.0549849,11,503
da02,1706845050891070,7.0732369,0.82664847,1.0622458,9,504
da02,1706845050991122,7.0628953,0.82639509,1.0608915,8,505
da02,1706845051091064,7.0796304,0.81938243,1.075654,10,506
da02,1706845051191067,7.0509758,0.8247667,1.0820322,9,507
da02,1706845051291052,7.0599303,0.82624805,1.0802213,10,508
da02,1706845051391087,7.0655408,0.82512826,1.0746398,10,509
da02,1706845051491130,7.0609193,0.82500452,1.0627853,9,510
da02,1706845051591089,7.0501895,0.82843792,1.0670956,8,511
da02,1706845051691269,7.0620265,0.82866108,1.0695239,10,512
da02,1706845051791196,7.0646892,0.83356333,1.0769476,9,513
da02,1706845051891084,7.0664473,0.82866776,1.0785486,9,514
da02,1706845051991181,7.0574956,0.82372284,1.0820389,7,515
da02,1706845052091152,7.0560694,0.82271451,1.0828284,8,516
da02,1706845052191066,7.0545158,0.82790315,1.0880054,8,517
da02,1706845052291145,7.0567408,0.83528441,1.0807207,10,518
da02,1706845052391144,7.051,0.82681704,1.0854112,7,519
da02,1706845052491090,7.0488753,0.82729632,1.0790752,9,520
da02,1706845052591160,7.0440168,0.84066206,1.0769211,8,521
da02,1706845052691151,7.0420566,0.84136564,1.0768487,8,522
da02,1706845052791092,7.0536046,0.84061784,1.0705422,10,523
da02,1706845052891172,7.0472078,0.84983778,1.0767365,8,524
da02,1706845052991148,7.0540991,0.84126484,1.0770581,9,525
da02,1706845053091067,7.0617962,0.84458274,1.0772786,10,526
da02,1706845053191119,7.0556846,0.84954357,1.0762188,8,527
da02,1706845053291146,7.0541682,0.85150766,1.068949,9,528
da02,1706845053391152,7.0520649,0.8428151,1.0681072,9,529
da02,1706845053491115,7.0607877,0.83640534,1.0724856,10,530
da02,1706845053591192,7.0649204,0.83952159,1.063719,10,531
da02,1706845053691104,7.0746469,0.83437765,1.0670562,10,532
da02,1706845053791118,7.0742216,0.83112562,1.0804988,8,533
da02,1706845053891325,7.0710239,0.84468114,1.0839435,9,534
da02,1706845053991177,7.0604835,0.83952332,1.07851,8,535
da02,1706845054091702,7.0655565,0.82867384,1.0929185,8,536
da02,1706845054191162,7.0715094,0.83742046,1.0858536,10,537
da02,1706845054291040,7.0656805,0.840563,1.0743951,9,538
da02,1706845054391176,7.0624003,0.84731466,1.0745947,9,539
da02,1706845054491155,7.0605879,0.83527261,1.0628194,10,540
da02,1706845054591074,7.06656,0.82137144,1.0670624,9,541
da02,1706845054691179,7.062448,0.82359225,1.0674729,9,542
da02,1706845054791196,7.0567226,0.82331204,1.0742025,8,543
da02,1706845054891104,7.0487447,0.81555772,1.0804332,7,544
da02,1706845054991206,7.0520606,0.82410127,1.0808479,9,545
da02,1706845055091195,7.0561738,0.82462013,1.0725226,10,546
da02,1706845055191123,7.0709667,0.83709085,1.0686662,12,547
da02,1706845055291706,7.0662513,0.85142541,1.0687937,9,548
da02,1706845055391132,7.0781078,0.8355462,1.0566397,12,549
da02,1706845055491083,7.0704579,0.82707739,1.0626558,8,550
da02,1706845055591182,7.0618811,0.83121234,1.0623481,8,551
da02,1706845055691147,7.0688009,0.83594495,1.0655992,10,552
da02,1706845055791113,7.0578837,0.84375054,1.0697888,8,553
da02,1706845055891080,7.0620828,0.83795071,1.0571058,11,554
da02,1706845055991127,7.0634193,0.82745051,1.0625468,9,555
da02,1706845056091112,7.0676231,0.83539379,1.0594609,10,556
da02,1706845056191105,7.0537872,0.8309437,1.0696753,8,557
da02,1706845056291150,7.0575557,0.82408512,1.0699382,9,558
da02,1706845056391182,7.0506945,0.82697558,1.0854014,8,559
da02,1706845056491086,7.0556808,0.81622338,1.0851814,9,560
da02,1706845056591128,7.08127,0.8073616,1.0872083,12,561
da02,1706845056691178,7.0726571,0.81599903,1.0926366,8,562
da02,1706845056791128,7.0865312,0.82206553,1.0865188,12,563
da02,1706845056891146,7.0710158,0.82027256,1.0838282,8,564
da02,1706845056991175,7.0570207,0.82340783,1.0800588,7,565
da02,1706845057091114,7.0430555,0.82906574,1.0792685,8,566
da02,1706845057191076,7.0444679,0.82750016,1.074863,9,567
da02,1706845057291144,7.0561666,0.82941216,1.0787235,10,568
da02,1706845057391110,7.0650282,0.82638925,1.0763912,10,569
da02,1706845057491178,7.0739861,0.72812819,1.0551972,70,570
da02,1706845057591172,7.0791574,0.75081927,1.057425,10,571
da02,1706845057691126,7.0666265,0.76579374,1.0537739,8,572
da02,1706845057791122,7.06164,0.78717947,1.0530809,9,573
da02,1706845057891129,7.0504932,0.7903828,1.0517728,8,574
da02,1706845057991156,7.0641003,0.80499911,1.0579073,11,575
da02,1706845058091125,7.0542836,0.8018536,1.0606205,8,576
da02,1706845058191149,7.042645,0.80579269,1.0670465,8,577
da02,1706845058291124,7.057622,0.80269957,1.0739444,10,578
da02,1706845058391108,7.0721927,0.81054544,1.0739607,11,579
da02,1706845058491165,7.0809593,0.80742574,1.0716652,11,580
da02,1706845058591134,7.0796461,0.8192417,1.0662061,10,581
da02,1706845058691147,7.0798078,0.82804817,1.0694171,10,582
da02,1706845058791218,7.0825777,0.83654076,1.0730723,10,583
da02,1706845058891156,7.0714192,0.8345415,1.0739132,8,584
da02,1706845058991124,7.0665612,0.82754523,1.064327,9,585
da02,1706845059091125,7.0631857,0.82742053,1.0789353,8,586
da02,1706845059191163,7.0702105,0.83052075,1.074567,10,587
da02,1706845059291148,7.0646825,0.837577,1.0704608,9,588
da02,1706845059391199,7.0706682,0.83099914,1.071164,10,589
da02,1706845059491195,7.0636635,0.82813811,1.0752633,8,590
da02,1706845059591108,7.0638428,0.81970072,1.0775013,9,591
da02,1706845059691122,7.0598412,0.833877,1.0779797,9,592
da02,1706845059791148,7.0603251,0.84002215,1.0873859,8,593
da02,1706845059891130,7.0611157,0.84325737,1.0798854,10,594
da02,1706845059991132,7.0611634,0.83186483,1.0675498,10,595
da02,1706845060091122,7.0641141,0.83149922,1.0739905,9,596
da02,1706845060191120,7.068398,0.8192758,1.0808922,9,597
da02,1706845060291117,7.0619063,0.8227036,1.0836469,8,598
da02,1706845060391210,7.0768881,0.83092034,1.068767,12,599
da02,1706845060491220,7.0686994,0.82884645,1.0710733,8,600
da02,1706845060591138,7.0689521,0.83339608,1.0680461,10,601
da02,1706845060691239,7.0642323,0.832563,1.075812,8,602
da02,1706845060791273,7.0802279,0.83223075,1.07695,11,603
da02,1706845060891141,7.0983219,0.8361643,1.0790744,12,604
da02,1706845060991278,7.0953937,0.83817923,1.0753092,10,605
da02,1706845061091267,7.0813942,0.83549786,1.0652667,9,606
da02,1706845061191177,7.0640788,0.83222419,1.0629716,8,607
da02,1706845061291178,7.0660257,0.82541949,1.06736,9,608
da02,1706845061391194,7.0596824,0.83110362,1.0659468,9,609
da02,1706845061491155,7.0572619,0.83196163,1.0746042,8,610
da02,1706845061591129,7.0521307,0.84796345,1.0692723,9,611
da02,1706845061691126,7.0579228,0.85510832,1.0777069,9,612
da02,1706845061791130,7.0681729,0.8493911,1.0826864,10,613
da02,1706845061891112,7.06098,0.84489918,1.0863401,8,614
da02,1706845061991165,7.0606508,0.83460397,1.0716867,10,615
da02,1706845062091203,7.0511456,0.83453554,1.0730985,8,616
da02,1706845062191095,7.0489516,0.83529234,1.0743626,8,617
da02,1706845062291142,7.0617476,0.84204096,1.0724449,11,618
da02,1706845062391219,7.0649495,0.83877736,1.0749161,9,619
da02,1706845062491081,7.0780687,0.8395586,1.0651479,12,620
da02,1706845062591134,7.0721984,0.83718723,1.0771536,8,621
da02,1706845062691178,7.0716767,0.83288056,1.0780102,9,622
da02,1706845062791105,7.0797396,0.8294794,1.066468,11,623
da02,1706845062891066,7.0707393,0.83342779,1.0635715,9,624
da02,1706845062991194,7.0777645,0.83652484,1.0656047,11,625
da02,1706845063091162,7.0754189,0.83497721,1.0728168,9,626
da02,1706845063191150,7.0697041,0.84312534,1.073411,9,627
da02,1706845063291184,7.0800648,0.84308225,1.0745531,11,628
da02,1706845063391228,7.0896091,0.82811338,1.0716144,11,629
da02,1706845063491130,7.0866318,0.82646477,1.0760319,9,630
da02,1706845063591129,7.0885329,0.83128524,1.0752201,10,631
da02,1706845063691139,7.0849032,0.83970612,1.0723612,10,632
da02,1706845063791161,7.0715437,0.84286529,1.0744715,8,633
da02,1706845063892769,7.0620513,0.83593422,1.0703954,8,634
da02,1706845063991176,7.0610328,0.830395,1.0744953,8,635
da02,1706845064091211,7.0672927,0.8416214,1.0782989,10,636
da02,1706845064191175,7.0713887,0.83847821,1.08254,9,637
da02,1706845064291258,7.0560722,0.840487,1.0728912,8,638
da02,1706845064391251,7.0556517,0.84238869,1.0768193,9,639
da02,1706845064491184,7.0698614,0.83988714,1.0888082,10,640
da02,1706845064591259,7.0743313,0.8473233,1.0820994,10,641
da02,1706845064691239,7.0568051,0.84520227,1.0748998,8,642
da02,1706845064791134,7.0605836,0.83519685,1.0687506,10,643
da02,1706845064891141,7.067359,0.84373593,1.0746567,10,644
da02,1706845064991255,7.06948,0.8441698,1.0752923,10,645
da02,1706845065091181,7.0622606,0.84624654,1.0760698,8,646
da02,1706845065191242,7.0751543,0.85253638,1.0736856,11,647
da02,1706845065291238,7.0671821,0.85845035,1.0792336,8,648
da02,1706845065391336,7.0578103,0.86064625,1.0797104,8,649
da02,1706845065491236,7.058145,0.85415226,1.0843396,8,650
da02,1706845065591214,7.0632505,0.85680562,1.0865251,9,651
da02,1706845065691116,7.0622172,0.85247445,1.078426,9,652
da02,1706845065791277,7.0641546,0.84658545,1.0796849,9,653
da02,1706845065891286,7.07095,0.84260821,1.081975,10,654
da02,1706845065991208,7.0767422,0.84565806,1.076629,11,655
da02,1706845066091273,7.0738168,0.84477419,1.0873413,8,656
da02,1706845066191269,7.0667105,0.84336537,1.0837024,9,657
da02,1706845066291680,7.063623,0.84358525,1.0693928,10,658
da02,1706845066391296,7.0696058,0.82915521,1.0634742,10,659
da02,1706845066491218,7.0600705,0.83495212,1.0678061,8,660
da02,1706845066591286,7.0681047,0.82041138,1.068863,10,661
da02,1706845066691246,7.0692763,0.82639039,1.060915,10,662
da02,1706845066791250,7.06972,0.83452427,1.0625854,10,663
da02,1706845066891171,7.0789251,0.83779275,1.059503,11,664
da02,1706845066991289,7.0759535,0.83411336,1.0588899,10,665
da02,1706845067091316,7.0810266,0.82541257,1.0711784,9,666
da02,1706845067191150,7.0775547,0.82253766,1.0745064,9,667
da02,1706845067291175,7.0849576,0.818688,1.069003,11,668
da02,1706845067391255,7.0714736,0.83275962,1.0662158,9,669
da02,1706845067491148,7.0679188,0.83918869,1.0750355,8,670
da02,1706845067591149,7.0596766,0.83507568,1.0687844,9,671
da02,1706845067691260,7.0717187,0.84114224,1.0700945,11,672
da02,1706845067791128,7.0677767,0.84253287,1.0719646,9,673
da02,1706845067891156,7.0695353,0.83583754,1.0659208,10,674
da02,1706845067991168,7.0680962,0.83564603,1.0623262,10,675
da02,1706845068091140,7.0727386,0.83550435,1.0695968,10,676
da02,1706845068191136,7.0829759,0.84328467,1.079846,10,677
da02,1706845068291407,7.0767312,0.83477306,1.085024,8,678
da02,1706845068392424,7.0775313,0.84526348,1.0854249,10,679
da02,1706845068491238,7.0749054,0.83968842,1.0821158,9,680
da02,1706845068591259,7.06461,0.8301124,1.0902647,7,681
da02,1706845068691194,7.0463147,0.83761489,1.0734347,8,682
da02,1706845068791154,7.041513,0.8378787,1.0820991,8,683
da02,1706845068891286,7.0425868,0.83150113,1.073833,9,684
da02,1706845068991168,7.0436459,0.83422357,1.0673935,9,685
da02,1706845069091154,7.052351,0.84415448,1.0669682,10,686
da02,1706845069191822,7.0729542,0.83046943,1.075478,11,687
da02,1706845069291136,7.0706015,0.83394748,1.0626589,10,688
da02,1706845069391122,7.0710421,0.84312248,1.0698795,9,689
da02,1706845069491209,7.0602145,0.85513586,1.0697544,8,690
da02,1706845069591131,7.0456619,0.86149186,1.0679598,8,691
da02,1706845069691136,7.0484157,0.84659064,1.0667777,9,692
da02,1706845069791242,7.0527353,0.83653659,1.073238,9,693
da02,1706845069891149,7.06027,0.823818,1.0741649,9,694
da02,1706845069991204,7.0595913,0.82811403,1.0681101,9,695
da02,1706845070091318,7.0597711,0.83513552,1.0595516,10,696
da02,1706845070191134,7.0664768,0.8362385,1.0678831,10,697
da02,1706845070291191,7.0541015,0.82937032,1.0711578,7,698
da02,1706845070391190,7.0646391,0.82640022,1.0666727,11,699
da02,1706845070491448,7.0627956,0.83452046,1.0639614,9,700
da02,1706845070591217,7.0631194,0.82897824,1.0704303,9,701
da02,1706845070691206,7.0652466,0.82751954,1.0668039,10,702
da02,1706845070791180,7.060699,0.826798,1.0569084,9,703
da02,1706845070891176,7.0831914,0.811506,1.0627853,12,704
da02,1706845070991185,7.0733542,0.81876159,1.0680414,8,705
da02,1706845071091182,7.07867,0.81877303,1.070837,10,706
da02,1706845071191178,7.0742626,0.81793761,1.0697001,9,707
da02,1706845071291210,7.0850744,0.82162356,1.0680524,11,708
da02,1706845071391186,7.0925064,0.81960529,1.055429,12,709
da02,1706845071491182,7.0829587,0.82791072,1.0564908,9,710
da02,1706845071591332,7.0755758,0.82438052,1.0605659,9,711
da02,1706845071691213,7.0795212,0.82712227,1.0604272,10,712
da02,1706845071791157,7.072185,0.82675904,1.0659312,8,713
da02,1706845071891204,7.0789623,0.82366771,1.0686281,10,714
da02,1706845071991166,7.0839543,0.82694566,1.0724514,10,715
da02,1706845072091186,7.0769486,0.83185774,1.0775374,9,716
da02,1706845072191244,7.0724726,0.83488208,1.0720494,9,717
da02,1706845072291250,7.0675845,0.83744437,1.0747694,9,718
da02,1706845072391193,7.0620642,0.83558249,1.0811512,8,719
da02,1706845072491238,7.0541019,0.83565086,1.0823492,8,720
da02,1706845072591228,7.0529737,0.84215993,1.0777158,9,721
da02,1706845072691164,7.0538034,0.83767927,1.0796536,9,722
da02,1706845072791252,7.0608521,0.83699644,1.0866716,9,723
da02,1706845072891211,7.0559287,0.83194572,1.077907,9,724
da02,1706845072991194,7.0624056,0.83720052,1.0792416,10,725
da02,1706845073091218,7.0494642,0.83276,1.0720543,8,726
da02,1706845073191192,7.0622444,0.83347583,1.0647324,11,727
da02,1706845073291186,7.1970696,0.83537221,1.0431646,67,728
da02,1706845073391282,7.1489782,0.83056372,1.0515065,7,729
da02,1706845073491183,7.1373539,0.82240093,1.062638,10,730
da02,1706845073591202,7.1241779,0.81061667,1.0590607,10,731
da02,1706845073691297,7.1164327,0.81194043,1.0589188,10,732
da02,1706845073791198,7.1165152,0.8051489,1.0550822,11,733
da02,1706845073891216,7.1005082,0.82183141,1.0643041,9,734
da02,1706845073991283,7.084867,0.82350945,1.067337,8,735
da02,1706845074091490,7.0807424,0.82641709,1.0631059,10,736
da02,1706845074191267,7.0723076,0.82813323,1.0624131,9,737
da02,1706845074291266,7.0743666,0.829091,1.0723221,9,738
da02,1706845074391194,7.0680175,0.84618855,1.0694476,9,739
da02,1706845074491172,7.0673461,0.84070516,1.0804776,8,740
da02,1706845074591183,7.0794544,0.84246349,1.072401,12,741
da02,1706845074691208,7.0745,0.83383727,1.0691217,9,742
da02,1706845074791178,7.0841265,0.83244056,1.0637493,11,743
da02,1706845074891203,7.09011,0.83581918,1.065205,11,744
da02,1706845074991211,7.0841432,0.84492111,1.0672175,10,745
da02,1706845075091178,7.0684671,0.83704722,1.0669063,8,746
da02,1706845075191172,7.0600605,0.83567661,1.0671966,8,747
da02,1706845075291226,7.0489593,0.82593483,1.0723441,7,748
da02,1706845075391259,7.0417151,0.82203561,1.073149,7,749
da02,1706845075491314,7.0564857,0.82210851,1.0607253,11,750
da02,1706845075591376,7.0545177,0.819969,1.0792557,7,751
da02,1706845075691290,7.0534124,0.8225736,1.0728282,9,752
da02,1706845075791264,7.0497613,0.81056041,1.073331,8,753
da02,1706845075891234,7.0586948,0.81146693,1.0749965,10,754
da02,1706845075991444,7.0571165,0.80457574,1.0672022,9,755
da02,1706845076091340,7.05009,0.80720031,1.0652432,8,756
da02,1706845076191290,7.0443931,0.81179225,1.06344,8,757
da02,1706845076291324,7.0638456,0.81591278,1.0627402,11,758
da02,1706845076391331,7.0483842,0.81108171,1.066141,7,759
da02,1706845076491255,7.0361524,0.82136053,1.0643445,8,760
da02,1706845076591241,7.0389657,0.81764257,1.0574391,9,761
da02,1706845076691548,7.043334,0.8170504,1.063729,9,762
da02,1706845076791234,7.1915994,0.68375272,1.4691792,71,763
da02,1706845076891228,7.1502442,0.7128461,1.3632406,8,764
da02,1706845076991308,7.12446,0.74064255,1.298189,8,765
da02,1706845077091232,7.1116529,0.75974333,1.242098,9,766
da02,1706845077191202,7.0882754,0.77725405,1.2008506,7,767
da02,1706845077291834,7.0818558,0.78644836,1.1644765,9,768
da02,1706845077391249,7.09151,0.7961064,1.1484394,11,769
da02,1706845077491195,7.0807476,0.806177,1.1240307,9,770
da02,1706845077591322,7.0810738,0.814525,1.1127249,10,771
da02,1706845077691197,7.0782533,0.8205021,1.0909998,10,772
da02,1706845077791237,7.0669389,0.82811958,1.0856869,8,773
da02,1706845077891285,7.0624537,0.82112169,1.0892853,8,774
da02,1706845077991248,7.0732517,0.8168565,1.0824534,11,775
da02,1706845078091206,7.0852118,0.813356,1.0738388,11,776
da02,1706845078191223,7.0829339,0.81575459,1.0804452,9,777
da02,1706845078291243,7.0724177,0.82049906,1.0746658,9,778
da02,1706845078391236,7.0552363,0.81189352,1.075441,7,779
da02,1706845078491254,7.056848,0.70786339,1.0422515,70,780
da02,1706845078591268,7.0464897,0.73240227,1.0429525,8,781
da02,1706845078691195,7.0426989,0.76458603,1.0569859,8,782
da02,1706845078791280,7.04177,0.7880187,1.0654811,8,783
da02,1706845078891227,7.0489,0.79381168,1.0609868,10,784
da02,1706845078991276,7.0558014,0.79670227,1.0542715,10,785
da02,1706845079091232,7.0606065,0.79806662,1.0553766,10,786
da02,1706845079191318,7.0598259,0.809919,1.0543833,9,787
da02,1706845079293350,7.0528736,0.81160408,1.0542839,8,788
da02,1706845079391280,7.0571914,0.81374604,1.0532918,10,789
da02,1706845079491290,7.0607643,0.81833619,1.0546662,10,790
da02,1706845079591272,7.055954,0.81232774,1.0521674,9,791
da02,1706845079691236,7.0622234,0.80826849,1.0655658,9,792
da02,1706845079791257,7.0604739,0.82904881,1.0685582,9,793
da02,1706845079891307,7.0794287,0.82440358,1.0681669,12,794
da02,1706845079991294,7.0720897,0.82581866,1.0759025,8,795
da02,1706845080091323,7.0724354,0.82028109,1.070551,10,796
da02,1706845080191268,7.069943,0.8199138,1.059557,10,797
da02,1706845080291281,7.0695167,0.82475382,1.069015,9,798
da02,1706845080391311,7.0731835,0.8179819,1.073084,9,799
da02,1706845080491301,7.0709705,0.80870694,1.0862039,8,800
da02,1706845080591252,7.0679989,0.8164413,1.0744016,10,801
da02,1706845080691297,7.0706406,0.82852244,1.0790715,9,802
da02,1706845080791289,7.0711503,0.83232671,1.0875449,9,803
da02,1706845080891252,7.0739202,0.83196151,1.07707,10,804
da02,1706845080991316,7.0607166,0.83184761,1.0719278,8,805
da02,1706845081091368,7.0581851,0.82129806,1.0831163,7,806
da02,1706845081191296,7.057694,0.82315224,1.0840659,9,807
da02,1706845081291374,7.0626354,0.82723927,1.0830303,10,808
da02,1706845081391329,7.0648837,0.82621533,1.076254,10,809
da02,1706845081491275,7.0885096,0.82693738,1.0628721,14,810
da02,1706845081591413,7.0873351,0.82636458,1.0668166,10,811
da02,1706845081691326,7.1022553,0.82317418,1.0677712,12,812
da02,1706845081791337,7.0935392,0.81750995,1.0671129,9,813
da02,1706845081891275,7.0960073,0.82575285,1.0645783,11,814
da02,1706845081991246,7.08333,0.83025259,1.063199,9,815
da02,1706845082091289,7.0669727,0.8324489,1.0597994,8,816
da02,1706845082191261,7.0734162,0.83515161,1.0503043,11,817
da02,1706845082291248,7.0595436,0.83716619,1.0581032,8,818
da02,1706845082391256,7.051971,0.827178,1.0532459,8,819
da02,1706845082491234,7.0563869,0.833227,1.0588385,9,820
da02,1706845082591227,7.0524697,0.835754,1.0706104,8,821
da02,1706845082691356,7.0626187,0.83310282,1.0607512,11,822
da02,1706845082791245,7.0652342,0.83142716,1.0533983,10,823
da02,1706845082891263,7.0665164,0.82524425,1.0515765,10,824
da02,1706845082991348,7.0615292,0.8338927,1.0635978,8,825
da02,1706845083091258,7.0564785,0.82734162,1.0636836,8,826
da02,1706845083191260,7.050436,0.82017422,1.0598648,8,827
da02,1706845083291385,7.0454679,0.81852037,1.0607857,8,828
da02,1706845083391253,7.0418878,0.80827463,1.0587239,8,829
da02,1706845083491273,7.0431385,0.81556743,1.070902,8,830
da02,1706845083591290,7.0545063,0.81566519,1.0643005,10,831
da02,1706845083691257,7.0564156,0.82201648,1.0604267,10,832
da02,1706845083791252,7.052711,0.81396121,1.0561473,9,833
da02,1706845083891279,7.041656,0.82467026,1.0565953,8,834
da02,1706845083991276,7.0392351,0.8237583,1.0600901,8,835
da02,1706845084091249,7.045742,0.82729393,1.0631511,9,836
da02,1706845084191316,7.0526209,0.82359236,1.0692515,9,837
da02,1706845084291296,7.0544653,0.83727068,1.0660698,10,838
da02,1706845084391268,7.0621142,0.83707821,1.075152,9,839
da02,1706845084491286,7.0629196,0.83616531,1.0740839,9,840
da02,1706845084591299,7.0566716,0.83429074,1.0708755,8,841
da02,1706845084691280,7.056282,0.82659578,1.0641412,9,842
da02,1706845084791323,7.0486412,0.82775277,1.0733435,8,843
da02,1706845084891362,7.0584164,0.8382225,1.0705009,10,844
da02,1706845084991329,7.0755005,0.83687246,1.0681398,12,845
da02,1706845085091284,7.0595856,0.83773708,1.0665691,8,846
da02,1706845085191356,7.0525737,0.84027219,1.0697553,8,847
da02,1706845085291348,7.0553279,0.83998948,1.0807624,8,848
da02,1706845085391258,7.0445476,0.83553183,1.082199,8,849
da02,1706845085491303,7.0562773,0.83321977,1.0797119,10,850
da02,1706845085591328,7.0604124,0.83591932,1.0766197,10,851
da02,1706845085691318,7.0562258,0.83937562,1.0715523,9,852
da02,1706845085791387,7.0715575,0.83773184,1.0656713,12,853
da02,1706845085891364,7.0645485,0.8429684,1.0640818,9,854
da02,1706845085991281,7.0653625,0.8487317,1.0746652,9,855
da02,1706845086091356,7.0626945,0.84412932,1.0728842,9,856
da02,1706845086191344,7.0554557,0.83460826,1.072291,8,857
da02,1706845086297245,7.0549059,0.83162445,1.0769259,8,858
da02,1706845086391418,7.0582714,0.83250332,1.0702976,10,859
da02,1706845086491334,7.0686049,0.8246823,1.0595627,11,860
da02,1706845086591318,7.0548372,0.82703376,1.0684366,8,861
da02,1706845086691382,7.0536561,0.82783896,1.0685036,9,862
da02,1706845086791372,7.0605145,0.82218361,1.0671699,10,863
da02,1706845086891322,7.0550356,0.81366611,1.0663229,8,864
da02,1706845086991405,7.0491357,0.82337213,1.0661347,8,865
da02,1706845087091343,7.0500817,0.82881194,1.0703334,9,866
da02,1706845087191265,7.068069,0.83206451,1.065222,12,867
da02,1706845087291292,7.0645771,0.8405298,1.072574,9,868
da02,1706845087391264,7.0717368,0.83440429,1.0652848,11,869
da02,1706845087491263,7.0894384,0.82922941,1.0593526,12,870
da02,1706845087591326,7.0857997,0.82473683,1.0561116,10,871
da02,1706845087691437,7.0696154,0.82744253,1.0718228,8,872
da02,1706845087791353,7.0784707,0.8317073,1.0687933,11,873
da02,1706845087891302,7.071403,0.82917279,1.0604892,9,874
da02,1706845087991287,7.0780029,0.82587487,1.0597211,11,875
da02,1706845088091297,7.0837255,0.8226493,1.0612462,10,876
da02,1706845088191287,7.085588,0.82803071,1.0654528,10,877
da02,1706845088291858,7.0785689,0.83131671,1.0577935,10,878
da02,1706845088391420,7.0752053,0.83403277,1.0694005,9,879
da02,1706845088491328,7.0723724,0.8319726,1.0755874,9,880
da02,1706845088591362,7.0617423,0.8385253,1.0800369,8,881
da02,1706845088691420,7.0657988,0.83092862,1.0774971,10,882
da02,1706845088791329,7.0679793,0.831619,1.071493,10,883
da02,1706845088891302,7.0687828,0.83621377,1.0697762,10,884
da02,1706845088991370,7.0649438,0.83060783,1.0705299,9,885
da02,1706845089091299,7.061461,0.84018946,1.0744609,9,886
da02,1706845089191324,7.0698175,0.83149827,1.0708183,10,887
da02,1706845089291421,7.0714331,0.82827789,1.0702403,10,888
da02,1706845089391376,7.0736656,0.83370966,1.0720705,10,889
da02,1706845089491314,7.0660048,0.82457882,1.0703894,8,890
da02,1706845089591380,7.0608144,0.83042389,1.0755322,8,891
da02,1706845089691306,7.0654006,0.82894444,1.080382,9,892
da02,1706845089791252,7.0730524,0.82827616,1.081862,10,893
da02,1706845089891294,7.0657849,0.8291319,1.0778196,9,894
da02,1706845089991268,7.0768309,0.82736927,1.0749983,11,895
da02,1706845090091256,7.0632987,0.82799011,1.0752188,8,896
da02,1706845090191307,7.0664225,0.830072,1.0863858,9,897
da02,1706845090291359,7.0618668,0.83605194,1.08656,8,898
da02,1706845090391305,7.0745888,0.836286,1.0851002,11,899
da02,1706845090491342,7.0800443,0.82937151,1.0726664,11,900
da02,1706845090591309,7.0870762,0.83251262,1.060213,12,901
da02,1706845090691322,7.0743704,0.83295292,1.075022,8,902
da02,1706845090791430,7.061841,0.83177626,1.0800915,7,903
da02,1706845090891351,7.0604615,0.82875443,1.0848747,8,904
da02,1706845090991340,7.0531912,0.81254292,1.0795678,8,905
da02,1706845091091348,7.06627,0.81152797,1.0792861,10,906
da02,1706845091191345,7.066699,0.6808697,1.0567513,70,907
da02,1706845091291316,7.0595546,0.71438736,1.068199,7,908
da02,1706845091391375,7.0661788,0.7314859,1.0649519,10,909
da02,1706845091491315,7.065999,0.75479829,1.0581528,10,910
da02,1706845091591277,7.0692854,0.77336246,1.0639162,9,911
da02,1706845091691316,7.06828,0.78952956,1.0622309,10,912
da02,1706845091791357,7.069355,0.80646896,1.0684209,9,913
da02,1706845091891314,7.0563326,0.80253041,1.0739621,7,914
da02,1706845091991336,7.0654626,0.81150872,1.0681067,11,915
da02,1706845092091330,7.0574412,0.81575072,1.0704889,8,916
da02,1706845092191258,7.0570531,0.82344013,1.0798781,8,917
da02,1706845092291647,7.0663333,0.83024955,1.0671334,11,918
da02,1706845092391268,7.0792041,0.821848,1.0746137,10,919
da02,1706845092491310,7.065712,0.83098841,1.071983,8,920
da02,1706845092591307,7.0669918,0.84131509,1.0720174,10,921
da02,1706845092691329,7.0589714,0.83770692,1.078275,8,922
da02,1706845092791286,7.064374,0.83743024,1.0769936,10,923
da02,1706845092891306,7.0745468,0.83805132,1.0760874,11,924
da02,1706845092991339,7.07951,0.83659822,1.0779524,10,925
da02,1706845093091380,7.0879021,0.83339053,1.0700171,11,926
da02,1706845093191283,7.0808721,0.82478434,1.0666392,9,927
da02,1706845093291319,7.0797458,0.82214737,1.0629747,10,928
da02,1706845093391354,7.0761924,0.82167214,1.056317,10,929
da02,1706845093491328,7.0780606,0.82465357,1.062624,10,930
da02,1706845093591329,7.0813613,0.82727718,1.0695443,10,931
da02,1706845093691326,7.0946383,0.82454282,1.0757467,11,932
da02,1706845093791360,7.0836339,0.81811464,1.0715132,9,933
da02,1706845093891322,7.0716166,0.8102057,1.0747133,8,934
da02,1706845093991378,7.0667171,0.80926,1.0687007,9,935
da02,1706845094091366,7.0748024,0.8150456,1.0683575,11,936
da02,1706845094191343,7.076714,0.81563604,1.0616163,10,937
da02,1706845094291323,7.0808053,0.816803,1.0649672,10,938
da02,1706845094391335,7.0731826,0.81683439,1.0610448,9,939
da02,1706845094491345,7.0544381,0.82370943,1.0701921,8,940
da02,1706845094591349,7.0569463,0.83955312,1.0710633,10,941
da02,1706845094693010,7.0567651,0.83684355,1.0750262,9,942
da02,1706845094791387,7.0482955,0.83055329,1.0890511,8,943
da02,1706845094891354,7.0674148,0.83819693,1.0832032,12,944
da02,1706845094991358,7.0730658,0.8333323,1.0824814,10,945
da02,1706845095091340,7.073041,0.83259982,1.0851892,9,946
da02,1706845095191349,7.0773768,0.82468939,1.0750228,10,947
da02,1706845095291377,7.0775971,0.816055,1.0723509,10,948
da02,1706845095391341,7.0643334,0.81464237,1.072848,8,949
da02,1706845095491342,7.0574994,0.83257687,1.0824698,8,950
da02,1706845095591333,7.0582695,0.83508128,1.0730082,10,951
da02,1706845095691333,7.0656915,0.84037429,1.0691271,10,952
da02,1706845095791313,7.0684495,0.82824618,1.0593525,10,953
da02,1706845095891431,7.0642347,0.82949042,1.0630997,9,954
da02,1706845095991469,7.0593796,0.84082443,1.0685195,9,955
da02,1706845096091436,7.065073,0.83942068,1.0669395,10,956
da02,1706845096191436,7.0597658,0.8396976,1.0711571,8,957
da02,1706845096291428,7.06072,0.84069103,1.0783737,9,958
da02,1706845096391306,7.0528631,0.8297323,1.0836041,7,959
da02,1706845096491379,7.0495577,0.82341409,1.0962987,7,960
da02,1706845096591405,7.0527768,0.82334632,1.0829912,10,961
da02,1706845096691399,7.0464811,0.81941086,1.0753379,8,962
da02,1706845096791474,7.0431867,0.82279676,1.0762752,8,963
da02,1706845096891420,7.046133,0.82016939,1.0764524,9,964
da02,1706845096991391,7.0466604,0.82758009,1.0711344,9,965
da02,1706845097091333,7.0513239,0.82911134,1.0635023,10,966
da02,1706845097191381,7.0576477,0.82096165,1.0517175,11,967
da02,1706845097291344,7.0626802,0.82117814,1.0497632,10,968
da02,1706845097391431,7.0439472,0.8239885,1.0564038,8,969
da02,1706845097491396,7.0367289,0.82613844,1.0671138,8,970
da02,1706845097591414,7.0422897,0.83171052,1.0645981,9,971
da02,1706845097691350,7.0468621,0.83443153,1.0596044,10,972
da02,1706845097791357,7.0529776,0.83605731,1.0639169,9,973
da02,1706845097891416,7.0484462,0.83490515,1.068756,8,974
da02,1706845097991345,7.0373726,0.83808476,1.0694329,8,975
da02,1706845098091360,7.050643,0.82651222,1.0700516,10,976
da02,1706845098191418,7.0422091,0.82213235,1.0651948,8,977
da02,1706845098291416,7.0552392,0.82577688,1.0701479,10,978
da02,1706845098391370,7.0536246,0.82272935,1.078697,8,979
da02,1706845098491436,7.063405,0.82786191,1.0644774,11,980
da02,1706845098591348,7.0530071,0.84072,1.0638069,8,981
da02,1706845098691424,7.0579348,0.84274036,1.0574867,10,982
da02,1706845098791430,7.0599055,0.83254063,1.0621306,9,983
da02,1706845098891345,7.064312,0.83316272,1.0662133,10,984
da02,1706845098991364,7.0740891,0.832938,1.0775915,10,985
da02,1706845099091437,7.05863,0.82914907,1.0756571,7,986
da02,1706845099191380,7.064136,0.82989329,1.0746671,10,987
da02,1706845099291900,7.0723548,0.83529907,1.0846418,10,988
da02,1706845099391393,7.0646706,0.82389677,1.0780834,8,989
da02,1706845099491367,7.0701475,0.82894903,1.0783553,10,990
da02,1706845099591362,7.0735545,0.82901752,1.0750041,10,991
da02,1706845099691361,7.07556,0.83949322,1.0747708,10,992
da02,1706845099791435,7.0741334,0.83914471,1.0700897,10,993
da02,1706845099891326,7.0649171,0.82336366,1.0702283,8,994
da02,1706845099991356,7.0692444,0.82520574,1.0678602,10,995
da02,1706845100091356,7.0676188,0.82016528,1.0640347,9,996
da02,1706845100191357,7.0636458,0.82122046,1.0621005,9,997
da02,1706845100291366,7.0616593,0.80773056,1.0623933,9,998
da02,1706845100391362,7.0607753,0.80699837,1.067786,8,999
da02,1706845100491349,7.0536137,0.80708683,1.0788234,7,1000
da02,1706845100591397,7.0417104,0.81236547,1.0765653,8,1001
da02,1706845100691387,7.0551829,0.82371366,1.073992,11,1002
da02,1706845100791611,7.0530834,0.82946151,1.0716716,9,1003
da02,1706845100891346,7.0654206,0.823827,1.074684,10,1004
da02,1706845100991387,7.0529151,0.82046568,1.0714152,7,1005
da02,1706845101091436,7.0593286,0.83063996,1.0575099,11,1006
da02,1706845101191370,7.0751691,0.81991529,1.062674,11,1007
da02,1706845101291544,7.0751429,0.81433225,1.0651073,9,1008
da02,1706845101391514,7.0855017,0.81034684,1.0569893,12,1009
da02,1706845101491432,7.0950317,0.81791449,1.0487367,12,1010
da02,1706845101591485,7.0847573,0.807862,1.0595474,8,1011
da02,1706845101691484,7.0811577,0.80754304,1.0599618,9,1012
da02,1706845101791420,7.0829983,0.81073952,1.0602201,10,1013
da02,1706845101891502,7.0653,0.81253314,1.0588316,8,1014
da02,1706845101991473,7.0626726,0.8146947,1.0678803,8,1015
da02,1706845102091388,7.065671,0.81720281,1.0635647,10,1016
da02,1706845102191462,7.0694218,0.82096308,1.0618141,10,1017
da02,1706845102291374,7.0630121,0.82468385,1.0783906,8,1018
da02,1706845102391417,7.0563574,0.826026,1.0768555,8,1019
da02,1706845102491476,7.0648265,0.81633222,1.0866141,9,1020
da02,1706845102591636,7.0640745,0.82596743,1.0706936,10,1021
da02,1706845102691412,7.0636506,0.82634807,1.067924,9,1022
da02,1706845102791536,7.0716014,0.83642954,1.0682608,11,1023
da02,1706845102891490,7.0643296,0.83447486,1.070007,8,1024
da02,1706845102991371,7.0838118,0.83261985,1.0677117,12,1025
da02,1706845103091471,7.0682049,0.82891685,1.0714321,7,1026
da02,1706845103191403,7.0569406,0.82239681,1.0742059,7,1027
da02,1706845103291422,7.064394,0.82561719,1.0709296,10,1028
da02,1706845103391521,7.0760279,0.83329785,1.0738049,11,1029
da02,1706845103491436,7.0740957,0.83484286,1.0721055,9,1030
da02,1706845103591431,7.0672779,0.83672982,1.066098,9,1031
da02,1706845103691497,7.0547218,0.82754558,1.0615355,8,1032
da02,1706845103791438,7.0538306,0.83566529,1.0669571,9,1033
da02,1706845103891386,7.043489,0.85093522,1.0716603,8,1034
da02,1706845103991396,7.0530577,0.85255742,1.0749309,10,1035
da02,1706845104091380,7.0653415,0.84679306,1.0713527,11,1036
da02,1706845104191345,7.0826383,0.84378284,1.0597029,13,1037
da02,1706845104291431,7.0705719,0.847473,1.0601981,9,1038
da02,1706845104391414,7.0582027,0.84453559,1.0672462,8,1039
da02,1706845104491328,7.0711012,0.84230816,1.0643711,11,1040
da02,1706845104591400,7.07346,0.84085715,1.0703584,9,1041
da02,1706845104691405,7.0744295,0.84161174,1.0769175,9,1042
da02,1706845104791360,7.0624952,0.84758985,1.0831467,8,1043
da02,1706845104891356,7.0643535,0.84409779,1.07601,10,1044
da02,1706845104991398,7.0601273,0.834635,1.0737455,8,1045
da02,1706845105091353,7.0758963,0.83821571,1.0809172,11,1046
da02,1706845105191359,7.0590005,0.84723538,1.0843284,8,1047
da02,1706845105291451,7.0639005,0.85164887,1.0827116,10,1048
da02,1706845105391409,7.0701418,0.86248088,1.0770748,11,1049
da02,1706845105491447,7.080523,0.85093737,1.0676044,11,1050
da02,1706845105591455,7.0931792,0.84301728,1.0797468,11,1051
da02,1706845105691367,7.0782614,0.83597153,1.0895628,7,1052
da02,1706845105791468,7.0846124,0.8350966,1.0837369,11,1053
da02,1706845105891484,7.0761523,0.84591639,1.0737097,10,1054
da02,1706845105991476,7.0761189,0.84242833,1.0772777,9,1055
da02,1706845106091378,7.0752707,0.8439126,1.0789586,9,1056
da02,1706845106191494,7.0739627,0.83904463,1.0797231,9,1057
da02,1706845106291435,7.0675755,0.83946306,1.0766488,9,1058
da02,1706845106391395,7.0709615,0.82975978,1.0767069,9,1059
da02,1706845106491461,7.0741043,0.83181691,1.0820788,9,1060
da02,1706845106591438,7.0709481,0.8198204,1.0832623,8,1061
da02,1706845106691378,7.0725455,0.82583421,1.0865954,9,1062
da02,1706845106791471,7.0635438,0.824648,1.0822903,8,1063
da02,1706845106891447,7.0625176,0.82267773,1.0848231,8,1064
da02,1706845106991518,7.0687089,0.81343246,1.0901349,9,1065
da02,1706845107091466,7.0629616,0.81421554,1.0915884,8,1066
da02,1706845107191475,7.0575275,0.81366533,1.0926192,8,1067
da02,1706845107291513,7.0668182,0.81383008,1.0889145,10,1068
da02,1706845107391517,7.0540276,0.80954993,1.0886326,7,1069
da02,1706845107491484,7.0549312,0.81622726,1.0861806,9,1070
da02,1706845107591548,7.0522995,0.81332034,1.0865072,8,1071
da02,1706845107691422,7.0632782,0.81433767,1.0819578,10,1072
da02,1706845107791415,7.0726757,0.81521195,1.0669825,11,1073
da02,1706845107891599,7.0749626,0.82125223,1.0813488,9,1074
da02,1706845107991468,7.0848255,0.8248632,1.0746872,11,1075
da02,1706845108091507,7.0883389,0.83017135,1.0663819,11,1076
da02,1706845108191420,7.0729737,0.83358836,1.0581539,9,1077
da02,1706845108291570,7.0803146,0.83032548,1.0580564,11,1078
da02,1706845108391629,7.0791507,0.83631682,1.0673881,9,1079
da02,1706845108491437,7.0737848,0.83516067,1.0736825,8,1080
da02,1706845108591482,7.064467,0.83167434,1.0688146,8,1081
da02,1706845108691445,7.0667362,0.82354844,1.0648896,10,1082
da02,1706845108791438,7.0555024,0.83854944,1.0683194,8,1083
da02,1706845108891474,7.0514069,0.841293,1.0694227,8,1084
da02,1706845108991474,7.0529094,0.84222496,1.0801281,8,1085
da02,1706845109091404,7.0516167,0.85192573,1.0765215,9,1086
da02,1706845109191491,7.0579753,0.85554385,1.0758085,10,1087
da02,1706845109291416,7.06448,0.84560126,1.0720249,10,1088
da02,1706845109391390,7.0560927,0.85512239,1.0730624,8,1089
da02,1706845109491477,7.0602384,0.85457963,1.0723708,10,1090
da02,1706845109591969,7.0615788,0.84478712,1.0743512,9,1091
da02,1706845109691386,7.0718584,0.852786,1.0874873,10,1092
da02,1706845109791493,7.0681963,0.85535026,1.0875537,9,1093
da02,1706845109891455,7.0609555,0.85169554,1.0793152,9,1094
da02,1706845109991957,7.0647764,0.84340471,1.0803986,9,1095
da02,1706845110093056,7.0577531,0.835582,1.0769327,8,1096
da02,1706845110191498,7.0554914,0.83235949,1.0769027,8,1097
da02,1706845110292018,7.0595326,0.82900691,1.0637627,10,1098
da02,1706845110391466,7.0541334,0.82886666,1.0707345,8,1099
da02,1706845110491407,7.0585217,0.82628709,1.0704581,9,1100
da02,1706845110591587,7.0552564,0.82835376,1.0744762,8,1101
da02,1706845110691429,7.0589156,0.82961345,1.0770862,9,1102
da02,1706845110791412,7.067153,0.82319611,1.0703402,10,1103
da02,1706845110891428,7.066237,0.83063787,1.067101,10,1104
da02,1706845110991440,7.0856791,0.82036728,1.075073,11,1105
da02,1706845111091433,7.0753388,0.81762415,1.0671687,9,1106
da02,1706845111191452,7.0747633,0.82086676,1.0661216,10,1107
da02,1706845111291442,7.0748844,0.81283855,1.0594708,10,1108
da02,1706845111391454,7.0660162,0.81753689,1.0613219,8,1109
da02,1706845111491539,7.0796576,0.81943494,1.0672897,11,1110
da02,1706845111591429,7.0919967,0.81003976,1.0667082,11,1111
da02,1706845111691390,7.0857544,0.81327063,1.0680783,9,1112
da02,1706845111791556,7.0860167,0.81535369,1.0766147,9,1113
da02,1706845111891446,7.07093,0.81940842,1.0712832,8,1114
da02,1706845111991420,7.0786791,0.82525969,1.0734893,10,1115
da02,1706845112091510,7.0765991,0.82059133,1.0704181,9,1116
da02,1706845112191440,7.0756173,0.82871842,1.0665958,10,1117
da02,1706845112291388,7.0816827,0.84041578,1.0715538,10,1118
da02,1706845112391541,7.0710344,0.84273118,1.0680476,9,1119
da02,1706845112491441,7.0688825,0.83661562,1.0766006,8,1120
da02,1706845112591406,7.0774426,0.844543,1.0731835,11,1121
da02,1706845112691536,7.0924926,0.8367601,1.0768116,11,1122
da02,1706845112791445,7.0772357,0.8406558,1.0778091,8,1123
da02,1706845112891395,7.0675583,0.82864624,1.0746448,8,1124
da02,1706845112991535,7.06432,0.83021855,1.0694407,9,1125
da02,1706845113091437,7.0654058,0.826933,1.0670362,9,1126
da02,1706845113191441,7.0759706,0.83841175,1.0661232,11,1127
da02,1706845113291594,7.0786443,0.83757865,1.0724446,10,1128
da02,1706845113391456,7.0650821,0.83197033,1.0656888,8,1129
da02,1706845113491462,7.0748296,0.82196331,1.0739802,10,1130
da02,1706845113591539,7.0545139,0.827608,1.0725721,8,1131
da02,1706845113691454,7.0616522,0.83921,1.0705752,10,1132
da02,1706845113791428,7.0637488,0.8355177,1.0734355,9,1133
da02,1706845113892237,7.0596924,0.8270762,1.0714657,8,1134
da02,1706845113991555,7.0612292,0.81965542,1.0760516,9,1135
da02,1706845114091417,7.0656109,0.8287704,1.0719594,10,1136
da02,1706845114191528,7.0552349,0.83090168,1.0747142,8,1137
da02,1706845114291444,7.0566688,0.82699537,1.0801909,8,1138
da02,1706845114391481,7.0659595,0.83840632,1.0767908,11,1139
da02,1706845114491504,7.0672216,0.84233969,1.0855355,9,1140
da02,1706845114591508,7.087893,0.84119844,1.0747731,13,1141
da02,1706845114691389,7.0773935,0.83281463,1.0755587,8,1142
da02,1706845114791498,7.089745,0.82941961,1.0784035,11,1143
da02,1706845114891441,7.1025381,0.826991,1.068489,12,1144
da02,1706845114991420,7.089355,0.83231604,1.0662068,9,1145
da02,1706845115091463,7.0792961,0.82315683,1.0705315,8,1146
da02,1706845115191532,7.0762858,0.81976938,1.0661033,10,1147
da02,1706845115291517,7.0759439,0.81646967,1.0683767,9,1148
da02,1706845115391474,7.0680976,0.81023312,1.0570061,9,1149
da02,1706845115491530,7.0736685,0.806748,1.0610762,10,1150
da02,1706845115591522,7.0733838,0.82052928,1.0641283,10,1151
da02,1706845115691425,7.0627384,0.83842832,1.0794276,8,1152
da02,1706845115791513,7.0684462,0.83011127,1.082646,9,1153
da02,1706845115891516,7.0697026,0.82350057,1.0756087,10,1154
da02,1706845115991464,7.0704093,0.8330937,1.0750277,10,1155
da02,1706845116091510,7.0630603,0.83126259,1.0698839,9,1156
da02,1706845116191476,7.0559244,0.83584946,1.0670922,9,1157
da02,1706845116291552,7.0702028,0.83280057,1.0656395,11,1158
da02,1706845116391515,7.06593,0.8325066,1.0726635,8,1159
da02,1706845116491522,7.0745034,0.83887488,1.0670131,11,1160
da02,1706845116591586,7.0704846,0.82592553,1.0585482,9,1161
da02,1706845116691553,7.0709915,0.83148241,1.0763463,8,1162
da02,1706845116791557,7.0560608,0.84362376,1.0876091,9,1163
da02,1706845116891485,7.065918,0.84823972,1.0864434,10,1164
da02,1706845116991576,7.05587,0.84400856,1.0862576,7,1165
da02,1706845117091513,7.0531063,0.85171306,1.0858879,9,1166
da02,1706845117191436,7.0539031,0.8448441,1.0857826,9,1167
da02,1706845117291521,7.0552068,0.8435033,1.0778692,9,1168
da02,1706845117391510,7.0742126,0.84194475,1.0775485,12,1169
da02,1706845117491430,7.0651217,0.8385396,1.0887036,8,1170
da02,1706845117591523,7.0716982,0.83662218,1.0811698,10,1171
da02,1706845117691508,7.0564022,0.83562231,1.0821847,8,1172
da02,1706845117791491,7.0672688,0.820187,1.0814819,10,1173
da02,1706845117891535,7.0615392,0.81743175,1.0795424,8,1174
da02,1706845117991512,7.0575848,0.817215,1.083644,8,1175
da02,1706845118091435,7.0568042,0.82381839,1.0845129,9,1176
da02,1706845118191488,7.0666027,0.82557136,1.0815363,10,1177
da02,1706845118291523,7.0613179,0.82784468,1.078984,9,1178
da02,1706845118391436,7.0619531,0.828498,1.0755485,9,1179
da02,1706845118491467,7.064322,0.82708466,1.0858159,8,1180
da02,1706845118591556,7.0683761,0.82943952,1.0864421,9,1181
da02,1706845118691496,7.0648823,0.83413309,1.0831785,9,1182
da02,1706845118791520,7.0658641,0.82762361,1.0766367,9,1183
da02,1706845118891562,7.0641222,0.83387369,1.0797104,9,1184
da02,1706845118991525,7.0689273,0.83941579,1.0782191,10,1185
da02,1706845119091503,7.0742359,0.83086908,1.0814631,9,1186
da02,1706845119191549,7.0681148,0.83630466,1.0801071,9,1187
da02,1706845119291565,7.0757866,0.69515777,1.0576619,70,1188
da02,1706845119391461,7.077467,0.7234028,1.0642189,9,1189
da02,1706845119491596,7.0874414,0.75295883,1.0646672,11,1190
da02,1706845119591528,7.0800791,0.76824242,1.0588478,9,1191
da02,1706845119691491,7.0840583,0.78388941,1.0622876,10,1192
da02,1706845119791539,7.0766587,0.7988888,1.0608994,9,1193
da02,1706845119891463,7.0667014,0.79994816,1.0616072,8,1194
da02,1706845119991460,7.0626087,0.80416232,1.0623083,9,1195
da02,1706845120091533,7.0677676,0.81707972,1.0727725,9,1196
da02,1706845120191494,7.0727787,0.82910359,1.0696963,10,1197
da02,1706845120291450,7.0652852,0.82449567,1.0696559,8,1198
da02,1706845120391547,7.0553212,0.83064467,1.0789644,8,1199
da02,1706845120491512,7.0583282,0.70589411,1.050162,70,1200
da02,1706845120591690,7.0631537,0.73708642,1.0530872,10,1201
da02,1706845120691510,7.0686126,0.76305628,1.0657849,9,1202
da02,1706845120791559,7.0685377,0.77986115,1.0767562,8,1203
da02,1706845120891513,7.0757632,0.79449135,1.0737119,11,1204
da02,1706845120991551,7.067975,0.79371458,1.0647728,9,1205
da02,1706845121091451,7.0627131,0.80466735,1.071627,8,1206
da02,1706845121191442,7.0516071,0.80870622,1.0722768,7,1207
da02,1706845121292108,7.0527463,0.81488395,1.0687109,9,1208
da02,1706845121391484,7.0566893,0.81767452,1.0672005,9,1209
da02,1706845121491438,7.0449929,0.82823783,1.0624926,8,1210
da02,1706845121591492,7.05896,0.8255682,1.0599068,11,1211
da02,1706845121691490,7.0560641,0.82186097,1.0620192,8,1212
da02,1706845121791525,7.0435944,0.82113528,1.0746831,8,1213
da02,1706845121891478,7.0428753,0.82668519,1.0824938,8,1214
da02,1706845121991660,7.0418983,0.8345657,1.0884327,8,1215
da02,1706845122091498,7.0444522,0.82522184,1.0896485,8,1216
da02,1706845122191494,7.058929,0.82176888,1.0885199,10,1217
da02,1706845122291649,7.0748572,0.81552166,1.0828557,11,1218
da02,1706845122391596,7.0577064,0.8152985,1.08232,7,1219
da02,1706845122491496,7.0598741,0.82726854,1.0831013,9,1220
da02,1706845122591840,7.067368,0.82851738,1.0796994,10,1221
da02,1706845122691641,7.0656047,0.83646417,1.0761956,9,1222
da02,1706845122791507,7.0616493,0.83933103,1.0834044,8,1223
da02,1706845122891495,7.0606308,0.83971173,1.0788292,9,1224
da02,1706845122991639,7.0583162,0.84144306,1.0788071,9,1225
da02,1706845123091549,7.0624218,0.83614248,1.0714051,10,1226
da02,1706845123191499,7.0615048,0.84249181,1.0765395,9,1227
da02,1706845123291467,7.0515828,0.82956403,1.0797418,7,1228
da02,1706845123391531,7.0542955,0.82795876,1.0705736,10,1229
da02,1706845123491584,7.055428,0.83523989,1.0755383,9,1230
da02,1706845123591851,7.0627828,0.83553797,1.0898718,9,1231
da02,1706845123691536,7.0657077,0.83501863,1.0883496,9,1232
da02,1706845123791640,7.0689621,0.8390907,1.0922079,9,1233
da02,1706845123891582,7.0696878,0.82830662,1.0961642,8,1234
da02,1706845123991505,7.0823517,0.83434057,1.0805057,12,1235
da02,1706845124091585,7.0759511,0.82510269,1.0758408,9,1236
da02,1706845124191620,7.0819874,0.8343662,1.0773468,10,1237
da02,1706845124291536,7.0649786,0.82759672,1.0758111,7,1238
da02,1706845124391624,7.0604153,0.83345628,1.0772086,8,1239
da02,1706845124491802,7.0590205,0.83043194,1.0740744,9,1240
da02,1706845124591561,7.0575442,0.83081806,1.0676074,9,1241
da02,1706845124692178,7.0534482,0.82731193,1.0636089,9,1242
da02,1706845124791672,7.0550461,0.81907904,1.0652655,9,1243
da02,1706845124891562,7.0560746,0.8218444,1.0769477,8,1244
da02,1706845124991627,7.0453343,0.83055562,1.0756965,8,1245
da02,1706845125091576,7.0491705,0.83237493,1.0751424,9,1246
da02,1706845125191615,7.0528221,0.83304906,1.0692424,10,1247
da02,1706845125291537,7.04975,0.83798593,1.063931,9,1248
da02,1706845125391560,7.056015,0.83242732,1.0598956,10,1249
da02,1706845125493156,7.0592265,0.82519782,1.0626034,9,1250
da02,1706845125591557,7.0567241,0.81671,1.0636986,8,1251
da02,1706845125691648,7.0526514,0.82792056,1.0643158,9,1252
da02,1706845125791583,7.0491428,0.84112024,1.0690689,8,1253
da02,1706845125891512,7.0423884,0.8229571,1.0611019,8,1254
da02,1706845125991544,7.0458722,0.82214004,1.0706326,8,1255
da02,1706845126091642,7.0499568,0.8245281,1.0796309,8,1256
da02,1706845126191540,7.057189,0.83023185,1.070124,10,1257
da02,1706845126291522,7.0591345,0.83544958,1.0793964,9,1258
da02,1706845126391590,7.0522904,0.83517545,1.0820798,8,1259
da02,1706845126491486,7.0717959,0.82828206,1.0696453,12,1260
da02,1706845126591494,7.0801239,0.831219,1.0667957,11,1261
da02,1706845126691575,7.0821509,0.83297521,1.0667838,10,1262
da02,1706845126791570,7.0600772,0.831388,1.0657197,8,1263
da02,1706845126891564,7.0772338,0.82012123,1.0733961,11,1264
da02,1706845126991574,7.0688138,0.82968694,1.0774899,8,1265
da02,1706845127091564,7.0667424,0.83295935,1.0654936,10,1266
da02,1706845127191554,7.0715208,0.84687573,1.0727104,10,1267
da02,1706845127291523,7.0539594,0.84551615,1.0772063,8,1268
da02,1706845127391496,7.0633111,0.84300822,1.0691309,11,1269
da02,1706845127491488,7.05406,0.83110934,1.0704303,7,1270
da02,1706845127591511,7.0617509,0.83467597,1.0829742,9,1271
da02,1706845127691485,7.0585008,0.83061945,1.0735042,9,1272
da02,1706845127791515,7.0589671,0.83686048,1.0787845,9,1273
da02,1706845127891517,7.0712409,0.8391341,1.0764813,11,1274
da02,1706845127991493,7.0785289,0.83928919,1.0797595,10,1275
da02,1706845128091508,7.0809,0.842379,1.0776087,10,1276
da02,1706845128191508,7.085731,0.84627914,1.070722,11,1277
da02,1706845128291558,7.0869641,0.85372794,1.0600227,11,1278
da02,1706845128391505,7.073658,0.84180731,1.062645,8,1279
da02,1706845128491578,7.0650058,0.84485269,1.0655385,8,1280
da02,1706845128591526,7.074326,0.83875012,1.0673693,10,1281
da02,1706845128691511,7.0584192,0.833887,1.0669459,7,1282
da02,1706845128791558,7.0517459,0.83406478,1.0651361,8,1283
da02,1706845128891525,7.0698733,0.8243857,1.0626119,11,1284
da02,1706845128991545,7.0748186,0.82743168,1.0722808,9,1285
da02,1706845129091529,7.0619349,0.81905532,1.0703541,8,1286
da02,1706845129191592,7.0722318,0.83137274,1.0684986,11,1287
da02,1706845129291554,7.0708218,0.83597952,1.0716103,9,1288
da02,1706845129391551,7.0625281,0.83856595,1.0780936,8,1289
da02,1706845129491586,7.0671005,0.83474469,1.0719956,10,1290
da02,1706845129591627,7.0657296,0.84403223,1.080225,9,1291
da02,1706845129691559,7.0790887,0.83630675,1.0831188,11,1292
da02,1706845129791638,7.0756326,0.83673775,1.0766329,10,1293
da02,1706845129891599,7.0688462,0.83661437,1.0739666,9,1294
da02,1706845129991639,7.0717707,0.83545184,1.0809873,9,1295
da02,1706845130091713,7.0728612,0.83348387,1.0785824,10,1296
da02,1706845130191748,7.0528984,0.84193087,1.0702584,8,1297
da02,1706845130291603,7.0536747,0.84198034,1.0755217,9,1298
da02,1706845130391824,7.0494747,0.85431272,1.0733856,9,1299
da02,1706845130491890,7.0533304,0.85349423,1.0856613,8,1300
da02,1706845130591659,7.0590754,0.843633,1.0848017,9,1301
da02,1706845130691527,7.0594754,0.84221542,1.0781796,9,1302
da02,1706845130791524,7.064086,0.8336789,1.0798867,9,1303
da02,1706845130891630,7.0689449,0.83589357,1.0810341,10,1304
da02,1706845130991522,7.0699511,0.83338815,1.0875404,9,1305
da02,1706845131091520,7.0654416,0.82780474,1.0748943,9,1306
da02,1706845131191616,7.0630293,0.83376855,1.0645572,10,1307
da02,1706845131291606,7.0708852,0.83340967,1.0655195,10,1308
da02,1706845131391578,7.0852456,0.82949483,1.0719284,11,1309
da02,1706845131491654,7.0731235,0.82402647,1.0702285,8,1310
da02,1706845131591530,7.0608687,0.82629406,1.0654496,8,1311
da02,1706845131691684,7.0578108,0.82535666,1.0758953,8,1312
da02,1706845131791613,7.0766497,0.8246842,1.0647513,12,1313
da02,1706845131891526,7.0756736,0.83063465,1.0657672,10,1314
da02,1706845131991564,7.0768647,0.83436096,1.0683458,10,1315
da02,1706845132091614,7.0698,0.83262712,1.0632423,9,1316
da02,1706845132191523,7.2379384,0.6862188,1.4292264,72,1317
da02,1706845132292074,7.1883349,0.72036511,1.3341317,9,1318
da02,1706845132391624,7.1582494,0.75457859,1.2726309,9,1319
da02,1706845132491553,7.1503696,0.7752887,1.2163296,12,1320
da02,1706845132591536,7.1287961,0.78571856,1.1774862,9,1321
da02,1706845132691630,7.11304,0.79091841,1.1486986,9,1322
da02,1706845132791631,7.0944457,0.78907341,1.1309115,8,1323
da02,1706845132891518,7.0871615,0.80013615,1.1196982,9,1324
da02,1706845132991582,7.0749846,0.79938191,1.1064063,8,1325
da02,1706845133091791,7.0656157,0.81337726,1.101124,8,1326
da02,1706845133191543,7.0767035,0.81555331,1.0924766,11,1327
da02,1706845133291590,7.0773253,0.81898469,1.0820915,10,1328
da02,1706845133391606,7.071703,0.81957829,1.0777365,9,1329
da02,1706845133491587,7.0782332,0.818708,1.0688893,11,1330
da02,1706845133591594,7.0857077,0.82212549,1.0755343,10,1331
da02,1706845133691604,7.0813837,0.82429862,1.0651188,10,1332
da02,1706845133791584,7.0823393,0.82511425,1.0737062,9,1333
da02,1706845133891589,7.0876074,0.83145607,1.0695232,11,1334
da02,1706845133991718,7.0736914,0.82887912,1.0659931,8,1335
da02,1706845134091568,7.0563946,0.82787049,1.0846469,8,1336
da02,1706845134191559,7.0678134,0.82937139,1.0827807,10,1337
da02,1706845134291626,7.0679932,0.82624161,1.0884123,8,1338
da02,1706845134391682,7.07122,0.82321066,1.086585,9,1339
da02,1706845134491604,7.0737128,0.81644678,1.0838118,9,1340
da02,1706845134591667,7.0760922,0.82516271,1.0923349,9,1341
da02,1706845134691632,7.0762897,0.83766288,1.0922372,10,1342
da02,1706845134791546,7.06926,0.84181726,1.0833422,9,1343
da02,1706845134892211,7.0728021,0.84429276,1.0767815,10,1344
da02,1706845134991650,7.0672507,0.83175737,1.083306,8,1345
da02,1706845135091567,7.0705833,0.83296806,1.0807668,10,1346
da02,1706845135191656,7.06745,0.82704872,1.0819188,8,1347
da02,1706845135291690,7.0707874,0.82607865,1.0786437,10,1348
da02,1706845135391610,7.0716438,0.83249545,1.0700258,10,1349
da02,1706845135491672,7.0745177,0.8417623,1.0682869,10,1350
da02,1706845135591752,7.0860434,0.8399182,1.0619156,12,1351
da02,1706845135691646,7.0748043,0.83525932,1.0596938,9,1352
da02,1706845135791746,7.0682611,0.83326608,1.0605398,9,1353
da02,1706845135891700,7.0612645,0.81933326,1.0655016,8,1354
da02,1706845135991630,7.0719376,0.81813616,1.0642643,11,1355
da02,1706845136091717,7.0833488,0.82065314,1.063616,11,1356
da02,1706845136191722,7.0919762,0.81577891,1.0685505,11,1357
da02,1706845136291621,7.0961819,0.81097668,1.0686599,11,1358
da02,1706845136391564,7.0883789,0.82100821,1.0782982,9,1359
da02,1706845136491565,7.0812888,0.80870259,1.0859258,8,1360
da02,1706845136591577,7.079895,0.82015985,1.0806905,10,1361
da02,1706845136691583,7.0792384,0.8283748,1.0778117,10,1362
da02,1706845136791548,7.09265,0.82461023,1.0843134,11,1363
da02,1706845136891584,7.0862207,0.82416129,1.0888723,9,1364
da02,1706845136991534,7.0868139,0.82208157,1.081549,10,1365
da02,1706845137091608,7.090992,0.82463831,1.0852975,10,1366
da02,1706845137191652,7.0854497,0.8182072,1.0888776,8,1367
da02,1706845137291618,7.0704803,0.82369632,1.0926337,8,1368
da02,1706845137391542,7.0768905,0.82441992,1.0797187,11,1369
da02,1706845137491587,7.0653119,0.82167846,1.0794708,8,1370
da02,1706845137591592,7.0735674,0.81240624,1.0677912,11,1371
da02,1706845137691579,7.0676713,0.81806177,1.0608051,9,1372
da02,1706845137791587,7.0556769,0.82061559,1.0659264,7,1373
da02,1706845137891631,7.0497832,0.81843203,1.0739766,7,1374
da02,1706845137991559,7.0495863,0.81500924,1.0732681,8,1375
da02,1706845138091738,7.0569668,0.8196649,1.0718265,10,1376
da02,1706845138191584,7.0555863,0.82529092,1.0731862,9,1377
da02,1706845138291599,7.0664983,0.82485759,1.0672309,11,1378
da02,1706845138391651,7.0582495,0.8235507,1.0653191,8,1379
da02,1706845138491594,7.0612,0.82386404,1.0581481,10,1380
da02,1706845138591579,7.0516109,0.823076,1.0694761,8,1381
da02,1706845138691654,7.0515494,0.82900023,1.0679928,9,1382
da02,1706845138791690,7.0415864,0.83406937,1.0671936,8,1383
da02,1706845138891615,7.0464439,0.82938749,1.0707555,9,1384
da02,1706845138991653,7.0478559,0.82252187,1.0653857,9,1385
da02,1706845139091590,7.043077,0.8251133,1.0691135,8,1386
da02,1706845139191575,7.0601988,0.82400411,1.0657493,11,1387
da02,1706845139291664,7.0677385,0.81821823,1.0642084,10,1388
da02,1706845139391596,7.0722952,0.834789,1.0637445,11,1389
da02,1706845139491573,7.0713463,0.83257681,1.0672635,9,1390
da02,1706845139591616,7.0607491,0.82929432,1.0694392,8,1391
da02,1706845139691604,7.0684915,0.8252036,1.0653015,10,1392
da02,1706845139791592,7.0586987,0.81812978,1.0700005,7,1393
da02,1706845139891674,7.0585184,0.81704164,1.0741992,8,1394
da02,1706845139991618,7.0559564,0.82516354,1.0770465,8,1395
da02,1706845140091624,7.0572271,0.82275921,1.0705762,9,1396
da02,1706845140191636,7.05726,0.83063412,1.070314,9,1397
da02,1706845140291664,7.0520568,0.82594687,1.0884125,8,1398
da02,1706845140391598,7.0650172,0.82307589,1.0852208,10,1399
da02,1706845140491594,7.0636506,0.82039565,1.082872,9,1400
da02,1706845140591626,7.0495644,0.8252421,1.0970547,8,1401
da02,1706845140691610,7.0481162,0.8301807,1.0941128,8,1402
da02,1706845140791576,7.0473433,0.83796996,1.0944525,8,1403
da02,1706845140893277,7.0477562,0.82862967,1.0769535,9,1404
da02,1706845140992072,7.0503111,0.8249166,1.0794139,8,1405
da02,1706845141091675,7.04934,0.83594179,1.0776061,9,1406
da02,1706845141191685,7.0521007,0.83988839,1.0663071,10,1407
da02,1706845141292006,7.0560589,0.84540612,1.0645363,10,1408
da02,1706845141391735,7.06205,0.8521626,1.0658723,10,1409
da02,1706845141491615,7.0734472,0.85615534,1.0724618,11,1410
da02,1706845141591661,7.0747895,0.85499418,1.0726882,10,1411
da02,1706845141691692,7.0675492,0.84430766,1.0705582,9,1412
da02,1706845141791688,7.0610776,0.82949376,1.0747465,8,1413
da02,1706845141891621,7.0580392,0.82442868,1.0741965,8,1414
da02,1706845141991682,7.0690107,0.82902491,1.0756743,10,1415
da02,1706845142091641,7.0733175,0.83848768,1.0670391,11,1416
da02,1706845142191590,7.0652413,0.83530807,1.0638925,9,1417
da02,1706845142291733,7.0633941,0.83103144,1.0737755,8,1418
da02,1706845142391614,7.0508623,0.83413589,1.0684018,8,1419
da02,1706845142491613,7.0603132,0.82844031,1.0658445,10,1420
da02,1706845142591682,7.0459762,0.82907653,1.0723661,8,1421
da02,1706845142691630,7.05428,0.82912713,1.0670086,10,1422
da02,1706845142791591,7.0638819,0.83365846,1.0674032,10,1423
da02,1706845142891673,7.069582,0.83518195,1.0661905,10,1424
da02,1706845142991584,7.0644479,0.82643,1.0708679,8,1425
da02,1706845143091564,7.0675988,0.83642209,1.0715683,10,1426
da02,1706845143191617,7.0806904,0.84139568,1.0813521,11,1427
da02,1706845143292218,7.0919852,0.82838374,1.0754858,11,1428
da02,1706845143391627,7.080739,0.82955134,1.0792949,8,1429
da02,1706845143491600,7.0794868,0.83462137,1.0829424,9,1430
da02,1706845143591576,7.0747852,0.834261,1.0878131,8,1431
da02,1706845143691618,7.0770512,0.83188146,1.0817389,10,1432
da02,1706845143791568,7.0652571,0.83741397,1.0766528,8,1433
da02,1706845143891720,7.0706329,0.83691424,1.0689865,11,1434
da02,1706845143991608,7.070159,0.83083254,1.0663429,9,1435
da02,1706845144091609,7.0726919,0.83674133,1.0695198,10,1436
da02,1706845144191679,7.061626,0.84028226,1.0698782,8,1437
da02,1706845144291648,7.0681868,0.84535426,1.0709437,10,1438
da02,1706845144391627,7.0791063,0.8324123,1.0725607,10,1439
da02,1706845144491718,7.0562429,0.83461964,1.0780584,8,0
da02,1706845144591604,7.0627537,0.83022892,1.0840185,9,1
da02,1706845144691624,7.0672517,0.82961267,1.0767957,10,2
da02,1706845144791625,7.0732236,0.83439982,1.0736946,10,3
da02,1706845144891590,7.0777154,0.83570391,1.0782144,10,4
da02,1706845144992196,7.0597959,0.83379775,1.079918,8,5
da02,1706845145091596,7.0373058,0.83002585,1.0792439,8,6
da02,1706845145191584,7.0473442,0.83239448,1.0794139,10,7
da02,1706845145291690,7.0445518,0.8341223,1.0707591,9,8
da02,1706845145391564,7.0537095,0.82579672,1.0647452,10,9
da02,1706845145491580,7.0658903,0.8222158,1.0660654,10,10
da02,1706845145591709,7.0792718,0.81885266,1.0646032,11,11
da02,1706845145691586,7.0742335,0.82400972,1.0619845,9,12
da02,1706845145791624,7.0643592,0.82581925,1.078756,8,13
da02,1706845145891720,7.070714,0.82854891,1.0768032,10,14
da02,1706845145991624,7.0705128,0.82749236,1.0857053,8,15
da02,1706845146091619,7.0631018,0.82930243,1.0786109,9,16
da02,1706845146191575,7.0545654,0.82681549,1.0817527,7,17
da02,1706845146292035,7.0623164,0.82140166,1.0843899,9,18
da02,1706845146391686,7.06656,0.82107562,1.0828744,9,19
da02,1706845146491632,7.0751085,0.82015252,1.0827427,10,20
da02,1706845146591748,7.0673819,0.8196767,1.0774058,9,21
da02,1706845146691684,7.0787234,0.82514679,1.074818,11,22
da02,1706845146791616,7.0760307,0.832007,1.0853946,8,23
da02,1706845146891727,7.0619292,0.83216882,1.0885456,8,24
da02,1706845146991622,7.0628109,0.83021981,1.0871985,9,25
da02,1706845147091690,7.0630379,0.82909131,1.0965509,8,26
da02,1706845147191670,7.0513229,0.83628744,1.1005143,8,27
da02,1706845147291618,7.0594215,0.8356725,1.0882034,10,28
da02,1706845147391696,7.0647707,0.83257461,1.0795779,10,29
da02,1706845147491682,7.0583019,0.84009612,1.0866264,8,30
da02,1706845147591646,7.05749,0.83204478,1.0800785,9,31
da02,1706845147691635,7.0597391,0.83757228,1.0844749,9,32
da02,1706845147791665,7.0615888,0.83165741,1.0844787,9,33
da02,1706845147891595,7.0651703,0.83399385,1.0822911,10,34
da02,1706845147991690,7.0764241,0.8276512,1.0772928,11,35
da02,1706845148091578,7.0595484,0.82930481,1.0744233,8,36
da02,1706845148191554,7.0546956,0.81865233,1.0690322,8,37
da02,1706845148291696,7.0743494,0.81283689,1.0725476,11,38
da02,1706845148391606,7.0748134,0.81540263,1.0718938,10,39
da02,1706845148491591,7.0646677,0.82628626,1.0617489,9,40
da02,1706845148591579,7.0520515,0.81706321,1.0589392,8,41
da02,1706845148691634,7.0630198,0.8216235,1.0627186,10,42
da02,1706845148791593,7.0529971,0.8202939,1.0687338,7,43
da02,1706845148891636,7.0603518,0.81951606,1.069448,10,44
da02,1706845148991592,7.05973,0.82037175,1.0669186,9,45
da02,1706845149091593,7.0534449,0.82656342,1.0645007,9,46
da02,1706845149191621,7.0443296,0.819957,1.0565578,8,47
da02,1706845149291698,7.0556979,0.82418263,1.0563723,10,48
da02,1706845149391632,7.0663214,0.81536907,1.0583204,10,49
da02,1706845149491683,7.05575,0.82196856,1.0648528,8,50
da02,1706845149591792,7.0677218,0.82578,1.0580189,11,51
da02,1706845149691688,7.0898347,0.82615227,1.0579911,13,52
da02,1706845149791666,7.0715418,0.82631874,1.0613641,7,53
da02,1706845149891676,7.0638905,0.82722151,1.0713965,8,54
da02,1706845149991706,7.0631232,0.82763636,1.0711915,9,55
da02,1706845150091639,7.0649662,0.81896883,1.0752124,9,56
da02,1706845150191668,7.0454988,0.83130884,1.0746448,8,57
da02,1706845150291666,7.0635018,0.83165205,1.071761,11,58
da02,1706845150391676,7.0682158,0.8268832,1.0789371,9,59
da02,1706845150491644,7.0693126,0.83451587,1.0771493,10,60
da02,1706845150591615,7.0634909,0.82560539,1.0690799,9,61
da02,1706845150691746,7.0632486,0.82383412,1.0660013,9,62
da02,1706845150791699,7.0665159,0.820253,1.0734909,9,63
da02,1706845150891648,7.0781484,0.81996113,1.0738554,11,64
da02,1706845150991747,7.0899372,0.81790066,1.0791361,11,65
da02,1706845151091682,7.0775075,0.83215588,1.0770288,9,66
da02,1706845151191651,7.0818419,0.826622,1.0693256,11,67
da02,1706845151291648,7.072659,0.83318251,1.0637006,9,68
da02,1706845151391678,7.0839081,0.83081794,1.0628359,11,69
da02,1706845151491700,7.0906949,0.83611238,1.0635751,11,70
da02,1706845151591673,7.0828004,0.83695453,1.0612135,9,71
da02,1706845151691667,7.0727062,0.83171082,1.0447752,10,72
da02,1706845151791735,7.0751591,0.82698148,1.047349,10,73
da02,1706845151891684,7.0714493,0.83410907,1.0629833,8,74
da02,1706845151991666,7.066133,0.83202541,1.0640537,9,75
da02,1706845152091680,7.0731587,0.83545572,1.0662364,10,76
da02,1706845152191608,7.0770903,0.82605886,1.0631787,10,77
da02,1706845152292004,7.0940824,0.83117396,1.0627389,12,78
da02,1706845152391574,7.0819812,0.82866096,1.0675998,8,79
da02,1706845152491698,7.0808573,0.83143437,1.0631065,10,80
da02,1706845152591641,7.07488,0.81952769,1.0655413,9,81
da02,1706845152691632,7.0824461,0.82236677,1.0705544,10,82
da02,1706845152791714,7.06526,0.82091,1.0638353,8,83
da02,1706845152891660,7.0649638,0.81993461,1.0631154,9,84
da02,1706845152991628,7.0650868,0.82104415,1.0681258,9,85
da02,1706845153091751,7.0757842,0.82609832,1.0794959,10,86
da02,1706845153191664,7.0571566,0.82993311,1.0822953,8,87
da02,1706845153291642,7.0641985,0.82937914,1.0790083,10,88
da02,1706845153391722,7.0611172,0.82588696,1.0726218,9,89
da02,1706845153491662,7.0664134,0.82601094,1.0655211,10,90
da02,1706845153591674,7.0700645,0.82193571,1.0652827,10,91
da02,1706845153691648,7.0842128,0.82692504,1.0611799,12,92
da02,1706845153791691,7.0710812,0.82989997,1.0687848,8,93
da02,1706845153891652,7.070591,0.84189105,1.0804008,9,94
da02,1706845153991646,7.0582376,0.83817393,1.0740668,8,95
da02,1706845154091660,7.067183,0.84341383,1.0748609,10,96
da02,1706845154191693,7.0758505,0.84438008,1.0765417,10,97
da02,1706845154292214,7.0717211,0.83973622,1.0774345,9,98
da02,1706845154391622,7.0727897,0.83900172,1.0690745,10,99
da02,1706845154491650,7.0731664,0.84099555,1.0700575,10,100
da02,1706845154591656,7.0686541,0.83157307,1.0710855,9,101
da02,1706845154691689,7.0686951,0.82454079,1.0747796,9,102
da02,1706845154791689,7.0702686,0.81892508,1.0745341,9,103
da02,1706845154891737,7.0722117,0.81510538,1.0730202,10,104
da02,1706845154991683,7.0620723,0.821098,1.0700549,8,105
da02,1706845155091680,7.055707,0.81994969,1.0733248,8,106
da02,1706845155191652,7.0563293,0.81503958,1.0756341,8,107
da02,1706845155291745,7.0409555,0.82542962,1.0721518,8,108
da02,1706845155391654,7.0536103,0.82454896,1.0680414,10,109
da02,1706845155491661,7.0485363,0.8255986,1.062851,9,110
da02,1706845155591843,7.0516019,0.82639456,1.0685768,9,111
da02,1706845155691648,7.0518951,0.83331072,1.0729094,9,112
da02,1706845155791636,7.0443897,0.84475923,1.0739484,8,113
da02,1706845155891874,7.0700517,0.83811021,1.0697119,12,114
da02,1706845155991662,7.0731478,0.83173877,1.0736104,9,115
da02,1706845156091650,7.0753279,0.83711338,1.0684354,10,116
da02,1706845156191767,7.0728478,0.83507234,1.0686848,9,117
da02,1706845156293316,7.0725064,0.83433092,1.0662109,10,118
da02,1706845156391676,7.0577269,0.83650517,1.0741618,8,119
da02,1706845156491675,7.0577397,0.83304864,1.0818393,8,120
da02,1706845156591677,7.0555358,0.82709485,1.0795162,8,121
da02,1706845156691715,7.0584941,0.81929755,1.0831403,9,122
da02,1706845156791804,7.0683475,0.81168741,1.089721,9,123
da02,1706845156891730,7.0613928,0.82300043,1.0872651,8,124
da02,1706845156991771,7.0596337,0.8292501,1.0914111,8,125
da02,1706845157091757,7.0545959,0.82872552,1.0849167,8,126
da02,1706845157191692,7.0485735,0.8260293,1.0837256,8,127
da02,1706845157291661,7.0634813,0.82877588,1.0794562,11,128
da02,1706845157391764,7.0708375,0.83004159,1.0756441,10,129
da02,1706845157491756,7.0630007,0.82929063,1.0768887,8,130
da02,1706845157591690,7.0755119,0.82673931,1.0764039,11,131
da02,1706845157691730,7.0720692,0.83595449,1.0675554,10,132
da02,1706845157791742,7.0679164,0.8210209,1.0747126,8,133
da02,1706845157891743,7.0718303,0.82646054,1.0695763,10,134
da02,1706845157991827,7.0613327,0.83442485,1.0717119,8,135
da02,1706845158091718,7.0704565,0.82866955,1.0715587,10,136
da02,1706845158191666,7.061646,0.82376015,1.0726955,8,137
da02,1706845158291884,7.0572529,0.82231182,1.0850792,7,138
da02,1706845158391665,7.0547166,0.82274187,1.089568,8,139
da02,1706845158491661,7.0429993,0.81924,1.0842427,7,140
da02,1706845158591784,7.0433159,0.81681663,1.0702727,9,141
da02,1706845158691721,7.0429397,0.82989359,1.0672385,9,142
da02,1706845158791697,7.0545225,0.83941376,1.0707675,10,143
da02,1706845158891898,7.0671959,0.83616287,1.0741119,10,144
da02,1706845158991726,7.0712948,0.83437181,1.0831996,9,145
da02,1706845159091736,7.0726175,0.82596666,1.0743515,10,146
da02,1706845159191718,7.0679731,0.83710271,1.0759882,9,147
da02,1706845159291770,7.0449052,0.83441854,1.0739129,8,148
da02,1706845159391696,7.0580263,0.83656073,1.068164,11,149
da02,1706845159491718,7.0597272,0.84362853,1.0676336,10,150
da02,1706845159591769,7.0754933,0.82627714,1.0730114,11,151
da02,1706845159691653,7.0634556,0.82604152,1.0768669,7,152
da02,1706845159791742,7.05878,0.83726335,1.0670503,10,153
da02,1706845159891774,7.0558715,0.83397305,1.0722413,8,154
da02,1706845159991680,7.0706396,0.82426643,1.0722182,11,155
da02,1706845160091776,7.0611634,0.83433253,1.0689151,9,156
da02,1706845160191786,7.056426,0.83734745,1.0757719,8,157
da02,1706845160291684,7.0543623,0.84158069,1.0709932,9,158
da02,1706845160391687,7.054183,0.83126384,1.0703902,9,159
da02,1706845160491966,7.0589328,0.82885575,1.0678219,10,160
da02,1706845160591675,7.0707917,0.83573896,1.0679492,11,161
da02,1706845160691865,7.0575938,0.83648878,1.0709686,8,162
da02,1706845160791695,7.0598888,0.8364414,1.0761561,9,163
da02,1706845160891750,7.059052,0.82889086,1.0808514,8,164
da02,1706845160991817,7.0748582,0.82647449,1.0788556,11,165
da02,1706845161091752,7.0672126,0.82329595,1.0741371,9,166
da02,1706845161191694,7.080297,0.81289274,1.079885,10,167
da02,1706845161291925,7.0800023,0.81810927,1.0730065,10,168
da02,1706845161391781,7.0821037,0.81976074,1.0741415,10,169
da02,1706845161491742,7.0699973,0.81639206,1.065666,9,170
da02,1706845161591784,7.0846519,0.81224716,1.0706252,11,171
da02,1706845161691688,7.0919175,0.82811457,1.0737768,11,172
da02,1706845161791743,7.0991383,0.82629013,1.0687292,11,173
da02,1706845161891825,7.0923119,0.82211083,1.0682471,9,174
da02,1706845161991750,7.0867705,0.82162613,1.0637642,10,175
da02,1706845162091763,7.0736084,0.83101225,1.0518663,10,176
da02,1706845162191707,7.0763974,0.839198,1.0515482,11,177
da02,1706845162291697,7.0750656,0.84295416,1.062791,9,178
da02,1706845162391735,7.0590186,0.83476704,1.0666032,7,179
da02,1706845162491682,7.0568447,0.83025181,1.0698458,8,180
da02,1706845162591712,7.0532718,0.82755011,1.0818915,7,181
da02,1706845162691708,7.0571222,0.82376742,1.0835911,9,182
da02,1706845162791780,7.0537758,0.82914382,1.0764138,9,183
da02,1706845162891965,7.0589566,0.82908583,1.0816888,9,184
da02,1706845162991758,7.0543251,0.83710617,1.0892575,8,185
da02,1706845163091704,7.0517759,0.83351356,1.0826478,9,186
da02,1706845163191712,7.0499511,0.82516193,1.0835066,8,187
da02,1706845163291742,7.0519843,0.82123917,1.0764034,9,188
da02,1706845163391837,7.0458241,0.82226306,1.0794108,7,189
da02,1706845163491822,7.056644,0.81278634,1.0720378,10,190
da02,1706845163591781,7.0523734,0.81522918,1.0738237,8,191
da02,1706845163691854,7.0571842,0.81717974,1.0731317,9,192
da02,1706845163792062,7.0615163,0.82127559,1.0720032,10,193
da02,1706845163891971,7.0759025,0.82493263,1.063653,12,194
da02,1706845163992121,7.08133,0.82377541,1.0700067,10,195
da02,1706845164091966,7.0746059,0.82777274,1.0587609,10,196
da02,1706845164191472,7.0673919,0.82498926,1.0642583,8,197
da02,1706845164291078,7.0580397,0.83108938,1.066977,8,198
da02,1706845164391022,7.0618806,0.82419509,1.0714144,9,199
da02,1706845164491024,7.0682826,0.81576604,1.0615711,11,200
da02,1706845164590984,7.0635266,0.83174884,1.0598418,9,201
da02,1706845164690953,7.054276,0.84142429,1.0592667,8,202
da02,1706845164791004,7.0654759,0.83802676,1.0647032,10,203
da02,1706845164891877,7.0524721,0.83816004,1.0726604,8,204
da02,1706845164991791,7.059803,0.84304565,1.0680928,10,205
da02,1706845165092435,7.0717683,0.85049623,1.0669158,11,206
da02,1706845165191878,7.0705924,0.84247118,1.0716662,9,207
da02,1706845165292341,7.0572891,0.84836906,1.0645609,8,208
da02,1706845165391873,7.0619845,0.84435636,1.0590602,10,209
da02,1706845165491886,7.0670557,0.8398037,1.0629078,10,210
da02,1706845165591744,7.0697894,0.8307479,1.0680808,9,211
da02,1706845165691814,7.0686331,0.833627,1.0733095,9,212
da02,1706845165791802,7.0700231,0.83805227,1.077404,9,213
da02,1706845165891811,7.0792336,0.83139926,1.0828511,10,214
da02,1706845165991769,7.0763268,0.820353,1.069863,10,215
da02,1706845166091905,7.06274,0.83388788,1.075103,8,216
da02,1706845166191816,7.06639,0.83755451,1.073251,10,217
da02,1706845166291954,7.0603371,0.83974266,1.0828422,8,218
da02,1706845166391882,7.061213,0.83739448,1.0822337,9,219
da02,1706845166491825,7.0533423,0.84378076,1.0777702,8,220
da02,1706845166591889,7.0764346,0.8343851,1.0704757,12,221
da02,1706845166691932,7.0762868,0.83715665,1.0721567,10,222
da02,1706845166791813,7.077023,0.8328746,1.0774895,9,223
da02,1706845166891941,7.0602117,0.82080293,1.0820912,7,224
da02,1706845166991878,7.0679822,0.82559264,1.0731553,11,225
da02,1706845167091852,7.0784354,0.828101,1.068803,11,226
da02,1706845167191870,7.0795288,0.81977737,1.063984,10,227
da02,1706845167291987,7.0779362,0.82021523,1.0668008,9,228
da02,1706845167391782,7.0747862,0.82354975,1.0640328,10,229
da02,1706845167491911,7.0690274,0.8225677,1.0731246,8,230
da02,1706845167591856,7.0622869,0.83081859,1.0720562,9,231
da02,1706845167691812,7.0602942,0.8363207,1.0689613,9,232
da02,1706845167791822,7.0623813,0.83148485,1.0704598,9,233
da02,1706845167892030,7.0547538,0.83002239,1.067052,8,234
da02,1706845167991816,7.0559745,0.82450646,1.06511,9,235
da02,1706845168091975,7.073669,0.82544315,1.0675091,11,236
da02,1706845168191832,7.0692058,0.83182424,1.0780187,8,237
da02,1706845168291834,7.0843229,0.83242196,1.0800221,11,238
da02,1706845168393638,7.0780063,0.83526981,1.0777056,9,239
da02,1706845168491922,7.0694571,0.83665204,1.0716348,9,240
da02,1706845168591901,7.0676455,0.83541214,1.0803826,8,241
da02,1706845168691860,7.0674543,0.83453929,1.0790548,9,242
da02,1706845168791897,7.0887504,0.83903354,1.077246,12,243
da02,1706845168891916,7.0763044,0.843827,1.0844967,8,244
da02,1706845168991902,7.0574803,0.84446555,1.0749791,8,245
da02,1706845169091889,7.0675497,0.83618432,1.0777879,10,246
da02,1706845169191943,7.0577579,0.83990508,1.0722759,8,247
da02,1706845169291888,7.0535769,0.83631259,1.0754098,8,248
da02,1706845169391915,7.0543904,0.82430059,1.0788943,8,249
da02,1706845169491952,7.0615926,0.83446497,1.0783578,10,250
da02,1706845169591928,7.0620842,0.8379724,1.0727459,10,251
da02,1706845169691944,7.0621557,0.83532315,1.0732515,9,252
da02,1706845169791948,7.0584574,0.8291555,1.0758189,8,253
da02,1706845169891965,7.0548716,0.82750124,1.0801629,8,254
da02,1706845169991898,7.0641561,0.81936216,1.07196,10,255
da02,1706845170092479,7.054162,0.82272691,1.074349,8,256
da02,1706845170191935,7.0561881,0.82498515,1.0786133,9,257
da02,1706845170291929,7.0566387,0.81992066,1.0875453,8,258
da02,1706845170391934,7.0722961,0.81823522,1.0848329,11,259
da02,1706845170491944,7.0685616,0.82724112,1.0810065,9,260
da02,1706845170591899,7.065536,0.82427174,1.077615,9,261
da02,1706845170691912,7.0777068,0.82933438,1.0763923,11,262
da02,1706845170791927,7.0666556,0.82690829,1.07219,8,263
da02,1706845170891930,7.063971,0.83193135,1.0659481,10,264
da02,1706845170991940,7.0638785,0.8349961,1.0592885,10,265
da02,1706845171091937,7.0590544,0.82288778,1.0725359,7,266
da02,1706845171191930,7.0638247,0.81468147,1.0780407,9,267
da02,1706845171291938,7.0725451,0.82241988,1.0840442,10,268
da02,1706845171391920,7.0631213,0.82467705,1.0838513,8,269
da02,1706845171491926,7.0541544,0.82594031,1.0891738,8,270
da02,1706845171591936,7.063869,0.82451385,1.0894201,10,271
da02,1706845171693504,7.0721712,0.83356255,1.0850559,11,272
da02,1706845171791979,7.0668349,0.84471434,1.0784993,9,273
da02,1706845171891926,7.0618038,0.84626621,1.0830358,8,274
da02,1706845171991954,7.0592504,0.84300548,1.0808622,9,275
da02,1706845172091970,7.0641422,0.84513181,1.0789884,10,276
da02,1706845172191986,7.0632758,0.8433395,1.0738198,9,277
da02,1706845172291980,7.0665445,0.83603722,1.0721369,10,278
da02,1706845172391983,7.0616765,0.8341729,1.0764185,8,279
da02,1706845172491916,7.0643492,0.72501,1.0545341,70,280
da02,1706845172591942,7.0695257,0.7551915,1.0558556,10,281
da02,1706845172691935,7.0704393,0.7718333,1.0531441,10,282
da02,1706845172791956,7.0706358,0.7890653,1.066676,9,283
da02,1706845172891943,7.0835457,0.79774755,1.06481,11,284
da02,1706845172991950,7.0802236,0.80105847,1.0680412,9,285
da02,1706845173091942,7.0809493,0.81822854,1.0630072,11,286
da02,1706845173191961,7.0752683,0.81376666,1.0641116,9,287
da02,1706845173291982,7.0683136,0.81188667,1.0648216,8,288
da02,1706845173391992,7.074657,0.82929927,1.066027,11,289
da02,1706845173491983,7.0681634,0.82762587,1.0725223,8,290
da02,1706845173591955,7.06855,0.83248067,1.0691329,10,291
da02,1706845173691990,7.0765991,0.829846,1.0690141,10,292
da02,1706845173791933,7.0791578,0.83011824,1.0628989,11,293
da02,1706845173895136,7.0749245,0.8316704,1.0665919,9,294
da02,1706845173991982,7.0723753,0.83761519,1.0847746,8,295
da02,1706845174091948,7.0795045,0.83145458,1.0800363,10,296
da02,1706845174191953,7.0721059,0.83346796,1.070349,9,297
da02,1706845174291946,7.071063,0.84059078,1.0675678,10,298
da02,1706845174392010,7.0669856,0.83687729,1.0709943,9,299
da02,1706845174492020,7.0655904,0.82589686,1.0680765,9,300
da02,1706845174592026,7.0621991,0.82100117,1.0675033,9,301
da02,1706845174692037,7.0745611,0.81751651,1.0710254,10,302
da02,1706845174792056,7.0786538,0.82871324,1.0666926,11,303
da02,1706845174892187,7.0702467,0.83686936,1.0738875,8,304
da02,1706845174991998,7.0761576,0.84238583,1.0823312,10,305
da02,1706845175092499,7.06329,0.83212358,1.0834275,7,306
da02,1706845175191996,7.0660396,0.83591121,1.0732479,10,307
da02,1706845175291990,7.0590782,0.82954776,1.0802134,7,308
da02,1706845175391986,7.0740852,0.829983,1.0732179,12,309
da02,1706845175492004,7.063571,0.82657832,1.0798036,7,310
da02,1706845175592002,7.0643291,0.83241618,1.0762916,10,311
da02,1706845175691993,7.0669813,0.84899235,1.0849348,9,312
da02,1706845175792000,7.0749178,0.85046351,1.0785801,11,313
da02,1706845175892006,7.0733905,0.83987141,1.0731878,9,314
da02,1706845175991950,7.0628223,0.8473655,1.0881002,8,315
da02,1706845176091978,7.063858,0.84241366,1.0806949,10,316
da02,1706845176191969,7.0670075,0.83307868,1.0803705,9,317
da02,1706845176292526,7.0776372,0.83826625,1.068126,12,318
da02,1706845176391958,7.0643973,0.84792566,1.0572143,9,319
da02,1706845176491956,7.0654225,0.8424294,1.0623657,9,320
da02,1706845176591964,7.0501776,0.83925194,1.0631782,8,321
da02,1706845176691971,7.044251,0.8249619,1.05738,8,322
da02,1706845176791958,7.0314536,0.81558442,1.0620661,7,323
da02,1706845176891990,7.0379248,0.82529229,1.0601356,9,324
da02,1706845176991987,7.0482931,0.82289541,1.0605464,10,325
da02,1706845177092022,7.0460596,0.82501072,1.0735495,7,326
da02,1706845177192019,7.0546408,0.83129185,1.0707603,10,327
da02,1706845177291994,7.0570416,0.82318038,1.0782626,8,328
da02,1706845177391919,7.0752587,0.823721,1.0757068,12,329
da02,1706845177491960,7.0747771,0.81865841,1.0817509,9,330
da02,1706845177591995,7.0711617,0.82903373,1.0815369,9,331
da02,1706845177691982,7.0677652,0.83198875,1.0774286,9,332
da02,1706845177792015,7.0619297,0.82515997,1.0761513,8,333
da02,1706845177891994,7.0619383,0.83035028,1.06212,10,334
da02,1706845177991982,7.0750628,0.82940006,1.0670966,11,335
da02,1706845178091966,7.0655413,0.82056093,1.0693487,8,336
da02,1706845178191984,7.0649896,0.83082265,1.0747079,9,337
da02,1706845178291990,7.0774603,0.82302731,1.0744141,11,338
da02,1706845178391986,7.0801444,0.82566768,1.0797137,10,339
da02,1706845178491989,7.0860724,0.825192,1.0680971,11,340
da02,1706845178591986,7.0805788,0.82084936,1.0769722,8,341
da02,1706845178691983,7.0779195,0.82192951,1.0593582,11,342
da02,1706845178791982,7.0610995,0.82130677,1.0571417,8,343
da02,1706845178891982,7.0733643,0.81928259,1.0550156,11,344
da02,1706845178992007,7.0773835,0.82930237,1.0532662,11,345
da02,1706845179092031,7.0710258,0.82467848,1.0567466,9,346
da02,1706845179192012,7.062417,0.82261658,1.0671468,7,347
da02,1706845179292020,7.06468,0.8249597,1.0688444,9,348
da02,1706845179392362,7.0601358,0.83059329,1.0526767,10,349
da02,1706845179492024,7.0648966,0.83023351,1.0560218,10,350
da02,1706845179591986,7.0612187,0.82911873,1.0588325,9,351
da02,1706845179691970,7.06217,0.83474123,1.0557274,10,352
da02,1706845179791978,7.059978,0.82948333,1.0637859,8,353
da02,1706845179891982,7.055944,0.83224463,1.068792,8,354
da02,1706845179991984,7.0537729,0.82805389,1.0614707,9,355
da02,1706845180091975,7.061182,0.82940006,1.0778956,9,356
da02,1706845180192460,7.0595775,0.82851052,1.0749472,9,357
da02,1706845180291994,7.0629783,0.82679075,1.0712396,10,358
da02,1706845180391979,7.0586457,0.82535434,1.077777,8,359
da02,1706845180491999,7.0638647,0.81953824,1.0802839,9,360
da02,1706845180592020,7.06736,0.81779265,1.0818189,9,361
da02,1706845180692028,7.0717769,0.82486069,1.0687634,11,362
da02,1706845180792040,7.07575,0.83716679,1.0674443,10,363
da02,1706845180891995,7.0677915,0.83688927,1.0711687,8,364
da02,1706845180991995,7.0747523,0.84095985,1.0733633,10,365
da02,1706845181091985,7.0682168,0.83749074,1.0783868,8,366
da02,1706845181192012,7.0743346,0.83993113,1.0759368,10,367
da02,1706845181291982,7.068572,0.84269565,1.0808182,8,368
da02,1706845181391994,7.0566983,0.84098232,1.078902,8,369
da02,1706845181491980,7.053926,0.83716351,1.0762857,9,370
da02,1706845181591989,7.0529866,0.83434868,1.0702428,9,371
da02,1706845181691983,7.0726395,0.83062464,1.0666227,12,372
da02,1706845181792007,7.0647564,0.82823223,1.0708096,8,373
da02,1706845181892009,7.0876074,0.82235116,1.0771037,12,374
da02,1706845181991991,7.0794511,0.81985921,1.0732872,9,375
da02,1706845182092020,7.059895,0.82312936,1.0654849,8,376
da02,1706845182192004,7.0670595,0.821285,1.0677859,10,377
da02,1706845182292068,7.0693483,0.82180089,1.0607673,10,378
da02,1706845182392037,7.0642066,0.81974733,1.0716616,8,379
da02,1706845182492028,7.0568824,0.82153112,1.0780082,8,380
da02,1706845182592020,7.0659113,0.82351989,1.0704222,11,381
da02,1706845182692006,7.0700192,0.82305634,1.0710707,10,382
da02,1706845182792011,7.0693254,0.81966841,1.0702859,9,383
da02,1706845182892003,7.058753,0.82553512,1.0801096,8,384
da02,1706845182992027,7.0595684,0.83161676,1.0768059,9,385
da02,1706845183092028,7.0709295,0.828056,1.0892942,9,386
da02,1706845183192012,7.0642114,0.82784671,1.0830334,9,387
da02,1706845183291984,7.06128,0.8134262,1.0873275,8,388
da02,1706845183392005,7.0616713,0.80904019,1.0854994,9,389
da02,1706845183492002,7.0537972,0.81473154,1.0738569,9,390
da02,1706845183592006,7.0493016,0.82749581,1.076421,8,391
da02,1706845183691998,7.05907,0.82794487,1.0732791,10,392
da02,1706845183792061,7.0624352,0.83642691,1.0732806,10,393
da02,1706845183892008,7.0650311,0.83832467,1.0717962,10,394
da02,1706845183992015,7.0587506,0.82875353,1.0756658,8,395
da02,1706845184092032,7.07379,0.83159626,1.074304,11,396
da02,1706845184192016,7.0816054,0.83140326,1.0809163,10,397
da02,1706845184292000,7.0787029,0.83080673,1.0777619,9,398
da02,1706845184392006,7.0727363,0.82844478,1.0744894,9,399
da02,1706845184492054,7.0605249,0.83400881,1.077722,8,400
da02,1706845184592061,7.0529652,0.833352,1.079412,8,401
da02,1706845184692029,7.054245,0.82738173,1.0733324,9,402
da02,1706845184792022,7.0476918,0.81567895,1.0660412,8,403
da02,1706845184892012,7.0452409,0.81896293,1.0610545,9,404
da02,1706845184992078,7.0511642,0.81397581,1.0631247,9,405
da02,1706845185092066,7.0548339,0.81098759,1.0625793,9,406
da02,1706845185192536,7.06011,0.81508672,1.0761683,9,407
da02,1706845185292095,7.0571694,0.82029325,1.088855,8,408
da02,1706845185392082,7.0579133,0.83256888,1.0800153,10,409
da02,1706845185492035,7.0575666,0.82717311,1.0727379,9,410
da02,1706845185592052,7.0690203,0.83069026,1.0794247,10,411
da02,1706845185692049,7.0672455,0.83540457,1.0877123,8,412
da02,1706845185792060,7.0640397,0.83756691,1.0761806,10,413
da02,1706845185892044,7.0625277,0.83169848,1.0674828,9,414
da02,1706845185992055,7.0623922,0.83391809,1.0818247,8,415
da02,1706845186092060,7.0653191,0.83954,1.0689987,11,416
da02,1706845186192052,7.0774269,0.82550395,1.05646,12,417
da02,1706845186292062,7.0703926,0.81466329,1.0659758,8,418
da02,1706845186392078,7.0646391,0.81368226,1.066571,8,419
da02,1706845186492060,7.0592413,0.80840194,1.0734965,8,420
da02,1706845186592054,7.050415,0.817894,1.0727943,8,421
da02,1706845186692070,7.0510178,0.82589048,1.0681008,9,422
da02,1706845186792114,7.0496478,0.82696462,1.0685449,9,423
da02,1706845186892103,7.0474415,0.82894665,1.0619522,9,424
da02,1706845186992068,7.0331721,0.81366843,1.0655067,7,425
da02,1706845187093636,7.0505595,0.80410933,1.0751919,9,426
da02,1706845187192077,7.0473232,0.81464207,1.0846,8,427
da02,1706845187292597,7.0676188,0.81431144,1.0821095,11,428
da02,1706845187391978,7.0608225,0.82612169,1.0781238,9,429
da02,1706845187492030,7.0611472,0.82976615,1.0821788,9,430
da02,1706845187592024,7.0579653,0.83131427,1.0895424,8,431
da02,1706845187692086,7.0748844,0.82534063,1.079247,12,432
da02,1706845187792037,7.0676203,0.82206756,1.0754772,9,433
da02,1706845187892025,7.0632391,0.82414752,1.0699942,9,434
da02,1706845187992026,7.0590096,0.81213206,1.0771322,8,435
da02,1706845188092038,7.0624022,0.82342088,1.0795969,9,436
da02,1706845188192024,7.0554886,0.82553387,1.0691333,9,437
da02,1706845188292085,7.0568585,0.82412988,1.0687774,9,438
da02,1706845188392034,7.0646834,0.82877618,1.0686352,10,439
da02,1706845188492030,7.0794992,0.82605958,1.0632135,12,440
da02,1706845188592031,7.0812407,0.832834,1.0641506,10,441
da02,1706845188692058,7.079515,0.83522564,1.0697922,9,442
da02,1706845188792046,7.0850453,0.84158349,1.0738606,10,443
da02,1706845188892028,7.0783143,0.83238804,1.0763865,8,444
da02,1706845188992040,7.0674047,0.83338004,1.0670842,9,445
da02,1706845189092043,7.0654993,0.82477647,1.0644395,9,446
da02,1706845189192049,7.0705342,0.81988513,1.0676223,10,447
da02,1706845189292050,7.0678644,0.81352991,1.0644991,9,448
da02,1706845189392047,7.0649142,0.81965965,1.0594534,10,449
da02,1706845189492068,7.0498867,0.81656295,1.0592171,7,450
da02,1706845189592086,7.0659518,0.82466906,1.0629624,11,451
da02,1706845189692092,7.0788412,0.8266722,1.0629991,11,452
da02,1706845189792106,7.0684681,0.83611065,1.0655093,8,453
da02,1706845189892084,7.0681262,0.831703,1.0668222,9,454
da02,1706845189992090,7.0659094,0.83134782,1.0705067,9,455
da02,1706845190092071,7.0634913,0.8307451,1.0670234,9,456
da02,1706845190192538,7.0584888,0.838769,1.0730886,8,457
da02,1706845190292086,7.0582194,0.8415637,1.0680338,9,458
da02,1706845190392040,7.0624018,0.83283645,1.0660461,10,459
da02,1706845190492225,7.064024,0.8243652,1.0706502,9,460
da02,1706845190592094,7.0753584,0.83388048,1.0691301,11,461
da02,1706845190692004,7.0670438,0.83822763,1.0648907,9,462
da02,1706845190792436,7.0742912,0.83640558,1.0630403,11,463
da02,1706845190892000,7.0692215,0.82177269,1.0589473,9,464
da02,1706845190992458,7.071732,0.82252848,1.0565878,10,465
da02,1706845191092006,7.063499,0.83377957,1.0583144,9,466
da02,1706845191191984,7.0528464,0.83656919,1.0589519,8,467
da02,1706845191292052,7.0633821,0.82768375,1.0550759,11,468
da02,1706845191391994,7.0570207,0.8278743,1.0642195,8,469
da02,1706845191492025,7.0518641,0.82841891,1.0662272,8,470
da02,1706845191592024,7.0460467,0.83177257,1.0704778,8,471
da02,1706845191692045,7.0468879,0.84046286,1.0615953,10,472
da02,1706845191792019,7.0523267,0.83459151,1.0649354,9,473
da02,1706845191892037,7.051013,0.83308864,1.0710175,8,474
da02,1706845191991976,7.0688648,0.82852274,1.0673586,11,475
da02,1706845192092002,7.0650053,0.82483953,1.0687168,9,476
da02,1706845192191967,7.0716062,0.82518023,1.0733862,10,477
da02,1706845192292030,7.0731783,0.82204211,1.0728611,10,478
da02,1706845192391980,7.0699739,0.83053368,1.0669008,10,479
da02,1706845192491999,7.0805831,0.83434761,1.0786823,10,480
da02,1706845192591993,7.0836096,0.83757383,1.0761585,10,481
da02,1706845192692009,7.0793238,0.8361066,1.0949403,8,482
da02,1706845192792059,7.0785666,0.8317613,1.0845528,10,483
da02,1706845192892013,7.08093,0.83680922,1.0736351,11,484
da02,1706845192991995,7.0736408,0.8280229,1.0903214,7,485
da02,1706845193091997,7.0730619,0.83125085,1.0869547,9,486
da02,1706845193191995,7.067379,0.82763934,1.0813189,9,487
da02,1706845193292016,7.0607514,0.82941264,1.0753211,9,488
da02,1706845193391999,7.0581136,0.82745183,1.065385,9,489
da02,1706845193492010,7.0611496,0.82333666,1.0684724,9,490
da02,1706845193591987,7.0612683,0.81236106,1.0651671,9,491
da02,1706845193692016,7.0514817,0.825668,1.0708159,8,492
da02,1706845193792014,7.0614791,0.82354951,1.0780306,9,493
da02,1706845193892064,7.0928378,0.83176041,1.0649897,15,494
da02,1706845193992040,7.076808,0.83207357,1.0650144,8,495
da02,1706845194092068,7.0733457,0.8219403,1.0608686,9,496
da02,1706845194191972,7.0689597,0.83039874,1.0619873,9,497
da02,1706845194292062,7.0691261,0.83447689,1.0726306,9,498
da02,1706845194392008,7.0628948,0.83042,1.0698218,9,499
da02,1706845194492031,7.0593109,0.83075666,1.068496,9,500
da02,1706845194592022,7.05969,0.829126,1.0762483,8,501
da02,1706845194692027,7.0569382,0.82749587,1.0801883,8,502
da02,1706845194792008,7.0594697,0.82522094,1.0816206,9,503
da02,1706845194891997,7.06748,0.825546,1.071727,11,504
da02,1706845194991996,7.0734587,0.82684976,1.0722185,10,505
da02,1706845195092028,7.0870562,0.83581418,1.0692732,12,506
da02,1706845195192012,7.0778909,0.82991552,1.0714928,8,507
da02,1706845195292516,7.0589118,0.82154542,1.0841397,8,508
da02,1706845195392026,7.0689712,0.82199818,1.0829978,10,509
da02,1706845195492104,7.0664558,0.82968533,1.0806768,9,510
da02,1706845195592125,7.0738325,0.83111823,1.0752403,11,511
da02,1706845195692068,7.0678983,0.83093554,1.0698166,9,512
da02,1706845195792122,7.069993,0.82785583,1.0694889,10,513
da02,1706845195892036,7.0830388,0.82910961,1.0638676,12,514
da02,1706845196009443,7.0709376,0.83304787,1.069821,8,515
da02,1706845196092068,7.0725021,0.8391943,1.0662395,10,516
da02,1706845196192003,7.0796647,0.82929206,1.0613251,11,517
da02,1706845196292016,7.0715175,0.82916945,1.0607172,9,518
da02,1706845196392006,7.0660839,0.83386,1.0717956,8,519
da02,1706845196492048,7.0672255,0.82254195,1.0677695,9,520
da02,1706845196591992,7.0661225,0.81704295,1.0636206,9,521
da02,1706845196692034,7.069488,0.81105125,1.0727538,9,522
da02,1706845196792059,7.0607204,0.82285094,1.0776081,8,523
da02,1706845196892043,7.0557089,0.82914108,1.077435,8,524
da02,1706845196992054,7.066906,0.83184594,1.0729036,11,525
da02,1706845197092060,7.0726476,0.8308084,1.0754755,10,526
da02,1706845197192015,7.06906,0.8220771,1.0731165,9,527
da02,1706845197292095,7.0663257,0.81775826,1.0758284,8,528
da02,1706845197392009,7.0509386,0.81623095,1.0756491,7,529
da02,1706845197492011,7.051928,0.81642234,1.0687677,9,530
da02,1706845197592006,7.04992,0.82130724,1.0759685,8,531
da02,1706845197692066,7.0625682,0.82600564,1.0680285,11,532
da02,1706845197792030,7.0603547,0.81617844,1.0784953,8,533
da02,1706845197892030,7.0712476,0.8123647,1.0842842,10,534
da02,1706845197992006,7.0816607,0.81628424,1.0826675,11,535
da02,1706845198092057,7.0780206,0.8168332,1.0796907,9,536
da02,1706845198192032,7.089025,0.81965387,1.0824814,11,537
da02,1706845198292560,7.0968781,0.82325906,1.0838847,11,538
da02,1706845198392005,7.0863466,0.82387853,1.0832319,9,539
da02,1706845198492042,7.0930538,0.81930268,1.0838751,10,540
da02,1706845198592028,7.0872531,0.82396924,1.080706,9,541
da02,1706845198692040,7.0626855,0.83126,1.0863338,8,542
da02,1706845198792106,7.0687532,0.82773906,1.0861555,10,543
da02,1706845198892055,7.06892,0.83702934,1.0808438,10,544
da02,1706845198992042,7.0660319,0.84030366,1.0700634,10,545
da02,1706845199092086,7.0720043,0.8371743,1.0695604,10,546
da02,1706845199192078,7.0670056,0.82943845,1.0724036,8,547
da02,1706845199292090,7.0701427,0.82378703,1.0652754,10,548
da02,1706845199392070,7.0781064,0.82742667,1.0686166,10,549
da02,1706845199492085,7.0754008,0.82180434,1.0718781,9,550
da02,1706845199592022,7.0721993,0.81986111,1.0677471,9,551
da02,1706845199692052,7.0669565,0.82878709,1.0712401,9,552
da02,1706845199792030,7.0712428,0.82326722,1.0716721,10,553
da02,1706845199892048,7.0744338,0.82142276,1.0651503,10,554
da02,1706845199992026,7.074863,0.82299083,1.0629215,10,555
da02,1706845200092096,7.0677743,0.83334655,1.068669,8,556
da02,1706845200192036,7.0601983,0.838799,1.0804628,8,557
da02,1706845200292606,7.0640273,0.84489948,1.0849489,9,558
da02,1706845200392036,7.0693569,0.8406328,1.0772189,10,559
da02,1706845200492058,7.0798454,0.84019423,1.0657235,12,560
da02,1706845200592041,7.0681548,0.84171033,1.0739813,8,561
da02,1706845200692063,7.0712466,0.83814579,1.0844356,9,562
da02,1706845200792043,7.0940971,0.83058524,1.0772109,13,563
da02,1706845200892098,7.0987415,0.83444518,1.0750382,11,564
da02,1706845200992454,7.1034665,0.8294875,1.0781748,11,565
da02,1706845201092117,7.1084313,0.82541633,1.0926853,10,566
da02,1706845201192089,7.1030245,0.82446295,1.09507,9,567
da02,1706845201292094,7.0871539,0.8229652,1.0793815,9,568
da02,1706845201392055,7.0939741,0.8238613,1.0800427,11,569
da02,1706845201492074,7.0921888,0.82562971,1.0711703,11,570
da02,1706845201592178,7.0797224,0.828567,1.0805362,8,571
da02,1706845201692099,7.0756435,0.835713,1.0827211,9,572
da02,1706845201792167,7.0654635,0.83352751,1.0824963,8,573
da02,1706845201892084,7.0578284,0.83188838,1.0823275,8,574
da02,1706845201992087,7.0462179,0.84177178,1.083644,8,575
da02,1706845202092118,7.0429554,0.8407566,1.0752723,9,576
da02,1706845202192080,7.0433064,0.831705,1.0821252,8,577
da02,1706845202292068,7.0340009,0.8286218,1.0745265,7,578
da02,1706845202392057,7.0483527,0.82801694,1.0777435,10,579
da02,1706845202493645,7.0575476,0.83015591,1.0801092,10,580
da02,1706845202592091,7.05722,0.82985115,1.0742253,9,581
da02,1706845202692070,7.0460825,0.841118,1.0675381,8,582
da02,1706845202792050,7.042367,0.84730786,1.068169,8,583
da02,1706845202892072,7.0584078,0.84506422,1.0743082,10,584
da02,1706845202992056,7.0547304,0.84616363,1.0774243,8,585
da02,1706845203092075,7.0376496,0.83974463,1.0750245,8,586
da02,1706845203192046,7.0428009,0.82537866,1.0868995,7,587
da02,1706845203292125,7.03871,0.81565744,1.0792847,8,588
da02,1706845203392044,7.046473,0.8224259,1.0700556,10,589
da02,1706845203492068,7.0501332,0.81955504,1.0687612,9,590
da02,1706845203592068,7.0521121,0.81698895,1.0729147,8,591
da02,1706845203692111,7.0647049,0.8156321,1.0684223,11,592
da02,1706845203792206,7.0612297,0.82809055,1.0535303,10,593
da02,1706845203892106,7.0641756,0.82868952,1.0596808,9,594
da02,1706845203992091,7.0729008,0.82847565,1.0650139,10,595
da02,1706845204092067,7.0703607,0.82261771,1.0619,9,596
da02,1706845204192061,7.0667243,0.82970518,1.0738119,8,597
da02,1706845204292068,7.0755916,0.82965386,1.0705135,11,598
da02,1706845204392036,7.0860181,0.832622,1.0731696,11,599
da02,1706845204492069,7.2285304,0.69875979,1.4804044,71,600
da02,1706845204592042,7.1945734,0.7359575,1.3698891,11,601
da02,1706845204692083,7.1599131,0.76361662,1.3006158,9,602
da02,1706845204792114,7.1278372,0.78356481,1.2449205,8,603
da02,1706845204892094,7.1155629,0.80174428,1.1948248,10,604
da02,1706845204992066,7.1149135,0.80834168,1.1617965,11,605
da02,1706845205092090,7.1014638,0.80899185,1.1375668,9,606
da02,1706845205192056,7.0958381,0.81738824,1.1207793,10,607
da02,1706845205292078,7.0875216,0.81536764,1.1154331,8,608
da02,1706845205392611,7.089149,0.82643014,1.0945321,11,609
da02,1706845205492098,7.0790195,0.82664418,1.0866686,9,610
da02,1706845205592056,7.0674772,0.83495814,1.0831847,8,611
da02,1706845205692130,7.0700455,0.83161789,1.0809208,10,612
da02,1706845205792135,7.0697131,0.82683611,1.0790749,9,613
da02,1706845205892140,7.08018,0.82415181,1.0766362,11,614
da02,1706845205992123,7.0788198,0.823174,1.0697769,10,615
da02,1706845206092112,7.0884752,0.82552719,1.071887,11,616
da02,1706845206192071,7.0822749,0.82907355,1.0633808,10,617
da02,1706845206293889,7.0786366,0.84059644,1.0672778,9,618
da02,1706845206392165,7.0738115,0.83695734,1.0629113,9,619
da02,1706845206492082,7.067553,0.83227026,1.066029,8,620
da02,1706845206592075,7.0643167,0.83287483,1.0705663,9,621
da02,1706845206692104,7.061244,0.8262347,1.0693707,9,622
da02,1706845206792096,7.0634646,0.82475477,1.0608342,10,623
da02,1706845206892084,7.0627313,0.83029324,1.0609344,9,624
da02,1706845206992057,7.0629725,0.83254385,1.0665329,9,625
da02,1706845207092087,7.055501,0.836,1.0707738,8,626
da02,1706845207192094,7.0496511,0.82997036,1.0776123,7,627
da02,1706845207292126,7.0450878,0.83664787,1.0826018,8,628
da02,1706845207392078,7.0459933,0.83087492,1.0918463,7,629
da02,1706845207492062,7.0418196,0.82242787,1.0823317,8,630
da02,1706845207592094,7.0496597,0.82226056,1.073001,10,631
da02,1706845207692096,7.0496421,0.8321172,1.0707047,9,632
da02,1706845207792168,7.0512323,0.83462012,1.0758564,9,633
da02,1706845207892151,7.04352,0.84500897,1.0747318,8,634
da02,1706845207992098,7.0605674,0.836682,1.069259,11,635
da02,1706845208092081,7.0659385,0.83740377,1.0716462,10,636
da02,1706845208192092,7.07153,0.83649522,1.0700587,10,637
da02,1706845208292143,7.080276,0.83923662,1.0688869,11,638
da02,1706845208392096,7.069469,0.82683313,1.0665634,8,639
da02,1706845208492124,7.0692677,0.824394,1.0648781,9,640
da02,1706845208592132,7.0617547,0.828368,1.0775393,8,641
da02,1706845208692089,7.0610075,0.83669317,1.0773313,9,642
da02,1706845208792078,7.0723662,0.84050137,1.0747101,11,643
da02,1706845208892107,7.0842938,0.84675461,1.0730793,11,644
da02,1706845208992109,7.0815339,0.83935219,1.0694841,10,645
da02,1706845209092105,7.0771108,0.83710164,1.0722151,9,646
da02,1706845209192089,7.0650373,0.8338747,1.0659231,8,647
da02,1706845209292710,7.0727139,0.8376137,1.0652695,11,648
da02,1706845209392086,7.0640197,0.83532172,1.0718647,8,649
da02,1706845209492099,7.0532703,0.83654004,1.0763642,8,650
da02,1706845209592094,7.0644646,0.82574952,1.0774268,10,651
da02,1706845209692105,7.0598736,0.81790459,1.0689456,9,652
da02,1706845209792099,7.0663447,0.81362635,1.0668786,10,653
da02,1706845209892102,7.0794497,0.82248414,1.0684479,11,654
da02,1706845209992093,7.0874496,0.8243044,1.0621941,11,655
da02,1706845210092098,7.07745,0.81978995,1.0633836,8,656
da02,1706845210192142,7.0698557,0.82198745,1.0698537,8,657
da02,1706845210292123,7.0570397,0.8171832,1.0733298,7,658
da02,1706845210392660,7.0539212,0.8118307,1.0686008,9,659
da02,1706845210492142,7.0576978,0.80752319,1.0646658,9,660
da02,1706845210592120,7.0580163,0.81774908,1.0627621,9,661
da02,1706845210692106,7.0520878,0.82692814,1.0545324,9,662
da02,1706845210792165,7.0780659,0.82811105,1.0594996,12,663
da02,1706845210892127,7.0724254,0.83846527,1.0544912,10,664
da02,1706845210992107,7.0675969,0.83675516,1.0643022,8,665
da02,1706845211092126,7.0628748,0.83208305,1.0746726,8,666
da02,1706845211192104,7.0582066,0.82862461,1.0713533,9,667
da02,1706845211292118,7.0640779,0.83693868,1.0750774,10,668
da02,1706845211392140,7.064158,0.8505854,1.0751156,10,669
da02,1706845211492129,7.0724306,0.8497414,1.0770023,10,670
da02,1706845211592148,7.0759892,0.84607589,1.0806038,10,671
da02,1706845211692134,7.09817,0.84694368,1.0875996,12,672
da02,1706845211792292,7.0795393,0.85126424,1.0848657,8,673
da02,1706845211892167,7.0710192,0.84708661,1.085282,8,674
da02,1706845211992124,7.0768828,0.84225619,1.0844859,10,675
da02,1706845212092142,7.077105,0.83595186,1.0853269,9,676
da02,1706845212192132,7.0710406,0.83936304,1.0850985,9,677
da02,1706845212292644,7.0600963,0.83700204,1.0824891,8,678
da02,1706845212392106,7.0662456,0.84476346,1.0786818,10,679
da02,1706845212492140,7.0698733,0.83934283,1.0800021,9,680
da02,1706845212592128,7.0690246,0.84319085,1.0692331,10,681
da02,1706845212692138,7.0688386,0.84223408,1.0724708,9,682
da02,1706845212792116,7.0687947,0.83594471,1.0693088,9,683
da02,1706845212892130,7.0790143,0.83813721,1.0628701,11,684
da02,1706845212992115,7.0805192,0.84000504,1.0658959,10,685
da02,1706845213092162,7.0898032,0.83593482,1.0644825,11,686
da02,1706845213192116,7.0827694,0.84396678,1.0589874,10,687
da02,1706845213292117,7.0875764,0.84256148,1.0639007,10,688
da02,1706845213392112,7.0865936,0.84149742,1.0611042,10,689
da02,1706845213492125,7.087553,0.83021373,1.0603796,10,690
da02,1706845213592107,7.0856509,0.84192413,1.0593376,10,691
da02,1706845213692132,7.0855689,0.83837241,1.06179,10,692
da02,1706845213792191,7.0744176,0.83630925,1.0641074,8,693
da02,1706845213892130,7.2109561,0.84390819,1.0459193,67,694
da02,1706845213992100,7.1797032,0.8528381,1.0610671,10,695
da02,1706845214092124,7.135457,0.85075963,1.0660683,8,696
da02,1706845214192113,7.1092343,0.84141344,1.0730349,7,697
da02,1706845214292124,7.0921431,0.8397432,1.069108,9,698
da02,1706845214392113,7.0863047,0.83180785,1.069863,9,699
da02,1706845214492122,7.097188,0.83131093,1.0697662,12,700
da02,1706845214592105,7.0849586,0.83589774,1.0699171,9,701
da02,1706845214692130,7.0862594,0.82823056,1.0752366,9,702
da02,1706845214792134,7.0811543,0.81939095,1.0823213,8,703
da02,1706845214892140,7.0811563,0.81472385,1.0771856,10,704
da02,1706845214992132,7.082149,0.82135904,1.072479,10,705
da02,1706845215092170,7.0809469,0.8281579,1.071283,10,706
da02,1706845215192171,7.0665383,0.81843257,1.080651,7,707
da02,1706845215292216,7.0628738,0.81764835,1.0776384,9,708
da02,1706845215392653,7.0677495,0.81871039,1.0689291,10,709
da02,1706845215492161,7.0872006,0.81668526,1.0679492,12,710
da02,1706845215592109,7.07951,0.8163324,1.0716116,9,711
da02,1706845215692129,7.073956,0.82589889,1.0635058,10,712
da02,1706845215792140,7.0790262,0.83086079,1.0658255,10,713
da02,1706845215892177,7.065681,0.83206946,1.0749747,8,714
da02,1706845215992178,7.0744271,0.82838511,1.0806029,10,715
da02,1706845216092169,7.074749,0.83492172,1.0766983,10,716
da02,1706845216192177,7.0760303,0.84656769,1.0719576,10,717
da02,1706845216292188,7.0825768,0.84115642,1.0725415,10,718
da02,1706845216392130,7.0782123,0.84261149,1.0694299,10,719
da02,1706845216492134,7.0635262,0.84133619,1.0655156,8,720
da02,1706845216592122,7.0591912,0.82842124,1.0672247,8,721
da02,1706845216692150,7.0656209,0.83498323,1.0661108,10,722
da02,1706845216792198,7.0804071,0.83923727,1.0728247,11,723
da02,1706845216892163,7.0842505,0.840489,1.0738646,10,724
da02,1706845216992156,7.0792027,0.834594,1.0744225,9,725
da02,1706845217092174,7.073298,0.83977425,1.0912393,8,726
da02,1706845217192190,7.070477,0.84229606,1.0851532,9,727
da02,1706845217292480,7.0670223,0.83217353,1.0834562,9,728
da02,1706845217392209,7.0576725,0.842052,1.0832583,8,729
da02,1706845217492144,7.0578561,0.85251927,1.0835305,9,730
da02,1706845217592127,7.06096,0.83986986,1.0889561,8,731
da02,1706845217692153,7.0574336,0.84040087,1.0901335,8,732
da02,1706845217792146,7.0457864,0.83287954,1.0833111,7,733
da02,1706845217893748,7.0518494,0.8307699,1.0829874,9,734
da02,1706845217992176,7.0629435,0.82628512,1.0827422,10,735
da02,1706845218092164,7.0636129,0.82242912,1.0855659,9,736
da02,1706845218192186,7.0594735,0.82298017,1.0709798,9,737
da02,1706845218292208,7.0610471,0.81770653,1.0760372,9,738
da02,1706845218392177,7.0641842,0.81192607,1.0737343,9,739
da02,1706845218492177,7.0687237,0.814361,1.0735548,10,740
da02,1706845218592182,7.0684285,0.80412477,1.0845243,8,741
da02,1706845218692199,7.0490904,0.80707908,1.0834805,8,742
da02,1706845218792136,7.0453029,0.80347174,1.0754153,8,743
da02,1706845218892157,7.0757537,0.80570358,1.074314,13,744
da02,1706845218992160,7.0835023,0.81050766,1.0778241,10,745
da02,1706845219092168,7.0901008,0.81338125,1.0787786,11,746
da02,1706845219192159,7.0846786,0.81774044,1.067552,10,747
da02,1706845219292176,7.0851789,0.82324344,1.0663021,10,748
da02,1706845219392152,7.0779629,0.82351589,1.0672994,9,749
da02,1706845219492183,7.0786405,0.8256979,1.0646151,10,750
da02,1706845219592152,7.0827093,0.84368116,1.0722868,10,751
da02,1706845219692168,7.0707603,0.839532,1.0708712,8,752
da02,1706845219792223,7.0837488,0.82771957,1.0692756,11,753
da02,1706845219892172,7.1006885,0.82989013,1.0598748,13,754
da02,1706845219992150,7.0920997,0.83833468,1.0548766,10,755
da02,1706845220092606,7.0945196,0.84054887,1.0653479,10,756
da02,1706845220192156,7.0825315,0.84537119,1.0739263,8,757
da02,1706845220293142,7.0713382,0.84335643,1.0829049,8,758
da02,1706845220392683,7.0671368,0.84237057,1.0759981,9,759
da02,1706845220492184,7.0660462,0.83187217,1.0773504,9,760
da02,1706845220592157,7.0502138,0.8350352,1.0782807,8,761
da02,1706845220692136,7.0462441,0.84198737,1.0783149,8,762
da02,1706845220792208,7.0503626,0.83157313,1.0828775,8,763
da02,1706845220892158,7.0545106,0.83054066,1.0805645,9,764
da02,1706845220992206,7.058681,0.835405,1.0765797,10,765
da02,1706845221092199,7.0584774,0.83228844,1.0722673,9,766
da02,1706845221192173,7.069478,0.82369447,1.0782087,10,767
da02,1706845221292267,7.0703616,0.82539243,1.0781896,9,768
da02,1706845221392177,7.0784345,0.81854355,1.0751023,10,769
da02,1706845221492167,7.0753531,0.80989349,1.073964,9,770
da02,1706845221592186,7.0734949,0.82283908,1.0778824,9,771
da02,1706845221692193,7.0752482,0.82739723,1.0770645,10,772
da02,1706845221792176,7.0765491,0.83200258,1.0692459,10,773
da02,1706845221892166,7.0933614,0.83039081,1.0681945,12,774
da02,1706845221992194,7.0879793,0.82518631,1.0678461,9,775
da02,1706845222092156,7.0960126,0.83530563,1.0641484,12,776
da02,1706845222192202,7.0926356,0.82738107,1.0725175,9,777
da02,1706845222292198,7.0897856,0.81959194,1.0694877,10,778
da02,1706845222392225,7.0753121,0.82001883,1.0621808,9,779
da02,1706845222492218,7.0712919,0.82143128,1.0742679,8,780
da02,1706845222592330,7.0693793,0.82704383,1.0731032,9,781
da02,1706845222692195,7.0695119,0.82636356,1.0829303,8,782
da02,1706845222792208,7.0833249,0.83277255,1.0854393,11,783
da02,1706845222892419,7.0853896,0.83008808,1.074237,11,784
da02,1706845222992228,7.0754991,0.8256281,1.0717198,9,785
da02,1706845223092196,7.0806956,0.82017446,1.0773669,10,786
da02,1706845223192198,7.0676703,0.82556254,1.0826466,8,787
da02,1706845223292185,7.0701423,0.82799119,1.0740304,10,788
da02,1706845223392198,7.0673318,0.83421707,1.0701542,9,789
da02,1706845223492215,7.077044,0.84314024,1.0670352,11,790
da02,1706845223592201,7.0764837,0.83626419,1.0659995,10,791
da02,1706845223692200,7.0767107,0.83829719,1.058491,10,792
da02,1706845223792237,7.0605841,0.83320141,1.0575347,8,793
da02,1706845223892257,7.0632591,0.83284718,1.0730393,8,794
da02,1706845223992236,7.0578485,0.82203764,1.0731632,8,795
da02,1706845224092227,7.0596423,0.82943034,1.0664754,10,796
da02,1706845224192188,7.0644903,0.83159924,1.0670952,10,797
da02,1706845224292316,7.0696855,0.83181345,1.0604122,11,798
da02,1706845224392220,7.0612,0.84142059,1.0667182,8,799
da02,1706845224492170,7.0636497,0.84573525,1.0745456,9,800
da02,1706845224592202,7.0588059,0.83774149,1.0709045,9,801
da02,1706845224692194,7.0426931,0.82813513,1.0857513,8,802
da02,1706845224792205,7.0313525,0.82246006,1.0882263,8,803
da02,1706845224892182,7.03413,0.82406563,1.0773993,9,804
da02,1706845224992197,7.04158,0.82454365,1.0740006,9,805
da02,1706845225092214,7.0465136,0.83993524,1.0638448,10,806
da02,1706845225192210,7.0485735,0.83638567,1.068202,9,807
da02,1706845225292179,7.0574012,0.83233076,1.0704556,10,808
da02,1706845225392727,7.0574579,0.83337921,1.064966,9,809
da02,1706845225492210,7.0448918,0.837299,1.0690484,8,810
da02,1706845225592198,7.0631204,0.83052075,1.0695547,11,811
da02,1706845225692188,7.0783477,0.82395905,1.0703789,11,812
da02,1706845225793073,7.068924,0.83000833,1.068211,9,813
da02,1706845225892201,7.0692425,0.82410824,1.0778209,8,814
da02,1706845225992224,7.0751948,0.82430148,1.0736988,10,815
da02,1706845226092189,7.0631828,0.82563615,1.0892102,8,816
da02,1706845226192224,7.0583792,0.82709968,1.0909334,8,817
da02,1706845226292170,7.0623403,0.83318532,1.0868218,10,818
da02,1706845226392224,7.0487795,0.82365924,1.0887365,7,819
da02,1706845226492201,7.0571723,0.81752348,1.0981948,8,820
da02,1706845226592216,7.0592675,0.81813908,1.0902879,9,821
da02,1706845226692204,7.0568604,0.82781625,1.0947274,8,822
da02,1706845226792242,7.0624352,0.8269887,1.0947784,9,823
da02,1706845226892230,7.0564256,0.81957853,1.0801601,9,824
da02,1706845226992256,7.0765014,0.81055611,1.0748032,12,825
da02,1706845227092267,7.0791836,0.808863,1.0726693,10,826
da02,1706845227192264,7.0741878,0.81536418,1.0714606,9,827
da02,1706845227294281,7.0789838,0.81211138,1.0709404,10,828
da02,1706845227392239,7.0741105,0.81331861,1.0687298,9,829
da02,1706845227492204,7.0849423,0.81927782,1.0676864,11,830
da02,1706845227592224,7.07269,0.82871395,1.0672299,8,831
da02,1706845227692203,7.0713019,0.8250137,1.071545,9,832
da02,1706845227792216,7.0615029,0.81962931,1.0585577,9,833
da02,1706845227892244,7.0647559,0.82311279,1.0610728,10,834
da02,1706845227992232,7.0558009,0.82222539,1.0610005,8,835
da02,1706845228092241,7.0524573,0.82497263,1.0611275,9,836
da02,1706845228192236,7.058836,0.82085311,1.052008,10,837
da02,1706845228292210,7.0558147,0.82735604,1.0513896,9,838
da02,1706845228392376,7.055975,0.8243866,1.0516195,9,839
da02,1706845228492274,7.0597978,0.82967246,1.0545028,10,840
da02,1706845228592225,7.0600533,0.82950556,1.054734,9,841
da02,1706845228692209,7.0647178,0.83609313,1.0635651,9,842
da02,1706845228792388,7.0587788,0.83457303,1.0692394,8,843
da02,1706845228892231,7.0582123,0.82862663,1.0722241,9,844
da02,1706845228992263,7.0551872,0.82001436,1.0726005,8,845
da02,1706845229092236,7.0568581,0.82970816,1.0719178,9,846
da02,1706845229192150,7.047071,0.8364327,1.0754312,8,847
da02,1706845229292220,7.057766,0.83539045,1.0739468,10,848
da02,1706845229392236,7.0560465,0.82058108,1.0798002,8,849
da02,1706845229492140,7.0475931,0.82964128,1.0772207,8,850
da02,1706845229592251,7.0265365,0.83504182,1.0867584,9,851
da02,1706845229692443,7.0306396,0.82670242,1.0817521,8,852
da02,1706845229792200,7.0385685,0.82571346,1.0872405,8,853
da02,1706845229892274,7.0436969,0.82919621,1.075179,10,854
da02,1706845229992275,7.0544577,0.82954907,1.0788713,10,855
da02,1706845230092216,7.0483117,0.83566463,1.0745019,8,856
da02,1706845230192251,7.050746,0.82907116,1.0772202,8,857
da02,1706845230293540,7.0523629,0.83759856,1.0760455,9,858
da02,1706845230392244,7.0764184,0.83350956,1.0689344,13,859
da02,1706845230492253,7.0803294,0.8215822,1.070387,10,860
da02,1706845230592253,7.079618,0.8249222,1.0762012,9,861
da02,1706845230692194,7.068203,0.81682932,1.0737373,8,862
da02,1706845230792215,7.0787649,0.81142789,1.0660806,11,863
da02,1706845230892240,7.0787988,0.82036644,1.0637432,10,864
da02,1706845230992184,7.0753551,0.828177,1.0594105,10,865
da02,1706845231092248,7.0927777,0.83162016,1.0633193,12,866
da02,1706845231192247,7.0867672,0.82686204,1.0620925,9,867
da02,1706845231292706,7.069798,0.83845818,1.0629846,8,868
da02,1706845231392260,7.0806603,0.82911521,1.0683391,10,869
da02,1706845231492230,7.0695691,0.83050275,1.0658824,8,870
da02,1706845231592170,7.0769982,0.82534039,1.0720178,10,871
da02,1706845231692258,7.0818024,0.82335269,1.0710908,10,872
da02,1706845231795277,7.0767832,0.83444089,1.0715381,9,873
da02,1706845231892196,7.0758033,0.83579314,1.0625597,10,874
da02,1706845231992310,7.0852995,0.84585011,1.060145,12,875
da02,1706845232092294,7.08443,0.84423089,1.0762206,9,876
da02,1706845232192176,7.0805826,0.82953024,1.0810272,8,877
da02,1706845232292289,7.0867577,0.82877064,1.0780259,11,878
da02,1706845232392254,7.097528,0.829033,1.0758884,12,879
da02,1706845232492206,7.0864067,0.83088887,1.0693278,9,880
da02,1706845232592259,7.0899515,0.8320725,1.0626876,11,881
da02,1706845232692223,7.0810246,0.83837742,1.0623058,9,882
da02,1706845232792209,7.0858827,0.83874434,1.0653389,10,883
da02,1706845232892240,7.08025,0.84449244,1.0678934,9,884
da02,1706845232992263,7.071857,0.84620345,1.0636705,9,885
da02,1706845233092198,7.0674906,0.84667605,1.0699039,9,886
da02,1706845233192260,7.0749478,0.84569311,1.0727242,10,887
da02,1706845233297185,7.0763636,0.84227794,1.0762579,9,888
da02,1706845233393062,7.0827847,0.84132135,1.0730704,11,889
da02,1706845233492274,7.0735621,0.83290684,1.0742817,8,890
da02,1706845233592282,7.0689325,0.82662964,1.0746043,9,891
da02,1706845233692188,7.0810418,0.82923681,1.0758715,11,892
da02,1706845233792194,7.08536,0.837775,1.0877397,10,893
da02,1706845233892245,7.07569,0.84116536,1.0785552,9,894
da02,1706845233992262,7.0887308,0.84426403,1.0808475,11,895
da02,1706845234092279,7.08865,0.83937675,1.0800222,10,896
da02,1706845234192300,7.0878363,0.83534187,1.0769451,10,897
da02,1706845234292234,7.0777,0.83029121,1.0789446,8,898
da02,1706845234392339,7.07001,0.83212584,1.0784515,8,899
da02,1706845234492334,7.0590625,0.824096,1.0739781,8,900
da02,1706845234592229,7.0641279,0.82311982,1.0712825,10,901
da02,1706845234692310,7.0663366,0.82614195,1.0657851,10,902
da02,1706845234795676,7.0513167,0.823226,1.0771456,8,903
da02,1706845234892231,7.0645165,0.81766826,1.0757178,10,904
da02,1706845234992290,7.0558867,0.82556653,1.0793836,8,905
da02,1706845235092272,7.0663,0.82537019,1.0821649,10,906
da02,1706845235192288,7.0610027,0.83224362,1.07333,9,907
da02,1706845235292310,7.0636563,0.83000267,1.065203,10,908
da02,1706845235392285,7.0729995,0.82122731,1.0715083,10,909
da02,1706845235492807,7.0860333,0.82562095,1.0682052,12,910
da02,1706845235592206,7.0861177,0.83131659,1.078921,9,911
da02,1706845235692232,7.0808859,0.83411372,1.0738484,10,912
da02,1706845235792286,7.0761504,0.839167,1.0724808,9,913
da02,1706845235892215,7.0670381,0.83279848,1.0696509,8,914
da02,1706845235992196,7.0696492,0.83333439,1.075649,9,915
da02,1706845236092315,7.0538459,0.82531488,1.0720596,7,916
da02,1706845236192203,7.0710268,0.81930488,1.0708562,11,917
da02,1706845236295804,7.0768652,0.8236804,1.0706064,10,918
da02,1706845236392295,7.0672235,0.81926763,1.0740765,8,919
da02,1706845236492199,7.0793543,0.82635093,1.0713758,11,920
da02,1706845236592209,7.073204,0.82619739,1.0738503,9,921
da02,1706845236692358,7.0700183,0.83245748,1.0748632,9,922
da02,1706845236792228,7.0708637,0.826384,1.0701195,10,923
da02,1706845236892282,7.0630565,0.82430667,1.0720267,8,924
da02,1706845236992292,7.0678639,0.82249421,1.0794948,9,925
da02,1706845237092170,7.0802612,0.82163531,1.0856584,10,926
da02,1706845237192228,7.0854349,0.81607491,1.0871985,10,927
da02,1706845237292238,7.088758,0.82577544,1.0802779,11,928
da02,1706845237392192,7.0849376,0.81908649,1.0810403,9,929
da02,1706845237492217,7.0866604,0.81527805,1.0770742,10,930
da02,1706845237592256,7.0889764,0.82028461,1.0763198,10,931
da02,1706845237692338,7.0808105,0.82129675,1.0748127,9,932
da02,1706845237792242,7.07585,0.820952,1.0730369,9,933
da02,1706845237892281,7.0710335,0.81728864,1.0747194,9,934
da02,1706845237992238,7.065721,0.82494938,1.0822972,8,935
da02,1706845238092224,7.0679865,0.82033104,1.0880997,9,936
da02,1706845238192200,7.0672517,0.8281095,1.081467,10,937
da02,1706845238292204,7.0697374,0.83545268,1.0787663,10,938
da02,1706845238392193,7.2236557,0.67862284,1.40612,72,939
da02,1706845238492176,7.1738229,0.714933,1.3242445,8,940
da02,1706845238592240,7.1523604,0.74908322,1.2647673,10,941
da02,1706845238692252,7.1230741,0.76407039,1.217602,8,942
da02,1706845238792249,7.1090107,0.78218174,1.1785423,10,943
da02,1706845238892265,7.1077652,0.7891503,1.1486937,11,944
da02,1706845238992316,7.1006761,0.79581779,1.1231908,10,945
da02,1706845239092246,7.094182,0.80187058,1.1122555,9,946
da02,1706845239192288,7.0891,0.81991738,1.0970969,10,947
da02,1706845239292310,7.0894423,0.83597183,1.0995624,10,948
da02,1706845239392243,7.084805,0.84398085,1.0885254,10,949
da02,1706845239492322,7.0718064,0.84693396,1.0766027,9,950
da02,1706845239592274,7.0773778,0.84886909,1.0763891,10,951
da02,1706845239692600,7.0828567,0.84025019,1.0764714,10,952
da02,1706845239792237,7.07275,0.8384344,1.0803314,8,953
da02,1706845239892336,7.075561,0.83276916,1.0754172,10,954
da02,1706845239992342,7.0824428,0.84162241,1.0760885,11,955
da02,1706845240092250,7.074842,0.8316375,1.080741,8,956
da02,1706845240192245,7.0647426,0.83724773,1.0756048,9,957
da02,1706845240292237,7.0591,0.83963513,1.0693796,9,958
da02,1706845240392249,7.0530791,0.834193,1.0793829,7,959
da02,1706845240492233,7.0526347,0.83842033,1.0795935,9,960
da02,1706845240592240,7.0452085,0.83289146,1.08139,7,961
da02,1706845240692253,7.057951,0.8301627,1.0747006,11,962
da02,1706845240792228,7.0636315,0.830683,1.0701661,10,963
da02,1706845240892319,7.055337,0.82539219,1.0568241,9,964
da02,1706845240992364,7.0431619,0.839151,1.0617714,8,965
da02,1706845241092220,7.0206485,0.83366883,1.0603811,8,966
da02,1706845241192260,7.0316396,0.84476054,1.0667448,9,967
da02,1706845241292321,7.0321236,0.83735567,1.0646003,8,968
da02,1706845241392213,7.0320454,0.83546585,1.0744293,7,969
da02,1706845241492216,7.0438929,0.82938135,1.0746933,9,970
da02,1706845241592300,7.0431604,0.829566,1.0737848,8,971
da02,1706845241692245,7.0444379,0.83458906,1.0729311,9,972
da02,1706845241792236,7.0587735,0.83887714,1.0754654,10,973
da02,1706845241892286,7.0772085,0.84031767,1.081319,11,974
da02,1706845241992255,7.0689034,0.83813387,1.08121,8,975
da02,1706845242092283,7.0573263,0.83721662,1.0764381,8,976
da02,1706845242192293,7.0488577,0.84517634,1.0692527,9,977
da02,1706845242292842,7.0404797,0.83753455,1.0791143,8,978
da02,1706845242392260,7.0426631,0.82598507,1.072305,9,979
da02,1706845242492251,7.051435,0.82488811,1.0727611,10,980
da02,1706845242592255,7.0784273,0.81574112,1.0796376,12,981
da02,1706845242692258,7.2088518,0.82049507,1.0624548,67,982
da02,1706845242792253,7.176753,0.82678807,1.0620716,10,983
da02,1706845242892304,7.1413913,0.82007295,1.0724736,7,984
da02,1706845242992266,7.1207862,0.82709503,1.076215,9,985
da02,1706845243092311,7.0982704,0.82143945,1.0761372,8,986
da02,1706845243192271,7.0964875,0.8282699,1.0732007,10,987
da02,1706845243292340,7.08227,0.82570028,1.078138,8,988
da02,1706845243392222,7.0774226,0.81826293,1.0748267,9,989
da02,1706845243492368,7.0613093,0.83010006,1.0748583,8,990
da02,1706845243592340,7.0560722,0.83907795,1.0730615,9,991
da02,1706845243692207,7.0702953,0.836342,1.0704739,11,992
da02,1706845243792270,7.0702024,0.83563018,1.0702914,9,993
da02,1706845243892399,7.0610504,0.83047938,1.0710521,8,994
da02,1706845243992218,7.0625358,0.82857853,1.0751277,9,995
da02,1706845244092392,7.0552993,0.82516843,1.0784782,8,996
da02,1706845244192351,7.0531521,0.83160681,1.0830201,8,997
da02,1706845244292262,7.0463643,0.82707816,1.078454,8,998
da02,1706845244392343,7.0580797,0.82314223,1.0768859,10,999
da02,1706845244492376,7.0396986,0.82734096,1.0750259,8,1000
da02,1706845244592260,7.0468621,0.82922876,1.0764495,9,1001
da02,1706845244692414,7.046566,0.82720208,1.0778828,8,1002
da02,1706845244792377,7.0546312,0.83331412,1.0729628,10,1003
da02,1706845244892243,7.0494223,0.8253994,1.068215,8,1004
da02,1706845244992431,7.0495305,0.82991678,1.0770454,8,1005
da02,1706845245092574,7.0446706,0.83258688,1.0720296,8,1006
da02,1706845245192249,7.051374,0.83246684,1.0687195,10,1007
da02,1706845245292284,7.0495553,0.83006793,1.063458,9,1008
da02,1706845245392374,7.0483403,0.81920409,1.0680747,8,1009
da02,1706845245492283,7.0503688,0.81827265,1.0641333,9,1010
da02,1706845245592284,7.0541458,0.81866056,1.0723253,9,1011
da02,1706845245692280,7.05122,0.82226753,1.073418,8,1012
da02,1706845245792244,7.0501504,0.8261081,1.0743065,8,1013
da02,1706845245892238,7.0331078,0.82461214,1.0844743,8,1014
da02,1706845245992317,7.0316262,0.82700956,1.0900087,8,1015
da02,1706845246092240,7.0322371,0.81611413,1.0909852,7,1016
da02,1706845246192348,7.0440454,0.81488955,1.0833315,10,1017
da02,1706845246292297,7.0446529,0.82628316,1.0721964,9,1018
da02,1706845246392279,7.0445251,0.82421237,1.0808916,8,1019
da02,1706845246492255,7.0528312,0.82355851,1.079201,10,1020
da02,1706845246592311,7.041554,0.82100773,1.0730236,7,1021
da02,1706845246692273,7.0589294,0.82875472,1.0712159,11,1022
da02,1706845246792271,7.0870543,0.83487362,1.0591364,14,1023
da02,1706845246892350,7.0850673,0.83456314,1.0612277,10,1024
da02,1706845246992355,7.0789709,0.83421731,1.0715272,8,1025
da02,1706845247092289,7.0986595,0.83325016,1.0657753,13,1026
da02,1706845247192283,7.0868878,0.833218,1.0717169,8,1027
da02,1706845247292362,7.0858212,0.82244426,1.0809319,9,1028
da02,1706845247392384,7.0798697,0.82929862,1.0774227,9,1029
da02,1706845247492291,7.0889144,0.82825691,1.075848,11,1030
da02,1706845247592352,7.0712037,0.82975864,1.0765269,7,1031
da02,1706845247692281,7.0805478,0.82483053,1.0756878,11,1032
da02,1706845247792269,7.0898256,0.82341176,1.0752419,11,1033
da02,1706845247892348,7.089941,0.81889766,1.0716749,10,1034
da02,1706845247992416,7.0981159,0.81336826,1.0702219,11,1035
da02,1706845248092270,7.0815549,0.81643492,1.0668736,8,1036
da02,1706845248192280,7.0909395,0.81672877,1.0734621,11,1037
da02,1706845248292296,7.0860448,0.82163841,1.0777408,9,1038
da02,1706845248392308,7.0724721,0.82484466,1.0770315,8,1039
da02,1706845248492382,7.0738449,0.81727034,1.0855496,9,1040
da02,1706845248592266,7.0597916,0.82393295,1.0693444,9,1041
da02,1706845248693881,7.0680428,0.8263641,1.0756358,10,1042
da02,1706845248792370,7.0620241,0.82764566,1.0807526,8,1043
da02,1706845248892290,7.07335,0.81798893,1.079838,10,1044
da02,1706845248992292,7.0694923,0.81813812,1.0705769,9,1045
da02,1706845249092376,7.077167,0.82351547,1.0829307,9,1046
da02,1706845249192338,7.0803733,0.82005811,1.0891404,9,1047
da02,1706845249292326,7.0828037,0.81981027,1.0756129,11,1048
da02,1706845249392394,7.0835242,0.81617934,1.0722264,10,1049
da02,1706845249492262,7.0743217,0.82492787,1.0707165,9,1050
da02,1706845249592344,7.083159,0.82991672,1.0601586,12,1051
da02,1706845249692358,7.0834155,0.82185405,1.0664415,9,1052
da02,1706845249792298,7.072505,0.81869066,1.0647699,8,1053
da02,1706845249892374,7.0706406,0.8268792,1.0639696,10,1054
da02,1706845249992518,7.0768485,0.81250447,1.0602369,10,1055
da02,1706845250092325,7.0704055,0.82553542,1.0625526,9,1056
da02,1706845250192285,7.0633206,0.83304441,1.0641271,9,1057
da02,1706845250292393,7.0681305,0.8268351,1.0652871,10,1058
da02,1706845250392275,7.0650663,0.83295351,1.0649301,9,1059
da02,1706845250500498,7.0517421,0.83484066,1.0603614,8,1060
da02,1706845250592358,7.0643182,0.83574337,1.061148,11,1061
da02,1706845250692350,7.0640907,0.84109533,1.0681801,9,1062
da02,1706845250792292,7.0458369,0.83480692,1.0712222,8,1063
da02,1706845250892320,7.0550408,0.82589436,1.0736879,9,1064
da02,1706845250992309,7.0595036,0.82930732,1.0717359,10,1065
da02,1706845251092301,7.063458,0.81804138,1.0633446,10,1066
da02,1706845251192303,7.0531812,0.82655311,1.0721377,8,1067
da02,1706845251292426,7.0474081,0.82791388,1.0600539,9,1068
da02,1706845251392345,7.064219,0.81859106,1.0740552,10,1069
da02,1706845251492323,7.0855885,0.82559097,1.0706521,13,1070
da02,1706845251592712,7.0870795,0.82350445,1.0741192,10,1071
da02,1706845251692358,7.074986,0.83243787,1.0593402,10,1072
da02,1706845251792299,7.0664206,0.83524948,1.0595648,9,1073
da02,1706845251892450,7.0688567,0.83219022,1.0659446,9,1074
da02,1706845251992298,7.0634661,0.82797837,1.0631146,9,1075
da02,1706845252092354,7.060823,0.83224124,1.0718763,8,1076
da02,1706845252192367,7.06242,0.82653755,1.0746751,9,1077
da02,1706845252292377,7.0639648,0.82412881,1.0785356,9,1078
da02,1706845252392276,7.0594182,0.81774086,1.0928878,7,1079
da02,1706845252492344,7.0616775,0.81977069,1.0929155,9,1080
da02,1706845252592298,7.0556278,0.82636416,1.1055567,8,1081
da02,1706845252692314,7.0645261,0.83088207,1.0911174,11,1082
da02,1706845252792284,7.0648556,0.82366729,1.0835738,9,1083
da02,1706845252892354,7.0639143,0.82046425,1.0826857,9,1084
da02,1706845252992280,7.0635142,0.81878608,1.094834,8,1085
da02,1706845253092348,7.0623608,0.8273133,1.0857569,9,1086
da02,1706845253192420,7.077467,0.8185724,1.0766833,11,1087
da02,1706845253292939,7.084806,0.82017732,1.0758193,11,1088
da02,1706845253392360,7.0745611,0.8231827,1.0619369,10,1089
da02,1706845253492414,7.0799327,0.82515544,1.0570523,11,1090
da02,1706845253592393,7.0762653,0.82837433,1.057083,10,1091
da02,1706845253692362,7.0756083,0.843133,1.0568615,10,1092
da02,1706845253792383,7.0802879,0.84152734,1.0638978,10,1093
da02,1706845253892386,7.0711942,0.8401897,1.0647089,9,1094
da02,1706845253992324,7.061595,0.84619546,1.0709074,8,1095
da02,1706845254092376,7.0752449,0.83868879,1.0702492,11,1096
da02,1706845254192373,7.076231,0.83633631,1.0654209,10,1097
da02,1706845254292362,7.0660915,0.82161134,1.0732518,7,1098
da02,1706845254392427,7.063405,0.81368166,1.0686665,9,1099
da02,1706845254492374,7.0628257,0.81305891,1.0601684,10,1100
da02,1706845254592298,7.0668983,0.81823391,1.0582191,10,1101
da02,1706845254692454,7.0650468,0.81791049,1.0591888,9,1102
da02,1706845254792362,7.0589104,0.82761133,1.0720018,8,1103
da02,1706845254893805,7.0673733,0.83140457,1.070781,10,1104
da02,1706845254992506,7.0620642,0.84525675,1.0726659,9,1105
da02,1706845255092412,7.0570006,0.85122371,1.0690334,9,1106
da02,1706845255192312,7.0466261,0.83986259,1.0706218,7,1107
da02,1706845255292400,7.0515122,0.8490662,1.0716617,10,1108
da02,1706845255392322,7.05815,0.83657163,1.0742966,9,1109
da02,1706845255492368,7.0677752,0.82503569,1.0707121,10,1110
da02,1706845255592980,7.0705347,0.83173043,1.0638007,10,1111
da02,1706845255692416,7.0662932,0.82384664,1.0725753,8,1112
da02,1706845255792332,7.0490203,0.8193236,1.0669363,7,1113
da02,1706845255892437,7.0568638,0.82585204,1.0730197,9,1114
da02,1706845255992369,7.067503,0.82188565,1.0698181,11,1115
da02,1706845256092408,7.05435,0.8268556,1.0702813,8,1116
da02,1706845256192397,7.0677986,0.82937133,1.0731555,11,1117
da02,1706845256292381,7.0529642,0.8151685,1.0767692,7,1118
da02,1706845256392279,7.0531282,0.81143677,1.0785085,8,1119
da02,1706845256492418,7.0485563,0.81646878,1.0758982,8,1120
da02,1706845256592338,7.0654116,0.81975389,1.0750642,11,1121
da02,1706845256692342,7.0715451,0.82062,1.0767354,10,1122
da02,1706845256792427,7.0649295,0.82975423,1.0734245,9,1123
da02,1706845256892421,7.0577955,0.82982886,1.073131,8,1124
da02,1706845256992346,7.0700889,0.82637894,1.0724421,11,1125
da02,1706845257092422,7.0653639,0.83375233,1.0671607,9,1126
da02,1706845257192354,7.0683885,0.83529389,1.0590005,10,1127
da02,1706845257292340,7.0570507,0.82617909,1.0494019,9,1128
da02,1706845257392474,7.0641732,0.82320124,1.0532694,10,1129
da02,1706845257492366,7.0695052,0.81420553,1.0729991,8,1130
da02,1706845257592319,7.051549,0.82850218,1.0737671,8,1131
da02,1706845257692431,7.0459919,0.820623,1.0725574,8,1132
da02,1706845257792304,7.0470386,0.82188457,1.075029,8,1133
da02,1706845257892364,7.054,0.81922817,1.0678688,10,1134
da02,1706845257992390,7.0684114,0.81618679,1.0712996,10,1135
da02,1706845258092504,7.0619345,0.81926829,1.0760877,8,1136
da02,1706845258192318,7.0526848,0.83138531,1.0662315,9,1137
da02,1706845258292424,7.0518208,0.8445276,1.0675282,9,1138
da02,1706845258392272,7.041862,0.841239,1.0653846,8,1139
da02,1706845258492358,7.0456457,0.85006452,1.0683084,9,1140
da02,1706845258592419,7.0529008,0.84373015,1.0638857,10,1141
da02,1706845258692342,7.0647779,0.83936054,1.0768049,9,1142
da02,1706845258792330,7.0570364,0.82990795,1.0748821,8,1143
da02,1706845258892458,7.0576682,0.82554376,1.0713333,9,1144
da02,1706845258992315,7.0675387,0.83322018,1.0711172,11,1145
da02,1706845259092388,7.0648961,0.82088429,1.0677742,9,1146
da02,1706845259192443,7.071207,0.81924742,1.0667752,10,1147
da02,1706845259292424,7.0781255,0.82595956,1.0604479,11,1148
da02,1706845259392331,7.0734277,0.82597971,1.0577888,9,1149
da02,1706845259492456,7.0665059,0.82249361,1.0707759,8,1150
da02,1706845259592349,7.0642648,0.82702821,1.0769583,8,1151
da02,1706845259692367,7.0561743,0.82662147,1.079523,8,1152
da02,1706845259792387,7.0641241,0.83284962,1.0812261,10,1153
da02,1706845259892400,7.0709453,0.83118778,1.0827682,10,1154
da02,1706845259992354,7.0610681,0.8365134,1.0784687,8,1155
da02,1706845260092386,7.0609355,0.83678317,1.08864,8,1156
da02,1706845260192394,7.0570679,0.83625352,1.0843117,9,1157
da02,1706845260292417,7.0677862,0.81953281,1.082742,10,1158
da02,1706845260392413,7.0741568,0.8175053,1.0763284,10,1159
da02,1706845260492429,7.0825691,0.824559,1.0860211,10,1160
da02,1706845260592763,7.0854135,0.83431679,1.0842028,10,1161
da02,1706845260692380,7.0769396,0.83516192,1.0821018,9,1162
da02,1706845260792343,7.0763149,0.83588076,1.0790943,10,1163
da02,1706845260892393,7.0746555,0.83860993,1.081654,9,1164
da02,1706845260992358,7.0685558,0.83428025,1.0776988,9,1165
da02,1706845261092640,7.0758381,0.82966608,1.0801833,10,1166
da02,1706845261192434,7.0635276,0.83874744,1.0741462,8,1167
da02,1706845261292498,7.0713687,0.822528,1.0870576,9,1168
da02,1706845261392385,7.0783172,0.82390618,1.0779903,11,1169
da02,1706845261492417,7.0804644,0.82454264,1.0692747,11,1170
da02,1706845261592428,7.0624857,0.83360869,1.0782801,8,1171
da02,1706845261692392,7.0660067,0.82536995,1.0744324,10,1172
da02,1706845261792435,7.0716896,0.82074279,1.0700178,10,1173
da02,1706845261892403,7.064847,0.81790572,1.0633773,9,1174
da02,1706845261992441,7.0776081,0.82309461,1.0626211,11,1175
da02,1706845262092636,7.0814176,0.8269707,1.0558281,11,1176
da02,1706845262192380,7.088975,0.82199365,1.062269,10,1177
da02,1706845262292510,7.0860062,0.83206403,1.0571604,10,1178
da02,1706845262392465,7.0716352,0.835596,1.0678638,8,1179
da02,1706845262492433,7.0680246,0.84253305,1.065228,9,1180
da02,1706845262592497,7.081924,0.84205407,1.0549157,12,1181
da02,1706845262692504,7.0743079,0.84091884,1.0677488,8,1182
da02,1706845262792369,7.0772085,0.82523227,1.0755887,9,1183
da02,1706845262892468,7.0685496,0.824987,1.0713502,9,1184
da02,1706845262992432,7.0494847,0.82686144,1.0722725,8,1185
da02,1706845263092377,7.061625,0.81962794,1.0709323,10,1186
da02,1706845263192460,7.0732522,0.82509273,1.0702257,11,1187
da02,1706845263292504,7.0754414,0.8298583,1.0689478,10,1188
da02,1706845263392433,7.0847521,0.83275783,1.0722574,11,1189
da02,1706845263492525,7.0886922,0.83459359,1.0652452,11,1190
da02,1706845263592477,7.0683951,0.83265114,1.0636226,7,1191
da02,1706845263692404,7.0747871,0.83810884,1.0742542,10,1192
da02,1706845263792397,7.0766449,0.83509785,1.0780926,9,1193
da02,1706845263892389,7.074852,0.841476,1.07063,10,1194
da02,1706845263992389,7.0691776,0.83041781,1.0725064,8,1195
da02,1706845264093969,7.0744,0.82751918,1.0706782,10,1196
da02,1706845264192409,7.0663533,0.83223742,1.0770943,8,1197
da02,1706845264292974,7.0706911,0.83260322,1.0744193,10,1198
da02,1706845264392402,7.0759759,0.82541561,1.0721085,10,1199
da02,1706845264492431,7.0668449,0.82588428,1.0666494,9,1200
da02,1706845264592453,7.0584764,0.826508,1.0732014,8,1201
da02,1706845264692414,7.0575089,0.82861483,1.0683582,9,1202
da02,1706845264792355,7.0576439,0.82378381,1.0726124,8,1203
da02,1706845264892528,7.0646067,0.82138449,1.0744575,10,1204
da02,1706845264992380,7.05578,0.81531006,1.06929,8,1205
da02,1706845265092438,7.0637522,0.8300038,1.0678393,10,1206
da02,1706845265192469,7.0555129,0.82249725,1.0695059,8,1207
da02,1706845265292426,7.0602651,0.82529551,1.0654997,10,1208
da02,1706845265392350,7.0581646,0.82277322,1.0700665,8,1209
da02,1706845265492460,7.0631151,0.81911457,1.0700192,10,1210
da02,1706845265592406,7.0589027,0.8106485,1.0664827,9,1211
da02,1706845265692428,7.0673566,0.81865513,1.0704303,10,1212
da02,1706845265792492,7.0716724,0.83215916,1.066222,11,1213
da02,1706845265892424,7.07583,0.83256173,1.0659906,10,1214
da02,1706845265992366,7.0747304,0.83239526,1.0717713,9,1215
da02,1706845266092493,7.064374,0.832535,1.0736003,8,1216
da02,1706845266192365,7.05896,0.82822013,1.0691493,9,1217
da02,1706845266292426,7.0547943,0.83167368,1.0717678,8,1218
da02,1706845266392592,7.0650043,0.83704817,1.0738126,10,1219
da02,1706845266492390,7.069788,0.82948416,1.0698265,10,1220
da02,1706845266592367,7.0606623,0.83038312,1.0683414,8,1221
da02,1706845266692520,7.0633006,0.83411252,1.0746385,9,1222
da02,1706845266792360,7.0827422,0.82597381,1.0717809,12,1223
da02,1706845266892406,7.0791521,0.82706392,1.077449,9,1224
da02,1706845266992457,7.0666957,0.81847459,1.0674143,8,1225
da02,1706845267092392,7.0811968,0.83025205,1.0673505,12,1226
da02,1706845267192385,7.0818815,0.82778364,1.0622611,10,1227
da02,1706845267292448,7.0792966,0.82771558,1.0648187,9,1228
da02,1706845267392349,7.0682321,0.82426405,1.056637,9,1229
da02,1706845267492450,7.0775785,0.82036,1.0545503,11,1230
da02,1706845267592467,7.0888252,0.81673092,1.0543096,11,1231
da02,1706845267692533,7.0801978,0.82575494,1.0556513,9,1232
da02,1706845267792378,7.0674896,0.83849758,1.0513564,9,1233
da02,1706845267892462,7.0677276,0.83653814,1.0507611,10,1234
da02,1706845267992386,7.0580659,0.830049,1.0525604,8,1235
da02,1706845268092409,7.06699,0.84185243,1.0526551,11,1236
da02,1706845268192418,7.0659418,0.831556,1.0485157,10,1237
da02,1706845268292423,7.0754094,0.82954562,1.0522338,11,1238
da02,1706845268392367,7.084013,0.8287791,1.0599456,11,1239
da02,1706845268492415,7.0869637,0.832675,1.0604193,11,1240
da02,1706845268592404,7.0826864,0.83403105,1.0593261,10,1241
da02,1706845268692404,7.0683336,0.84008604,1.0643281,8,1242
da02,1706845268792408,7.0731592,0.84401172,1.0816396,9,1243
da02,1706845268892458,7.0687985,0.84800196,1.0855551,9,1244
da02,1706845268992412,7.0691338,0.84101504,1.0805248,9,1245
da02,1706845269092384,7.0740271,0.83131808,1.081789,10,1246
da02,1706845269192407,7.0581851,0.82940477,1.0819234,8,1247
da02,1706845269292467,7.0631123,0.82521045,1.0792639,10,1248
da02,1706845269392500,7.0601215,0.8339501,1.0764471,9,1249
da02,1706845269492440,7.0702615,0.83092839,1.07828,10,1250
da02,1706845269592387,7.0594497,0.83406711,1.0746664,8,1251
da02,1706845269692388,7.0616789,0.83087575,1.0864949,8,1252
da02,1706845269792414,7.063571,0.81842673,1.077069,9,1253
da02,1706845269892430,7.0602226,0.8202374,1.0784127,8,1254
da02,1706845269992453,7.0548692,0.80880827,1.0775193,8,1255
da02,1706845270092443,7.0605574,0.80860895,1.0907813,8,1256
da02,1706845270192424,7.0560985,0.81022471,1.0896183,8,1257
da02,1706845270292435,7.0738282,0.80911487,1.0878848,11,1258
da02,1706845270392453,7.0749049,0.80435181,1.0895524,9,1259
da02,1706845270492445,7.0637016,0.81341314,1.0814097,8,1260
da02,1706845270592379,7.0701728,0.822667,1.0723249,11,1261
da02,1706845270692463,7.060461,0.83228457,1.079015,8,1262
da02,1706845270792698,7.1651664,0.8237856,1.0555089,67,1263
da02,1706845270892433,7.1437087,0.82291657,1.0536544,10,1264
da02,1706845270992525,7.1196232,0.8199,1.0535457,9,1265
da02,1706845271092626,7.1109114,0.82514781,1.0737517,9,1266
da02,1706845271192396,7.102118,0.83018386,1.0822189,9,1267
da02,1706845271292544,7.096324,0.83211786,1.0864933,9,1268
da02,1706845271392566,7.0904651,0.83400989,1.0775546,10,1269
da02,1706845271492453,7.0955667,0.84188819,1.0719475,11,1270
da02,1706845271592422,7.0922971,0.8345902,1.0715042,10,1271
da02,1706845271692458,7.0706682,0.83635104,1.0721686,8,1272
da02,1706845271792393,7.0770278,0.8338781,1.0681405,11,1273
da02,1706845271892678,7.08018,0.83694214,1.0582348,11,1274
da02,1706845271992470,7.076077,0.83641261,1.064142,9,1275
da02,1706845272092425,7.0768371,0.83574921,1.0611993,10,1276
da02,1706845272192462,7.0715165,0.82088441,1.062385,9,1277
da02,1706845272292508,7.0708346,0.81766379,1.0648206,9,1278
da02,1706845272392384,7.0764503,0.81495923,1.0663096,10,1279
da02,1706845272492413,7.0813465,0.81895423,1.0641043,11,1280
da02,1706845272592379,7.07081,0.82544804,1.0696981,8,1281
da02,1706845272692418,7.0754862,0.83281022,1.0639086,11,1282
da02,1706845272792386,7.0764084,0.83196473,1.0568918,10,1283
da02,1706845272892444,7.0738039,0.82222939,1.0572151,9,1284
da02,1706845272992488,7.0823989,0.8271125,1.052389,12,1285
da02,1706845273092483,7.0852146,0.81642312,1.0552626,10,1286
da02,1706845273192386,7.0882344,0.82414776,1.0583234,11,1287
da02,1706845273292488,7.0863066,0.828447,1.0548266,10,1288
da02,1706845273392416,7.09657,0.84364808,1.062308,12,1289
da02,1706845273492442,7.0810137,0.84841275,1.0701524,8,1290
da02,1706845273592509,7.0816407,0.84694391,1.0737334,10,1291
da02,1706845273692590,7.0642633,0.84080875,1.0693216,8,1292
da02,1706845273792572,7.0598674,0.84344071,1.0647417,9,1293
da02,1706845273892514,7.0547714,0.83936846,1.0649146,8,1294
da02,1706845273993306,7.0546393,0.84384936,1.063976,9,1295
da02,1706845274093130,7.0531139,0.84077638,1.0717108,8,1296
da02,1706845274192487,7.0616326,0.8326748,1.0669271,10,1297
da02,1706845274292932,7.0548081,0.84021705,1.0697998,8,1298
da02,1706845274392430,7.0699534,0.84535509,1.076866,11,1299
da02,1706845274492484,7.079865,0.84631288,1.0689026,11,1300
da02,1706845274592426,7.07038,0.85079074,1.0772715,8,1301
da02,1706845274692431,7.0566258,0.84176129,1.0813142,7,1302
da02,1706845274792458,7.0626559,0.8382619,1.0747675,10,1303
da02,1706845274892451,7.0632834,0.83926249,1.0783246,9,1304
da02,1706845274992453,7.0618949,0.8363781,1.0663741,10,1305
da02,1706845275092602,7.2789817,0.64153636,1.403062,74,1306
da02,1706845275192458,7.2247562,0.69246894,1.3224488,9,1307
da02,1706845275293022,7.1710334,0.73754805,1.2665215,8,1308
da02,1706845275392508,7.1427836,0.75210029,1.2315726,7,1309
da02,1706845275492488,7.1275878,0.77394491,1.1971774,9,1310
da02,1706845275592490,7.1162486,0.78817517,1.1592944,10,1311
da02,1706845275692503,7.1100607,0.79780054,1.1262167,11,1312
da02,1706845275792514,7.0976605,0.8111946,1.1103399,9,1313
da02,1706845275892510,7.0850506,0.8133539,1.0967646,9,1314
da02,1706845275992501,7.0825434,0.81055534,1.0872465,10,1315
da02,1706845276092440,7.0834641,0.82224488,1.0939572,9,1316
da02,1706845276192428,7.0794277,0.81793672,1.0871005,9,1317
da02,1706845276292485,7.0674548,0.82542193,1.0851538,8,1318
da02,1706845276392430,7.0577569,0.82723141,1.0953914,8,1319
da02,1706845276492478,7.0687094,0.83788353,1.086228,11,1320
da02,1706845276592470,7.0591817,0.83071089,1.0764208,8,1321
da02,1706845276692476,7.0652332,0.83476216,1.082606,9,1322
da02,1706845276792454,7.0623169,0.82499266,1.090127,8,1323
da02,1706845276892533,7.0596571,0.82476932,1.0930574,8,1324
da02,1706845276992505,7.0686064,0.83524549,1.0871109,11,1325
da02,1706845277092501,7.068049,0.84222877,1.0866945,9,1326
da02,1706845277192487,7.0478468,0.84652323,1.0825014,8,1327
da02,1706845277292514,7.0527091,0.834992,1.0857292,9,1328
da02,1706845277392536,7.0564651,0.84386128,1.0912848,9,1329
da02,1706845277492530,7.0567489,0.83855349,1.1023086,7,1330
da02,1706845277592510,7.0535941,0.83459908,1.0924362,9,1331
da02,1706845277692492,7.0545664,0.83731836,1.0821779,9,1332
da02,1706845277792503,7.066515,0.83197868,1.0794933,10,1333
da02,1706845277892527,7.0661836,0.83457708,1.0780697,9,1334
da02,1706845277992507,7.0682945,0.8320601,1.0787735,9,1335
da02,1706845278092530,7.0678682,0.83656615,1.0717287,10,1336
da02,1706845278192480,7.0661793,0.8301881,1.0662371,9,1337
da02,1706845278292473,7.0633616,0.82685918,1.0654904,9,1338
da02,1706845278392542,7.0566134,0.82769066,1.0633852,8,1339
da02,1706845278492476,7.0668559,0.8281256,1.0629607,11,1340
da02,1706845278592478,7.064857,0.83422559,1.0732652,8,1341
da02,1706845278692497,7.0661211,0.83288014,1.0796123,9,1342
da02,1706845278792480,7.0655794,0.82885629,1.0863247,8,1343
da02,1706845278892494,7.0683265,0.82180572,1.0804659,10,1344
da02,1706845278992466,7.0699019,0.82248151,1.0805706,9,1345
da02,1706845279092476,7.0748591,0.82719451,1.0747448,10,1346
da02,1706845279192440,7.0576987,0.82408148,1.0724337,7,1347
da02,1706845279292520,7.0597343,0.81740934,1.0767775,9,1348
da02,1706845279392438,7.0675769,0.825217,1.0774708,10,1349
da02,1706845279494108,7.0718923,0.83369571,1.0741674,10,1350
da02,1706845279592524,7.0778551,0.83747941,1.0714527,11,1351
da02,1706845279692492,7.0844183,0.8272233,1.0748733,10,1352
da02,1706845279792506,7.0821419,0.81645483,1.0694593,10,1353
da02,1706845279892586,7.0733929,0.81836671,1.0740482,8,1354
da02,1706845279992496,7.0791011,0.81698281,1.0760376,10,1355
da02,1706845280092492,7.0691967,0.819525,1.0733865,8,1356
da02,1706845280192536,7.076787,0.7196939,1.0513692,70,1357
da02,1706845280292440,7.0587926,0.74049848,1.0490168,8,1358
da02,1706845280392442,7.06805,0.75968283,1.0690014,9,1359
da02,1706845280492504,7.0662374,0.77695775,1.0731897,9,1360
da02,1706845280592474,7.0640097,0.7962231,1.0798882,8,1361
da02,1706845280692478,7.0637908,0.81594157,1.0799441,9,1362
da02,1706845280792534,7.055027,0.81900406,1.0911142,8,1363
da02,1706845280892472,7.0619369,0.81523353,1.0776405,10,1364
da02,1706845280992458,7.0708733,0.81651843,1.0767144,10,1365
da02,1706845281092530,7.0617466,0.82690275,1.0882314,8,1366
da02,1706845281192466,7.0697451,0.8140018,1.0852345,10,1367
da02,1706845281292477,7.0588126,0.81384826,1.0839114,7,1368
da02,1706845281392538,7.0482821,0.81600356,1.0766478,8,1369
da02,1706845281492457,7.0604644,0.82488179,1.0861273,10,1370
da02,1706845281592465,7.0578303,0.82841223,1.0901084,8,1371
da02,1706845281692485,7.0704055,0.8294037,1.0914488,10,1372
da02,1706845281792476,7.0641727,0.8296721,1.0784798,9,1373
da02,1706845281892501,7.0753903,0.81918526,1.0679088,11,1374
da02,1706845281992490,7.0727057,0.80966687,1.0596493,10,1375
da02,1706845282092490,7.0753827,0.820145,1.0628012,10,1376
da02,1706845282192459,7.0774302,0.82580364,1.0606428,10,1377
da02,1706845282292489,7.0890126,0.82722634,1.0545208,12,1378
da02,1706845282392690,7.0887852,0.83224976,1.0545245,10,1379
da02,1706845282492524,7.078783,0.82876652,1.0559494,9,1380
da02,1706845282592634,7.0931892,0.82081121,1.0614277,11,1381
da02,1706845282692516,7.0927958,0.81766617,1.0702755,9,1382
da02,1706845282792458,7.0784512,0.81211919,1.0744767,8,1383
da02,1706845282892859,7.0802121,0.812636,1.0758557,10,1384
da02,1706845282992504,7.0868783,0.81574941,1.0714236,11,1385
da02,1706845283092546,7.2236776,0.69066989,1.3756353,71,1386
da02,1706845283192482,7.1802483,0.72777563,1.3034307,8,1387
da02,1706845283292502,7.1606674,0.75653517,1.2476,10,1388
da02,1706845283392460,7.1322541,0.77569026,1.2045784,8,1389
da02,1706845283492488,7.1196175,0.79496568,1.1818582,9,1390
da02,1706845283592471,7.1022878,0.79812443,1.1669801,7,1391
da02,1706845283692491,7.0930614,0.80580586,1.1463859,9,1392
da02,1706845283792470,7.07439,0.8084141,1.1317927,7,1393
da02,1706845283892527,7.0671582,0.81497675,1.1166763,9,1394
da02,1706845283992468,7.0762491,0.82158691,1.1047989,11,1395
da02,1706845284092503,7.0690017,0.82006061,1.0884761,9,1396
da02,1706845284192450,7.07422,0.82314092,1.0799503,10,1397
da02,1706845284292486,7.0657973,0.83155918,1.0837511,8,1398
da02,1706845284392553,7.0583749,0.83446985,1.0934216,8,1399
da02,1706845284492484,7.0667934,0.82344204,1.0853258,10,1400
da02,1706845284592489,7.07446,0.82720983,1.0763611,11,1401
da02,1706845284692681,7.0736141,0.83410823,1.066223,10,1402
da02,1706845284792526,7.0668044,0.81960821,1.0705163,8,1403
da02,1706845284892520,7.0570021,0.81660736,1.0659817,8,1404
da02,1706845284992460,7.0586939,0.82116157,1.0699522,9,1405
da02,1706845285092610,7.0559816,0.80952227,1.0781519,7,1406
da02,1706845285192480,7.0494571,0.81957191,1.0697953,9,1407
da02,1706845285292500,7.0502634,0.8293823,1.0665914,9,1408
da02,1706845285392469,7.053793,0.82063389,1.0709974,9,1409
da02,1706845285492489,7.0616574,0.82352412,1.0708957,10,1410
da02,1706845285592495,7.0807581,0.81765771,1.0665203,12,1411
da02,1706845285692462,7.0754962,0.81410921,1.0643628,9,1412
da02,1706845285792496,7.0666218,0.80948526,1.0659523,8,1413
da02,1706845285892582,7.0648174,0.81244504,1.0691329,9,1414
da02,1706845285992499,7.0634131,0.81805068,1.0688083,9,1415
da02,1706845286092492,7.0635424,0.82003248,1.0675573,9,1416
da02,1706845286192474,7.06817,0.8249166,1.07037,10,1417
da02,1706845286292992,7.0557728,0.81940234,1.0699201,7,1418
da02,1706845286392471,7.0675049,0.81407082,1.0651361,11,1419
da02,1706845286492542,7.0758357,0.81377816,1.0690835,10,1420
da02,1706845286592513,7.0628672,0.8218925,1.0732952,8,1421
da02,1706845286692514,7.0688405,0.82527316,1.0664684,11,1422
da02,1706845286792508,7.0686827,0.82991284,1.0707655,9,1423
da02,1706845286892532,7.0742016,0.83902544,1.0782682,10,1424
da02,1706845286992491,7.0613084,0.83785164,1.0780346,8,1425
da02,1706845287092536,7.0640612,0.84489042,1.0886641,9,1426
da02,1706845287192489,7.0738106,0.85190505,1.0788213,11,1427
da02,1706845287292483,7.0851526,0.84563094,1.0718163,12,1428
da02,1706845287392568,7.0899172,0.83451492,1.0641931,11,1429
da02,1706845287492485,7.081038,0.83793962,1.0664918,9,1430
da02,1706845287592490,7.071331,0.84011418,1.0663408,9,1431
da02,1706845287692512,7.0699596,0.8306179,1.0612183,10,1432
da02,1706845287792486,7.0650325,0.82826078,1.0661647,8,1433
da02,1706845287892552,7.0666504,0.828051,1.0715384,9,1434
da02,1706845287992522,7.05868,0.83004886,1.0710336,8,1435
da02,1706845288092546,7.0518003,0.83798623,1.0628115,9,1436
da02,1706845288192510,7.0583239,0.83164656,1.0649301,10,1437
da02,1706845288292524,7.0560775,0.8192789,1.0685418,8,1438
da02,1706845288392660,7.0633759,0.82257318,1.0614972,11,1439
da02,1706845288492593,7.0646467,0.82226241,1.072811,8,0
da02,1706845288592512,7.06236,0.83502781,1.0800803,9,1
da02,1706845288692538,7.0671959,0.8418569,1.0702441,11,2
da02,1706845288792545,7.0790243,0.839231,1.0622327,12,3
da02,1706845288892620,7.0755668,0.83901447,1.0534096,10,4
da02,1706845288992562,7.0754142,0.83095193,1.0513064,10,5
da02,1706845289092630,7.0744133,0.83235997,1.0535386,10,6
da02,1706845289192571,7.0615573,0.82720709,1.065299,7,7
da02,1706845289292506,7.0507226,0.8266862,1.0755134,8,8
da02,1706845289392517,7.0556111,0.82162529,1.0795034,9,9
da02,1706845289492537,7.0561385,0.82419449,1.0751773,9,10
da02,1706845289592527,7.0649633,0.82589692,1.0672507,11,11
da02,1706845289692517,7.0578146,0.82696897,1.0647055,8,12
da02,1706845289792528,7.0567546,0.82145369,1.0622417,9,13
da02,1706845289892516,7.0727754,0.82132441,1.0563164,12,14
da02,1706845289992527,7.0808659,0.82485408,1.060215,11,15
da02,1706845290092585,7.0755095,0.82283229,1.0682666,8,16
da02,1706845290192540,7.0851812,0.82940161,1.065968,11,17
da02,1706845290292520,7.0880384,0.81625992,1.0747552,9,18
da02,1706845290392576,7.0828428,0.81459671,1.0692711,10,19
da02,1706845290492503,7.0853081,0.81934857,1.0793793,9,20
da02,1706845290592560,7.0907221,0.8173812,1.0805504,10,21
da02,1706845290692543,7.080586,0.8194533,1.0810237,8,22
da02,1706845290792533,7.076683,0.82853204,1.0803292,9,23
da02,1706845290892550,7.0749135,0.83421409,1.0829527,9,24
da02,1706845290992584,7.0712266,0.84194386,1.0714231,10,25
da02,1706845291092580,7.0660491,0.82999343,1.0830884,7,26
da02,1706845291192536,7.0581203,0.83820605,1.0819207,8,27
da02,1706845291292532,7.0633855,0.8359431,1.0779549,10,28
da02,1706845291392687,7.0573573,0.83707267,1.0797166,8,29
da02,1706845291492738,7.0732183,0.83300877,1.073184,11,30
da02,1706845291592720,7.06746,0.83120018,1.0717041,9,31
da02,1706845291692738,7.0683627,0.83695579,1.0779079,9,32
da02,1706845291792726,7.0615964,0.82959884,1.0820031,8,33
da02,1706845291892789,7.0602202,0.83167285,1.0763676,9,34
da02,1706845291992732,7.0633054,0.69675165,1.0507153,70,35
da02,1706845292092745,7.0660996,0.73092896,1.0589821,9,36
da02,1706845292192734,7.06718,0.747562,1.0664029,9,37
da02,1706845292292726,7.0688634,0.77569091,1.0806074,9,38
da02,1706845292392748,7.0618706,0.79041755,1.078583,8,39
da02,1706845292492741,7.063437,0.80488747,1.0802219,9,40
da02,1706845292592727,7.0608268,0.81282222,1.0687959,10,41
da02,1706845292692751,7.0588808,0.81873083,1.0640085,9,42
da02,1706845292792764,7.0535378,0.82788897,1.0693256,8,43
da02,1706845292892766,7.0514326,0.83306336,1.0595477,10,44
da02,1706845292992730,7.0575352,0.83616537,1.0639607,10,45
da02,1706845293092726,7.0610042,0.83627003,1.0630292,10,46
da02,1706845293192686,7.0590129,0.83622664,1.0710723,8,47
da02,1706845293292710,7.0632567,0.83630288,1.0718707,10,48
da02,1706845293392774,7.0600028,0.83258158,1.0665758,9,49
da02,1706845293492754,7.0674887,0.83024079,1.0703691,10,50
da02,1706845293592702,7.0683489,0.83861482,1.0624676,10,51
da02,1706845293692762,7.0694246,0.84216809,1.0682236,9,52
da02,1706845293792691,7.0684566,0.83662254,1.0678096,9,53
da02,1706845293892737,7.06232,0.83651114,1.0676427,9,54
da02,1706845293992732,7.0661669,0.83292252,1.0541768,11,55
da02,1706845294092863,7.0695138,0.82640016,1.0516053,10,56
da02,1706845294192700,7.0692596,0.82628524,1.058159,9,57
da02,1706845294292722,7.0632734,0.83058739,1.0659881,8,58
da02,1706845294392754,7.0771093,0.83629543,1.0719397,11,59
da02,1706845294492762,7.0618949,0.84060287,1.0778483,8,60
da02,1706845294592750,7.0626822,0.84327859,1.0775748,9,61
da02,1706845294692807,7.0477138,0.84138924,1.073904,8,62
da02,1706845294792755,7.0461936,0.85161734,1.0749171,9,63
da02,1706845294894410,7.0681357,0.85061729,1.0823348,11,64
da02,1706845294992762,7.0843482,0.84583813,1.0740482,12,65
da02,1706845295092761,7.0788331,0.84240675,1.067016,10,66
da02,1706845295192761,7.0614023,0.83809853,1.0697985,8,67
da02,1706845295292796,7.0667281,0.82837886,1.0688436,10,68
da02,1706845295392746,7.0866079,0.83472592,1.0763433,12,69
da02,1706845295492772,7.0839248,0.83627039,1.0799862,9,70
da02,1706845295592763,7.0785742,0.83183289,1.0741811,9,71
da02,1706845295692721,7.0732651,0.83747864,1.0692217,9,72
da02,1706845295792707,7.0713539,0.82969403,1.078867,8,73
da02,1706845295893255,7.0599651,0.82897997,1.080212,7,74
da02,1706845295992715,7.0678439,0.8271662,1.0816472,10,75
da02,1706845296092747,7.0664372,0.82952279,1.0730748,10,76
da02,1706845296192708,7.0779243,0.8381092,1.0734241,11,77
da02,1706845296292755,7.0755763,0.832795,1.0813948,8,78
da02,1706845296392736,7.075448,0.823992,1.0791478,9,79
da02,1706845296492743,7.0902386,0.82322741,1.0757619,12,80
da02,1706845296592902,7.0881195,0.83177656,1.0780072,10,81
da02,1706845296692734,7.0913572,0.81806487,1.0872915,9,82
da02,1706845296792714,7.0707679,0.81991243,1.0774039,8,83
da02,1706845296892726,7.0764561,0.81213707,1.0781337,10,84
da02,1706845296992712,7.0802484,0.81229329,1.0793744,10,85
da02,1706845297092741,7.0869055,0.81549239,1.0740627,11,86
da02,1706845297192722,7.0718503,0.82803309,1.0771812,8,87
da02,1706845297293309,7.0690875,0.82822043,1.0793245,9,88
da02,1706845297392725,7.0562882,0.83200288,1.0760591,8,89
da02,1706845297492782,7.0615139,0.83606887,1.085375,9,90
da02,1706845297592722,7.0763354,0.82997382,1.0842586,11,91
da02,1706845297692738,7.2284288,0.6770907,1.4295681,72,92
da02,1706845297792737,7.186377,0.72394139,1.3465896,9,93
da02,1706845297892807,7.1581521,0.7415784,1.2842113,9,94
da02,1706845297992721,7.1487417,0.76586664,1.2279884,11,95
da02,1706845298092898,7.1247144,0.79017824,1.1894118,9,96
da02,1706845298192737,7.1130342,0.79472142,1.1519836,10,97
da02,1706845298292760,7.1110749,0.80151075,1.1384497,10,98
da02,1706845298392731,7.0959768,0.82290006,1.1193113,9,99
da02,1706845298492727,7.0970769,0.82598084,1.115309,10,100
da02,1706845298592738,7.0959921,0.82341176,1.1200534,9,101
da02,1706845298692751,7.1002717,0.82235157,1.1050053,11,102
da02,1706845298792732,7.0938559,0.82302463,1.0838686,11,103
da02,1706845298892755,7.0830636,0.81582975,1.0810403,8,104
da02,1706845298992762,7.0825772,0.81203479,1.0800005,9,105
da02,1706845299092766,7.0796924,0.82379758,1.0731066,10,106
da02,1706845299192741,7.0779505,0.82993954,1.0758305,9,107
da02,1706845299292774,7.0841079,0.82424957,1.0664984,11,108
da02,1706845299392840,7.0897527,0.82785034,1.0617108,11,109
da02,1706845299492735,7.1945233,0.83220363,1.0444345,66,110
da02,1706845299592701,7.1694918,0.8310774,1.0576403,10,111
da02,1706845299692684,7.1300616,0.83555716,1.0670612,8,112
da02,1706845299792650,7.1062746,0.83343905,1.066952,8,113
da02,1706845299892636,7.0918226,0.83408654,1.0743095,8,114
da02,1706845299992666,7.09248,0.83364815,1.0728337,10,115
da02,1706845300092651,7.0891681,0.83024323,1.0779971,9,116
da02,1706845300192656,7.0780549,0.8193512,1.0751954,8,117
da02,1706845300292654,7.0649767,0.82128572,1.0698597,8,118
da02,1706845300392650,7.0592308,0.83097279,1.0699813,9,119
da02,1706845300492655,7.0688915,0.82610261,1.066489,11,120
da02,1706845300592884,7.0577254,0.82669353,1.0660805,8,121
da02,1706845300692648,7.0659266,0.81800836,1.0600078,10,122
da02,1706845300792651,7.0663791,0.82999104,1.0754325,8,123
da02,1706845300892741,7.0772572,0.8303141,1.066383,11,124
da02,1706845300993138,7.0650134,0.83769381,1.0682724,8,125
da02,1706845301092847,7.05359,0.83881253,1.0612156,8,126
da02,1706845301192661,7.0583973,0.84011388,1.0627474,10,127
da02,1706845301292659,7.0693159,0.8397311,1.0591613,11,128
da02,1706845301392672,7.0780253,0.85443228,1.052459,12,129
da02,1706845301492700,7.0725746,0.84800291,1.0610729,9,130
da02,1706845301592695,7.0612803,0.84119672,1.0713614,7,131
da02,1706845301692706,7.0642138,0.8385191,1.0730542,9,132
da02,1706845301792680,7.0648541,0.83796418,1.0777203,9,133
da02,1706845301892664,7.0592327,0.8378638,1.077829,8,134
da02,1706845301992674,7.0581336,0.83373755,1.0745397,9,135
da02,1706845302092692,7.0601163,0.82245737,1.0663426,10,136
da02,1706845302192664,7.0576415,0.82212108,1.0738077,8,137
da02,1706845302292662,7.0558281,0.81969982,1.0673239,9,138
da02,1706845302392731,7.0690408,0.81733227,1.061253,11,139
da02,1706845302492680,7.072679,0.8225165,1.0666913,10,140
da02,1706845302592676,7.0799847,0.82873517,1.0666269,11,141
da02,1706845302692682,7.0723486,0.8103441,1.0829499,7,142
da02,1706845302792824,7.0768147,0.81022,1.0778054,10,143
da02,1706845302892661,7.0751209,0.81377518,1.0788581,9,144
da02,1706845302992670,7.0681643,0.81416714,1.0727998,9,145
da02,1706845303092728,7.0668268,0.81076181,1.0673933,9,146
da02,1706845303193134,7.0771117,0.8218652,1.0611161,12,147
da02,1706845303292724,7.0812922,0.83460128,1.0586936,11,148
da02,1706845303393148,7.0734611,0.83575255,1.0619231,9,149
da02,1706845303492704,7.0661206,0.83253223,1.0583608,9,150
da02,1706845303593364,7.0656986,0.82305962,1.0535002,10,151
da02,1706845303692703,7.0909886,0.82601094,1.0559006,13,152
da02,1706845303792682,7.0929179,0.830917,1.0674392,10,153
da02,1706845303892745,7.0849423,0.82710916,1.0595965,10,154
da02,1706845303992691,7.0775766,0.81553197,1.0615201,9,155
da02,1706845304092714,7.0765452,0.81254339,1.0635395,9,156
da02,1706845304192720,7.0821648,0.81869364,1.0572981,11,157
da02,1706845304292754,7.0909109,0.8277759,1.060582,11,158
da02,1706845304392722,7.0860772,0.82656795,1.0669901,9,159
da02,1706845304493044,7.0887914,0.83733058,1.0689876,11,160
da02,1706845304592750,7.068542,0.83021295,1.0650127,7,161
da02,1706845304692800,7.0654588,0.82993108,1.0591209,10,162
da02,1706845304792756,7.0696073,0.8323406,1.0640426,10,163
da02,1706845304892772,7.0801506,0.82605767,1.0608934,11,164
da02,1706845304992785,7.0666537,0.82064474,1.0649494,7,165
da02,1706845305092785,7.0808368,0.82904345,1.0520318,13,166
da02,1706845305192739,7.0690579,0.82332093,1.0528641,8,167
da02,1706845305292754,7.075038,0.82483095,1.0553395,10,168
da02,1706845305392783,7.0726252,0.82592875,1.0512987,10,169
da02,1706845305492765,7.0715032,0.83152086,1.0597585,9,170
da02,1706845305593143,7.0771141,0.83953822,1.0645059,10,171
da02,1706845305692770,7.06096,0.83070546,1.0685828,7,172
da02,1706845305792753,7.05259,0.82714641,1.0690261,8,173
da02,1706845305892779,7.0592504,0.82536691,1.0751414,9,174
da02,1706845305993291,7.0654006,0.82527786,1.0646888,11,175
da02,1706845306092940,7.0657735,0.82696795,1.0634958,10,176
da02,1706845306192748,7.0624523,0.83823174,1.0668001,9,177
da02,1706845306292800,7.0704756,0.83449566,1.0702641,10,178
da02,1706845306392753,7.0604339,0.83266079,1.0658606,8,179
da02,1706845306492763,7.0692797,0.83558619,1.0648556,11,180
da02,1706845306592737,7.070128,0.83992743,1.0662156,10,181
da02,1706845306692803,7.0705576,0.83236444,1.0625855,10,182
da02,1706845306792785,7.0687261,0.83962923,1.0772724,8,183
da02,1706845306892836,7.0610747,0.83345705,1.0835899,7,184
da02,1706845306992769,7.0598326,0.83337086,1.088591,8,185
da02,1706845307092804,7.0552716,0.82241648,1.0886154,8,186
da02,1706845307192787,7.0682821,0.81634891,1.0788939,11,187
da02,1706845307292804,7.0713749,0.82029319,1.0770946,10,188
da02,1706845307392789,7.0638013,0.82046437,1.0824671,8,189
da02,1706845307492830,7.0580921,0.82287824,1.0796151,8,190
da02,1706845307592778,7.0669045,0.81889129,1.0736338,10,191
da02,1706845307692807,7.0707507,0.8195653,1.0772666,9,192
da02,1706845307792791,7.0751472,0.82197207,1.0776972,10,193
da02,1706845307892807,7.0653505,0.83066583,1.0823622,8,194
da02,1706845307992778,7.0707736,0.82733721,1.0756171,10,195
da02,1706845308092845,7.0614018,0.8287729,1.0726843,8,196
da02,1706845308192826,7.0665646,0.83147192,1.0742152,10,197
da02,1706845308293390,7.0622888,0.84121484,1.0761786,9,198
da02,1706845308392846,7.0591903,0.84183061,1.0754036,9,199
da02,1706845308492808,7.0590124,0.85124213,1.0772531,9,200
da02,1706845308592898,7.0429206,0.83381182,1.0738794,7,201
da02,1706845308692816,7.055666,0.84240538,1.0716789,11,202
da02,1706845308792807,7.0619712,0.83653611,1.0630597,10,203
da02,1706845308892814,7.0655661,0.8309347,1.0640668,10,204
da02,1706845308992814,7.0708604,0.83209521,1.0557758,11,205
da02,1706845309092806,7.0647697,0.84021157,1.0594994,9,206
da02,1706845309192780,7.0694656,0.836285,1.0756798,9,207
da02,1706845309292826,7.0707459,0.83448517,1.0735532,10,208
da02,1706845309392820,7.07801,0.82159585,1.0719181,10,209
da02,1706845309492851,7.0698867,0.82377684,1.0676163,9,210
da02,1706845309592841,7.0753632,0.81994241,1.0635849,10,211
da02,1706845309692852,7.074326,0.82628196,1.0710711,9,212
da02,1706845309792814,7.0757031,0.81689274,1.0666692,10,213
da02,1706845309892856,7.0705476,0.81347972,1.0723336,8,214
da02,1706845309992972,7.0681472,0.815066,1.0749676,9,215
da02,1706845310092827,7.06589,0.82116973,1.0697578,9,216
da02,1706845310192789,7.071465,0.8254118,1.0727936,10,217
da02,1706845310294405,7.0730906,0.8210935,1.0720646,10,218
da02,1706845310392838,7.0631437,0.82405871,1.0738204,8,219
da02,1706845310493015,7.0695143,0.82086045,1.0736836,10,220
da02,1706845310593241,7.0688562,0.8236255,1.0740306,9,221
da02,1706845310692811,7.0593014,0.81998575,1.0710582,8,222
da02,1706845310792831,7.058022,0.83038956,1.0727603,9,223
da02,1706845310892829,7.0609069,0.83675128,1.0738469,9,224
da02,1706845310993344,7.0715513,0.83906686,1.069262,11,225
da02,1706845311092825,7.0643072,0.83530891,1.0741971,8,226
da02,1706845311192906,7.0589132,0.83027196,1.073385,8,227
da02,1706845311292826,7.0620737,0.82961059,1.0693769,10,228
da02,1706845311392840,7.0609803,0.83021903,1.0637972,9,229
da02,1706845311492817,7.0449362,0.83188933,1.0704713,8,230
da02,1706845311592814,7.0525727,0.84085906,1.0740263,10,231
da02,1706845311692861,7.040803,0.84551972,1.0755486,8,232
da02,1706845311792825,7.0351596,0.84044033,1.0793852,8,233
da02,1706845311892845,7.0335355,0.83849519,1.0910648,8,234
da02,1706845311992814,7.0402961,0.83952004,1.0794544,10,235
da02,1706845312092861,7.0321364,0.8351633,1.0815314,8,236
da02,1706845312192830,7.0357184,0.84042525,1.0666928,10,237
da02,1706845312292860,7.0336046,0.83779871,1.0686849,8,238
da02,1706845312392794,7.0489621,0.827457,1.0657947,10,239
da02,1706845312492819,7.0503545,0.830446,1.0631654,9,240
da02,1706845312592803,7.0478621,0.83929837,1.0681028,8,241
da02,1706845312692838,7.0404177,0.83801234,1.0745302,8,242
da02,1706845312792808,7.0339994,0.84118563,1.0745542,8,243
da02,1706845312892855,7.038486,0.8336187,1.0689301,9,244
da02,1706845312992827,7.0525575,0.82884222,1.063601,11,245
da02,1706845313092834,7.2421193,0.65918052,1.403985,73,246
da02,1706845313192801,7.1974287,0.70638984,1.3360057,8,247
da02,1706845313292825,7.1652708,0.73079753,1.2546176,10,248
da02,1706845313392782,7.1414676,0.75307119,1.2149017,9,249
da02,1706845313492824,7.1128821,0.774493,1.184381,8,250
da02,1706845313592805,7.0952954,0.78696865,1.1491592,9,251
da02,1706845313692824,7.1021695,0.78378224,1.1341556,11,252
da02,1706845313792817,7.0996943,0.80642015,1.1124264,11,253
da02,1706845313892876,7.091805,0.81688941,1.1056043,9,254
da02,1706845313992825,7.0814543,0.81574595,1.0949528,9,255
da02,1706845314092824,7.0847483,0.81771576,1.080056,11,256
da02,1706845314192818,7.0741863,0.82047039,1.0750588,9,257
da02,1706845314292857,7.0700688,0.82329905,1.0756361,9,258
da02,1706845314392908,7.071198,0.82474571,1.0735204,10,259
da02,1706845314492877,7.0681958,0.82731009,1.0683105,9,260
da02,1706845314592856,7.0751009,0.83157319,1.0666929,11,261
da02,1706845314693210,7.0668421,0.83757269,1.0672325,9,262
da02,1706845314792955,7.07389,0.8272875,1.0647054,10,263
da02,1706845314892830,7.07548,0.83405542,1.0720932,9,264
da02,1706845314992825,7.0682073,0.8428396,1.0683105,9,265
da02,1706845315092824,7.0672612,0.83074176,1.0685052,9,266
da02,1706845315192816,7.0575418,0.83475137,1.0611521,9,267
da02,1706845315292839,7.0623832,0.844889,1.0650417,10,268
da02,1706845315392836,7.0550036,0.84857607,1.0745994,8,269
da02,1706845315492843,7.062861,0.8496905,1.0764837,10,270
da02,1706845315592844,7.071949,0.8408519,1.0803243,10,271
da02,1706845315693140,7.0748963,0.83791983,1.0802665,10,272
da02,1706845315792849,7.0634284,0.83101183,1.0898991,7,273
da02,1706845315892870,7.0635357,0.83087337,1.0837349,9,274
da02,1706845315993791,7.0732546,0.82716769,1.0768887,11,275
da02,1706845316092857,7.0711012,0.81560975,1.0739149,9,276
da02,1706845316192990,7.071013,0.83093685,1.0700461,10,277
da02,1706845316292854,7.0731273,0.82600653,1.0676272,10,278
da02,1706845316392826,7.0631194,0.83005208,1.0636228,9,279
da02,1706845316492874,7.0568213,0.82970577,1.0630298,8,280
da02,1706845316592839,7.066678,0.8221069,1.0742834,9,281
da02,1706845316692863,7.0624623,0.82858676,1.0781569,8,282
da02,1706845316792857,7.0677395,0.8321349,1.0721595,10,283
da02,1706845316892888,7.0776482,0.81910008,1.0764792,10,284
da02,1706845316993352,7.0738287,0.82116884,1.0760515,9,285
da02,1706845317093107,7.0743685,0.82500952,1.075605,10,286
da02,1706845317192852,7.0746469,0.8356992,1.0778766,10,287
da02,1706845317292852,7.073843,0.83474839,1.0806859,9,288
da02,1706845317392896,7.0766654,0.83520448,1.082316,10,289
da02,1706845317492806,7.08999,0.83048141,1.0818048,11,290
da02,1706845317592829,7.0755582,0.82362586,1.0775853,8,291
da02,1706845317693022,7.0665317,0.824542,1.0707572,9,292
da02,1706845317792848,7.0778751,0.81454808,1.0755031,10,293
da02,1706845317892875,7.0713019,0.81924838,1.0714196,9,294
da02,1706845317992871,7.0595217,0.8226164,1.0777552,8,295
da02,1706845318092869,7.070991,0.82249117,1.0714425,11,296
da02,1706845318192854,7.0718174,0.82861269,1.0718334,10,297
da02,1706845318292845,7.0781932,0.83214557,1.0741714,10,298
da02,1706845318392857,7.0727072,0.83015078,1.0807966,8,299
da02,1706845318492851,7.0659509,0.82791907,1.0773486,9,300
da02,1706845318593050,7.0673704,0.82672518,1.0719928,10,301
da02,1706845318692893,7.0686727,0.83436567,1.0757422,9,302
da02,1706845318792871,7.0686545,0.82999986,1.0793359,9,303
da02,1706845318892954,7.07346,0.83772141,1.0704596,11,304
da02,1706845318992826,7.0775642,0.83642238,1.0626647,11,305
da02,1706845319092971,7.0714331,0.8363409,1.070799,8,306
da02,1706845319192863,7.06695,0.82960641,1.0671606,9,307
da02,1706845319293386,7.06654,0.83053589,1.071885,9,308
da02,1706845319392858,7.0675673,0.82004893,1.0678366,9,309
da02,1706845319492858,7.0620742,0.82028496,1.079034,8,310
da02,1706845319592841,7.0700321,0.832302,1.0717559,11,311
da02,1706845319692868,7.074368,0.8229242,1.0696917,10,312
da02,1706845319792862,7.0760355,0.81964636,1.0646377,10,313
da02,1706845319892863,7.06697,0.81703484,1.063417,8,314
da02,1706845319992836,7.0656772,0.82858831,1.0654052,9,315
da02,1706845320092885,7.0667133,0.83090723,1.0706488,9,316
da02,1706845320192862,7.0623937,0.81761175,1.0687135,8,317
da02,1706845320292928,7.0696836,0.81752,1.0726652,10,318
da02,1706845320392904,7.072794,0.82191437,1.0738355,10,319
da02,1706845320492890,7.0872369,0.81266439,1.0692562,12,320
da02,1706845320592876,7.094635,0.82885784,1.0676454,12,321
da02,1706845320692906,7.0793486,0.82648188,1.0770333,7,322
da02,1706845320792867,7.0824904,0.8185612,1.0771482,10,323
da02,1706845320892876,7.080236,0.81483805,1.0714853,10,324
da02,1706845320992854,7.090692,0.81929278,1.0729089,11,325
da02,1706845321093379,7.1015439,0.82867217,1.0702178,12,326
da02,1706845321192886,7.0842166,0.82229751,1.0651107,8,327
da02,1706845321292885,7.0936942,0.82609695,1.0571792,12,328
da02,1706845321392890,7.091187,0.82797211,1.0632707,10,329
da02,1706845321492988,7.0812135,0.83378935,1.0637076,9,330
da02,1706845321592923,7.0769248,0.82956934,1.0668048,9,331
da02,1706845321692880,7.0902352,0.82632422,1.0588832,12,332
da02,1706845321792871,7.08599,0.82402945,1.0588369,10,333
da02,1706845321892921,7.0888948,0.82423538,1.0629697,10,334
da02,1706845321992858,7.0869303,0.82062972,1.0595962,10,335
da02,1706845322092890,7.0888,0.82470447,1.0583807,11,336
da02,1706845322192913,7.09513,0.82850248,1.0691752,10,337
da02,1706845322292931,7.0930643,0.82793051,1.070218,10,338
da02,1706845322392928,7.0853868,0.82663453,1.0785899,8,339
da02,1706845322492986,7.0908542,0.81835508,1.0785599,10,340
da02,1706845322593153,7.0846829,0.83293557,1.0776153,10,341
da02,1706845322692964,7.0871258,0.83278489,1.075313,10,342
da02,1706845322792905,7.0859008,0.8322717,1.0716736,10,343
da02,1706845322892922,7.0742803,0.83208263,1.0742736,8,344
da02,1706845322992884,7.0646386,0.818463,1.0685418,8,345
da02,1706845323092942,7.0648246,0.82105988,1.0725571,9,346
da02,1706845323192950,7.077774,0.81195915,1.0728235,11,347
da02,1706845323292934,7.0679073,0.81049746,1.0719466,8,348
da02,1706845323392999,7.0662093,0.80944979,1.0774032,8,349
da02,1706845323492870,7.06412,0.8116377,1.0839086,8,350
da02,1706845323592880,7.065618,0.81371844,1.0830765,9,351
da02,1706845323692896,7.0755997,0.8135739,1.0747288,11,352
da02,1706845323792880,7.0783157,0.82346976,1.072787,10,353
da02,1706845323892883,7.0732384,0.82106674,1.0724983,9,354
da02,1706845323992861,7.0754137,0.82799232,1.0672336,10,355
da02,1706845324093098,7.0684409,0.82143217,1.0668143,8,356
da02,1706845324192875,7.0501151,0.827882,1.0762595,8,357
da02,1706845324292904,7.0562344,0.82821405,1.0702058,10,358
da02,1706845324392890,7.0542006,0.83584696,1.0671899,9,359
da02,1706845324492876,7.0588365,0.83904314,1.0638065,10,360
da02,1706845324592855,7.0758276,0.834091,1.0695894,11,361
da02,1706845324692875,7.0812716,0.83299464,1.0600731,11,362
da02,1706845324792902,7.0806317,0.83870995,1.0675695,9,363
da02,1706845324892920,7.0863,0.84273577,1.0690757,11,364
da02,1706845324992889,7.0821133,0.84484446,1.0783219,9,365
da02,1706845325092927,7.0728736,0.84680623,1.0742429,9,366
da02,1706845325192924,7.0758257,0.82550889,1.0780594,9,367
da02,1706845325292926,7.0704489,0.83227074,1.0810688,9,368
da02,1706845325392919,7.0529013,0.82705814,1.0875208,8,369
da02,1706845325492922,7.0510879,0.82555479,1.0899879,8,370
da02,1706845325592904,7.062737,0.823122,1.0894,10,371
da02,1706845325694599,7.073319,0.82732016,1.0853922,11,372
da02,1706845325792925,7.0508466,0.82521617,1.0823666,8,373
da02,1706845325892910,7.0498886,0.82720107,1.0806534,8,374
da02,1706845325992928,7.061491,0.82248694,1.0806382,10,375
da02,1706845326093397,7.069386,0.823116,1.0720385,11,376
da02,1706845326192894,7.0668912,0.82272542,1.0661266,9,377
da02,1706845326294465,7.061883,0.82760245,1.0654056,9,378
da02,1706845326392947,7.08542,0.830904,1.0608492,13,379
da02,1706845326492894,7.0856647,0.83762085,1.0589603,11,380
da02,1706845326592887,7.0769916,0.84553057,1.0581697,9,381
da02,1706845326692947,7.0669818,0.8326441,1.0664461,7,382
da02,1706845326792901,7.0539951,0.83268648,1.0670222,7,383
da02,1706845326892902,7.0702004,0.83680981,1.0647759,12,384
da02,1706845326992900,7.0755897,0.82969362,1.0652252,10,385
da02,1706845327092898,7.0877051,0.82565618,1.0565505,12,386
da02,1706845327192878,7.0777135,0.83949912,1.0588384,9,387
da02,1706845327293028,7.0693464,0.8330968,1.055342,9,388
da02,1706845327392910,7.0686674,0.83613074,1.0651748,9,389
da02,1706845327492913,7.0632982,0.82993138,1.0508742,10,390
da02,1706845327592969,7.0622821,0.82886571,1.0657879,8,391
da02,1706845327692940,7.0604177,0.82696348,1.0692997,9,392
da02,1706845327793084,7.0649147,0.81550789,1.0673792,10,393
da02,1706845327892981,7.0617118,0.80867529,1.0807569,7,394
da02,1706845327992912,7.0568552,0.81698817,1.0842818,8,395
da02,1706845328092921,7.0604186,0.82632387,1.0835359,9,396
da02,1706845328192892,7.0631385,0.82881689,1.0890995,9,397
da02,1706845328292902,7.068728,0.82402432,1.0902538,9,398
da02,1706845328392895,7.0580659,0.82022369,1.0911233,7,399
da02,1706845328492917,7.0542207,0.8189196,1.0936774,8,400
da02,1706845328592892,7.0497642,0.82167608,1.0921232,8,401
da02,1706845328692918,7.0542884,0.82939172,1.1021969,8,402
da02,1706845328792907,7.0616426,0.83046895,1.0932462,10,403
da02,1706845328892896,7.0716705,0.8335191,1.0975534,10,404
da02,1706845328992913,7.0762515,0.83096588,1.0898196,10,405
da02,1706845329092931,7.0697613,0.82738245,1.0910556,8,406
da02,1706845329192898,7.0749707,0.84049028,1.0908284,10,407
da02,1706845329292906,7.06929,0.85175359,1.0846398,9,408
da02,1706845329392954,7.0650358,0.85913908,1.0758101,10,409
da02,1706845329492932,7.0711489,0.85800564,1.0760674,10,410
da02,1706845329592933,7.0731955,0.84858155,1.0690733,10,411
da02,1706845329692949,7.0633669,0.85780513,1.065691,9,412
da02,1706845329792924,7.0607729,0.85351962,1.0696317,9,413
da02,1706845329892928,7.0691357,0.84817123,1.0807025,9,414
da02,1706845329992916,7.0541363,0.84133232,1.0759016,7,415
da02,1706845330092923,7.0448589,0.83209211,1.0730232,7,416
da02,1706845330192927,7.0614128,0.83592361,1.074631,11,417
da02,1706845330293489,7.0605803,0.82931036,1.0697467,9,418
da02,1706845330392928,7.0542355,0.82422149,1.0751344,8,419
da02,1706845330492918,7.0542836,0.82905018,1.0819398,8,420
da02,1706845330592906,7.0586381,0.8264519,1.0750813,10,421
da02,1706845330692927,7.0610342,0.83086181,1.0696396,10,422
da02,1706845330792948,7.0572324,0.82620841,1.0682716,9,423
da02,1706845330892981,7.05813,0.82690758,1.0650606,9,424
da02,1706845330992946,7.0614915,0.82591671,1.0703491,9,425
da02,1706845331092993,7.0620246,0.83037853,1.0739622,9,426
da02,1706845331192894,7.0575662,0.82521451,1.0587957,10,427
da02,1706845331292845,7.0706778,0.82445723,1.0569602,11,428
da02,1706845331392866,7.0790887,0.81636029,1.056125,11,429
da02,1706845331492889,7.0860224,0.81851822,1.0604006,11,430
da02,1706845331592862,7.0885253,0.8216235,1.0596727,11,431
da02,1706845331692847,7.0875669,0.83327127,1.0577773,11,432
da02,1706845331793181,7.0838914,0.83491588,1.0522392,10,433
da02,1706845331892970,7.0846758,0.82936019,1.0602285,10,434
da02,1706845331992837,7.0791821,0.82323748,1.0658735,9,435
da02,1706845332093499,7.0803485,0.82361388,1.0652843,10,436
da02,1706845332192882,7.0816889,0.81905711,1.0607107,10,437
da02,1706845332293752,7.0899663,0.81646609,1.0608461,11,438
da02,1706845332392868,7.0746236,0.82280797,1.0664419,8,439
da02,1706845332492852,7.0659113,0.81940609,1.0647702,8,440
da02,1706845332592866,7.0753536,0.82153046,1.0685623,10,441
da02,1706845332692908,7.0708547,0.82971251,1.0688035,9,442
da02,1706845332792882,7.0683289,0.83062404,1.0696087,9,443
da02,1706845332892845,7.0586309,0.81881922,1.0721961,7,444
da02,1706845332992858,7.0431452,0.82449,1.0733196,8,445
da02,1706845333092905,7.039794,0.83303273,1.0669086,9,446
da02,1706845333192904,7.04349,0.83247328,1.0557235,10,447
da02,1706845333292953,7.0577078,0.83665931,1.0497992,11,448
da02,1706845333392922,7.0643454,0.82578725,1.0583251,9,449
da02,1706845333492872,7.0615435,0.827299,1.0595824,9,450
da02,1706845333592866,7.0578647,0.82892662,1.0484281,10,451
da02,1706845333692888,7.0670843,0.82529646,1.0519944,10,452
da02,1706845333792878,7.0677042,0.83296692,1.0544755,10,453
da02,1706845333892922,7.07818,0.8346985,1.0627196,11,454
da02,1706845333992872,7.0750041,0.83097994,1.0712651,9,455
da02,1706845334092866,7.0683932,0.83114743,1.0733743,8,456
da02,1706845334193036,7.0757523,0.82621151,1.0728055,10,457
da02,1706845334292888,7.0839381,0.82443386,1.0698313,11,458
da02,1706845334392878,7.0873733,0.8245936,1.0636656,11,459
da02,1706845334492862,7.0861025,0.82384205,1.0697904,9,460
da02,1706845334592881,7.0757265,0.83992153,1.0746988,9,461
da02,1706845334692876,7.0585623,0.84336096,1.0729049,8,462
da02,1706845334792881,7.069602,0.82637876,1.0807405,9,463
da02,1706845334892868,7.0650988,0.82808983,1.0791407,9,464
da02,1706845334992880,7.0628481,0.83050865,1.0780141,9,465
da02,1706845335092873,7.0665374,0.83052015,1.0777627,10,466
da02,1706845335192888,7.0493112,0.8186655,1.0728999,7,467
da02,1706845335292872,7.0511155,0.81674558,1.0674014,9,468
da02,1706845335392938,7.0645666,0.82477117,1.0696287,11,469
da02,1706845335492855,7.058332,0.82312387,1.0678656,8,470
da02,1706845335592886,7.0569429,0.83089066,1.0685709,9,471
da02,1706845335692896,7.0621095,0.83090687,1.059342,10,472
da02,1706845335792924,7.0568719,0.82737857,1.0574099,9,473
da02,1706845335892909,7.0667467,0.8214978,1.0628543,10,474
da02,1706845335992887,7.0759416,0.82420051,1.0712764,10,475
da02,1706845336092868,7.0783672,0.81494594,1.0827093,9,476
da02,1706845336193377,7.0720596,0.81913877,1.0816646,9,477
da02,1706845336292867,7.0765686,0.81912082,1.070006,11,478
da02,1706845336392864,7.0834007,0.81795633,1.0714159,10,479
da02,1706845336492873,7.0889587,0.8122099,1.0758991,10,480
da02,1706845336592883,7.068265,0.81393641,1.0774599,8,481
da02,1706845336692848,7.0701594,0.82182014,1.0773948,10,482
da02,1706845336792893,7.0827107,0.82600075,1.0804359,11,483
da02,1706845336892960,7.0822363,0.82535493,1.0699797,10,484
da02,1706845336992890,7.0829358,0.83041835,1.0712281,10,485
da02,1706845337092903,7.0739527,0.8311342,1.0685047,9,486
da02,1706845337192878,7.0741291,0.82950205,1.0678128,10,487
da02,1706845337292906,7.0873213,0.82809275,1.0654076,12,488
da02,1706845337392941,7.0879536,0.82913554,1.0664291,10,489
da02,1706845337492882,7.0869722,0.82465076,1.0684155,10,490
da02,1706845337592905,7.0735145,0.82899606,1.0680114,8,491
da02,1706845337692883,7.0673237,0.82635951,1.0622822,9,492
da02,1706845337792928,7.0693855,0.83563304,1.0637048,10,493
da02,1706845337892950,7.0698962,0.83243597,1.0769331,8,494
da02,1706845337992936,7.0733209,0.8338443,1.0784514,10,495
da02,1706845338092940,7.0917082,0.83102465,1.0772073,12,496
da02,1706845338192934,7.0887032,0.8227011,1.0719553,10,497
da02,1706845338292916,7.0692053,0.82076228,1.0662365,8,498
da02,1706845338392974,7.0776582,0.83372974,1.0695832,11,499
da02,1706845338492892,7.0765934,0.82733822,1.0661595,10,500
da02,1706845338592892,7.0714459,0.83103585,1.0724475,9,501
da02,1706845338692881,7.0625744,0.837495,1.074609,8,502
da02,1706845338792888,7.0571289,0.83783865,1.0820667,8,503
da02,1706845338892891,7.0803576,0.83329159,1.0782634,12,504
da02,1706845338992896,7.0758166,0.83402658,1.0819151,9,505
da02,1706845339092885,7.0673065,0.84387076,1.0801578,9,506
da02,1706845339192902,7.0741162,0.83872491,1.0802823,10,507
da02,1706845339292925,7.0657668,0.83987743,1.0866932,8,508
da02,1706845339392916,7.0681534,0.82594544,1.0783243,10,509
da02,1706845339492929,7.0625706,0.82249713,1.0785754,8,510
da02,1706845339592926,7.0812039,0.83029819,1.0803545,12,511
da02,1706845339692916,7.0811825,0.82288611,1.0794861,9,512
da02,1706845339792947,7.0604129,0.82724059,1.072211,8,513
da02,1706845339892992,7.0653138,0.83858097,1.0678322,10,514
da02,1706845339992943,7.0816278,0.84267145,1.0828885,11,515
da02,1706845340092927,7.0828729,0.8430596,1.0781697,10,516
da02,1706845340192908,7.0662007,0.84467483,1.070715,8,517
da02,1706845340292888,7.0667715,0.84008896,1.061149,10,518
da02,1706845340393018,7.0615487,0.83203512,1.0577714,9,519
da02,1706845340492907,7.0666609,0.83276337,1.0702599,9,520
da02,1706845340592922,7.064599,0.82127625,1.0722976,8,521
da02,1706845340692913,7.0659642,0.82093018,1.0781617,9,522
da02,1706845340792904,7.0581107,0.82806182,1.0771034,8,523
da02,1706845340892898,7.0558686,0.82000655,1.071139,9,524
da02,1706845340992920,7.0566626,0.82599366,1.0672505,9,525
da02,1706845341094501,7.0586681,0.83789223,1.0715129,9,526
da02,1706845341193428,7.1960979,0.69693488,1.4746584,71,527
da02,1706845341293462,7.153614,0.72380269,1.3752731,7,528
da02,1706845341392984,7.1372137,0.75576413,1.2992439,10,529
da02,1706845341492916,7.1358242,0.76379192,1.2509974,11,530
da02,1706845341592961,7.1200314,0.78605092,1.209621,9,531
da02,1706845341692950,7.1018643,0.79220134,1.1780961,8,532
da02,1706845341792974,7.091249,0.79948211,1.1532408,9,533
da02,1706845341893211,7.0844922,0.80161828,1.1294663,9,534
da02,1706845341992984,7.0747881,0.80649418,1.1176454,8,535
da02,1706845342092956,7.0781932,0.8110494,1.1076206,10,536
da02,1706845342192924,7.0728498,0.80653387,1.0920606,9,537
da02,1706845342292940,7.0515022,0.81747842,1.0896007,8,538
da02,1706845342393021,7.0484214,0.82333469,1.0770609,9,539
da02,1706845342492934,7.0689435,0.83795518,1.0806998,12,540
da02,1706845342592979,7.0641069,0.84381765,1.0840964,8,541
da02,1706845342692929,7.0689526,0.84471625,1.0731993,11,542
da02,1706845342792918,7.0626521,0.844761,1.0800328,8,543
da02,1706845342893013,7.0583553,0.84223694,1.0778564,9,544
da02,1706845342992944,7.0631924,0.83825618,1.0697221,10,545
da02,1706845343092922,7.0648422,0.83830053,1.0587476,10,546
da02,1706845343192918,7.0650496,0.83145618,1.0637791,9,547
da02,1706845343292913,7.06775,0.8350296,1.0595578,10,548
da02,1706845343392924,7.06261,0.83003074,1.0735127,7,549
da02,1706845343492919,7.0712156,0.83767,1.0769212,10,550
da02,1706845343592970,7.0708704,0.83781594,1.0679214,10,551
da02,1706845343692929,7.0775723,0.83463013,1.0622332,11,552
da02,1706845343792964,7.0864024,0.83412546,1.0627124,11,553
da02,1706845343892983,7.0793,0.82677585,1.0756197,8,554
da02,1706845343992931,7.0685191,0.830951,1.0758727,8,555
da02,1706845344092944,7.0662766,0.82630193,1.075861,9,556
da02,1706845344192940,7.0732913,0.83007717,1.070942,11,557
da02,1706845344292948,7.0761423,0.83956981,1.0700215,10,558
da02,1706845344393040,7.0667605,0.84985715,1.0733482,8,559
da02,1706845344492925,7.0652952,0.842332,1.0795257,8,560
da02,1706845344593012,7.0740957,0.84173906,1.0744717,11,561
da02,1706845344692926,7.0680819,0.83998734,1.0733922,9,562
da02,1706845344792938,7.0636621,0.83306944,1.0707937,9,563
da02,1706845344892927,7.0675416,0.83209062,1.0696096,10,564
da02,1706845344992940,7.0624785,0.82785273,1.0734431,8,565
da02,1706845345092840,7.0589614,0.82895625,1.0598665,10,566
da02,1706845345192890,7.0609589,0.82864165,1.0557401,10,567
da02,1706845345292974,7.0677409,0.83327705,1.0592246,10,568
da02,1706845345392877,7.0598264,0.83689052,1.0715764,8,569
da02,1706845345492964,7.0623975,0.83265805,1.0738273,9,570
da02,1706845345592953,7.0642395,0.83280921,1.0842073,8,571
da02,1706845345692860,7.0592079,0.8302415,1.0864542,8,572
da02,1706845345792960,7.0677414,0.82441372,1.0787631,10,573
da02,1706845345893156,7.0702314,0.82485604,1.0741793,10,574
da02,1706845345992932,7.0660291,0.819807,1.0845149,8,575
da02,1706845346092990,7.067553,0.81275177,1.0786995,9,576
da02,1706845346193496,7.073873,0.819142,1.0754392,10,577
da02,1706845346292856,7.0704603,0.83047986,1.0809929,9,578
da02,1706845346392944,7.084167,0.829178,1.0780092,11,579
da02,1706845346492932,7.0881834,0.83292121,1.085073,10,580
da02,1706845346592881,7.084373,0.833431,1.0837013,9,581
da02,1706845346692945,7.0859766,0.84287804,1.0769497,11,582
da02,1706845346792953,7.0789852,0.83564931,1.0718365,9,583
da02,1706845346892832,7.0821323,0.83221376,1.0678051,10,584
da02,1706845346993094,7.0740547,0.83619684,1.0694925,9,585
da02,1706845347092934,7.0624495,0.82899654,1.0727975,7,586
da02,1706845347192873,7.0731916,0.82730836,1.0639589,11,587
da02,1706845347292968,7.0767236,0.81916386,1.0676166,10,588
da02,1706845347393153,7.073822,0.826083,1.0695305,9,589
da02,1706845347492909,7.0712729,0.83050323,1.0733483,9,590
da02,1706845347592904,7.0690775,0.8251968,1.0836608,8,591
da02,1706845347692901,7.0689559,0.82428837,1.078056,9,592
da02,1706845347792892,7.0668125,0.83114839,1.0666444,10,593
da02,1706845347893644,7.0684228,0.82767868,1.0608832,10,594
da02,1706845347992917,7.0619817,0.8256709,1.0637554,8,595
da02,1706845348092968,7.0625091,0.82234108,1.0702757,9,596
da02,1706845348192927,7.06321,0.82518208,1.0628582,10,597
da02,1706845348292941,7.0826221,0.82378519,1.0605862,12,598
da02,1706845348394355,7.0909767,0.82298428,1.0666395,11,599
da02,1706845348493102,7.0919333,0.81631231,1.075586,9,600
da02,1706845348592995,7.0659056,0.82028329,1.0834178,8,601
da02,1706845348692886,7.0653753,0.82394636,1.0792356,9,602
da02,1706845348792964,7.066855,0.82830483,1.0672873,10,603
da02,1706845348893194,7.0641208,0.83297879,1.062271,10,604
da02,1706845348992919,7.0747418,0.83433783,1.0660964,11,605
da02,1706845349092919,7.0648212,0.83028215,1.0655138,8,606
da02,1706845349193026,7.0575891,0.8368544,1.0808798,8,607
da02,1706845349292930,7.043448,0.84030819,1.0764406,8,608
da02,1706845349393010,7.0512428,0.83635843,1.0775516,9,609
da02,1706845349493026,7.0532374,0.83481848,1.0823543,8,610
da02,1706845349592908,7.0517154,0.83219349,1.0761311,9,611
da02,1706845349693032,7.0519929,0.83661509,1.0706034,9,612
da02,1706845349793052,7.056736,0.8433485,1.0664314,10,613
da02,1706845349893010,7.0727425,0.83430296,1.0734732,11,614
da02,1706845349992902,7.0578275,0.84097707,1.0772859,8,615
da02,1706845350092892,7.0484033,0.83107042,1.076153,7,616
da02,1706845350193009,7.0590496,0.83780724,1.0663863,11,617
da02,1706845350292890,7.0665,0.8266654,1.070489,10,618
da02,1706845350393049,7.0808258,0.82671881,1.0653114,12,619
da02,1706845350493050,7.0804687,0.82396531,1.0644283,10,620
da02,1706845350592914,7.0835466,0.8287034,1.0613191,11,621
da02,1706845350692922,7.0694394,0.8312453,1.0653833,8,622
da02,1706845350792940,7.0689483,0.82246214,1.0612043,10,623
da02,1706845350892966,7.0720091,0.81588537,1.0647762,9,624
da02,1706845350992940,7.0684175,0.82097882,1.0682883,9,625
da02,1706845351093006,7.0641851,0.8230812,1.0543176,10,626
da02,1706845351193565,7.0638943,0.83728623,1.0535401,10,627
da02,1706845351293136,7.0693297,0.83043516,1.05225,10,628
da02,1706845351392954,7.0675173,0.83414304,1.0593399,9,629
da02,1706845351492970,7.0750227,0.83180255,1.0671321,10,630
da02,1706845351593002,7.0817242,0.83340371,1.0775964,10,631
da02,1706845351692882,7.0791512,0.83302671,1.0804757,9,632
da02,1706845351792990,7.07733,0.82602143,1.0804881,9,633
da02,1706845351893179,7.0804486,0.82873094,1.0743201,10,634
da02,1706845351992966,7.092556,0.820403,1.0692461,12,635
da02,1706845352093020,7.0842032,0.82171184,1.08338,8,636
da02,1706845352193027,7.0786524,0.82878786,1.0754668,10,637
da02,1706845352293517,7.0822048,0.83002478,1.0764363,10,638
da02,1706845352392996,7.0884171,0.82661295,1.0636283,12,639
da02,1706845352493075,7.0918064,0.8306905,1.0639629,11,640
da02,1706845352592986,7.087872,0.83109742,1.0586118,10,641
da02,1706845352692959,7.0754771,0.82487816,1.057502,8,642
da02,1706845352792964,7.0753756,0.8157869,1.0681003,9,643
da02,1706845352892958,7.0751076,0.82361853,1.0655361,10,644
da02,1706845352992885,7.0700579,0.821932,1.0649647,9,645
da02,1706845353092878,7.0738611,0.824563,1.0588144,11,646
da02,1706845353192932,7.0687351,0.82301837,1.0588763,9,647
da02,1706845353292882,7.0549746,0.82248425,1.0592226,8,648
da02,1706845353394790,7.0619149,0.81669021,1.0571418,10,649
da02,1706845353492984,7.0764914,0.82666731,1.0591552,11,650
da02,1706845353592943,7.0684052,0.82337272,1.0745616,7,651
da02,1706845353692958,7.0680423,0.82439041,1.0743276,9,652
da02,1706845353792926,7.0586004,0.82616729,1.0730629,8,653
da02,1706845353892944,7.0511355,0.82784736,1.0748714,8,654
da02,1706845353992953,7.05509,0.82774639,1.0745599,9,655
da02,1706845354092926,7.0514803,0.83284879,1.0713468,9,656
da02,1706845354192915,7.0596089,0.82857996,1.0686786,10,657
da02,1706845354292914,7.0577531,0.81960881,1.0744846,8,658
da02,1706845354392961,7.0520277,0.82256871,1.0766817,8,659
da02,1706845354492954,7.047051,0.8199144,1.0782402,8,660
da02,1706845354592933,7.0436144,0.82317442,1.078452,8,661
da02,1706845354692922,7.03911,0.82639396,1.0730222,8,662
da02,1706845354792933,7.0428572,0.836349,1.0708055,9,663
da02,1706845354893078,7.0584431,0.83618504,1.0635321,11,664
da02,1706845354992947,7.0533404,0.8320986,1.0584623,9,665
da02,1706845355092922,7.0586519,0.83134538,1.06064,10,666
da02,1706845355192903,7.0514851,0.83585644,1.0642632,8,667
da02,1706845355292942,7.0707583,0.82910067,1.0665046,11,668
da02,1706845355392943,7.0606008,0.83193797,1.0679241,8,669
da02,1706845355492937,7.0701833,0.83314836,1.0719235,10,670
da02,1706845355592913,7.0629869,0.82563716,1.0733664,8,671
da02,1706845355692964,7.0781226,0.82927656,1.0723215,11,672
da02,1706845355792982,7.0643678,0.82271737,1.0672897,8,673
da02,1706845355892904,7.074131,0.82969737,1.0609341,11,674
da02,1706845355992954,7.0804582,0.82362759,1.0641756,10,675
da02,1706845356092927,7.0855947,0.81986517,1.0604687,11,676
da02,1706845356192962,7.0854363,0.82741731,1.0644646,10,677
da02,1706845356293024,7.0933323,0.71610987,1.0449598,70,678
da02,1706845356392949,7.0992694,0.75081068,1.0551163,11,679
da02,1706845356494641,7.0862031,0.77142847,1.0564208,9,680
da02,1706845356592968,7.0813365,0.78878796,1.0618132,9,681
da02,1706845356692951,7.0825572,0.78505033,1.0557374,10,682
da02,1706845356792954,7.0868359,0.78793669,1.0520557,11,683
da02,1706845356892957,7.0767388,0.783852,1.0595536,8,684
da02,1706845356992955,7.0845146,0.80044717,1.0700122,10,685
da02,1706845357092970,7.0828662,0.80351651,1.0665529,10,686
da02,1706845357192981,7.0849075,0.815913,1.0701741,10,687
da02,1706845357292970,7.0830703,0.82075405,1.064676,10,688
da02,1706845357392914,7.0808511,0.82839757,1.0709288,9,689
da02,1706845357492964,7.0684843,0.83446372,1.0657886,9,690
da02,1706845357592948,7.0727358,0.8305636,1.0621381,10,691
da02,1706845357692899,7.0553293,0.82842952,1.0688599,8,692
da02,1706845357792932,7.0644193,0.82225829,1.0754962,9,693
da02,1706845357892927,7.0666404,0.81983352,1.0747238,9,694
da02,1706845357992949,7.0621929,0.81833208,1.0707455,9,695
da02,1706845358092963,7.0672569,0.81810087,1.0634072,10,696
da02,1706845358192942,7.0778437,0.82468879,1.0659992,11,697
da02,1706845358292917,7.0810156,0.81653392,1.0561917,11,698
da02,1706845358392965,7.0786481,0.819342,1.0527041,10,699
da02,1706845358492996,7.0798793,0.82520139,1.05307,10,700
da02,1706845358592938,7.0777884,0.82462162,1.0651529,9,701
da02,1706845358692990,7.0784369,0.83100003,1.0644628,10,702
da02,1706845358792928,7.0755577,0.83008844,1.0705471,9,703
da02,1706845358892928,7.0732536,0.83833247,1.0780833,9,704
da02,1706845358992973,7.0816121,0.83841252,1.0703995,11,705
da02,1706845359092967,7.071372,0.84084839,1.0682265,9,706
da02,1706845359192990,7.0779667,0.83578283,1.0621082,11,707
da02,1706845359292946,7.0813165,0.8357082,1.0578074,11,708
da02,1706845359392942,7.0700612,0.83544749,1.0579836,8,709
da02,1706845359493094,7.0638928,0.836342,1.0654874,8,710
da02,1706845359592944,7.0697532,0.82710075,1.0615671,10,711
da02,1706845359692930,7.0823011,0.83778542,1.0673913,11,712
da02,1706845359793042,7.0903473,0.83614367,1.0638593,11,713
da02,1706845359892963,7.0711112,0.83681017,1.0644022,8,714
da02,1706845359993294,7.0662727,0.83138293,1.076848,8,715
da02,1706845360093260,7.0597043,0.82244051,1.0753162,8,716
da02,1706845360192958,7.067728,0.81439543,1.0830737,9,717
da02,1706845360292989,7.0779772,0.81106281,1.0798986,11,718
da02,1706845360393072,7.0815349,0.80249441,1.0779324,10,719
da02,1706845360492986,7.0641117,0.81195354,1.0739136,8,720
da02,1706845360593025,7.070858,0.82128358,1.0602049,11,721
da02,1706845360693374,7.0780249,0.81736141,1.0560937,11,722
da02,1706845360792968,7.0752053,0.82326853,1.0577748,10,723
da02,1706845360892937,7.066957,0.82911086,1.059803,9,724
da02,1706845360993543,7.060143,0.82525641,1.0601425,8,725
da02,1706845361092982,7.0738254,0.81999248,1.0600716,11,726
da02,1706845361193408,7.0754418,0.82861125,1.0648162,10,727
da02,1706845361293576,7.0759282,0.83245057,1.0689609,10,728
da02,1706845361392964,7.0712957,0.83672792,1.0763412,8,729
da02,1706845361492985,7.0827084,0.84012485,1.0858721,10,730
da02,1706845361593044,7.09218,0.83751345,1.082285,11,731
da02,1706845361692966,7.084693,0.837247,1.0773388,9,732
da02,1706845361792938,7.089,0.83413017,1.0879488,9,733
da02,1706845361893070,7.0856829,0.83805555,1.0894328,9,734
da02,1706845361992989,7.0785465,0.84541571,1.0893927,9,735
da02,1706845362093010,7.0740614,0.84463787,1.0857807,9,736
da02,1706845362193036,7.0623817,0.8398121,1.0864439,7,737
da02,1706845362292982,7.0619569,0.83702385,1.0938822,8,738
da02,1706845362392903,7.0706515,0.82310921,1.0884864,10,739
da02,1706845362493062,7.0709367,0.81744277,1.0937251,8,740
da02,1706845362592988,7.0530849,0.82608861,1.0888462,8,741
da02,1706845362692988,7.0530615,0.82973224,1.0869982,9,742
da02,1706845362793014,7.0657892,0.82479334,1.0838069,10,743
da02,1706845362893040,7.0684395,0.8198508,1.0864909,9,744
da02,1706845362993007,7.0596328,0.82427752,1.0812026,8,745
da02,1706845363093010,7.0571656,0.83032316,1.0719509,9,746
da02,1706845363193128,7.0516753,0.82502568,1.069199,8,747
da02,1706845363293634,7.0447054,0.83250862,1.0817825,8,748
da02,1706845363392986,7.0453062,0.8303895,1.0870955,8,749
da02,1706845363493104,7.059401,0.83798659,1.0830439,11,750
da02,1706845363593042,7.063612,0.83198816,1.0866293,9,751
da02,1706845363692945,7.0666418,0.836449,1.0884432,9,752
da02,1706845363793069,7.0543838,0.84156924,1.080201,8,753
da02,1706845363893068,7.0639997,0.83734304,1.0868448,9,754
da02,1706845363993039,7.0771909,0.82420087,1.0760267,11,755
da02,1706845364093075,7.0776181,0.82994622,1.0712029,10,756
da02,1706845364193048,7.0623665,0.8302325,1.0792599,8,757
da02,1706845364292958,7.0631566,0.82764757,1.079875,9,758
da02,1706845364393036,7.05145,0.83087778,1.0712638,8,759
da02,1706845364493087,7.0468411,0.83586681,1.074694,8,760
da02,1706845364592984,7.0627503,0.82341951,1.0736346,11,761
da02,1706845364693186,7.0709252,0.82968825,1.0862489,9,762
da02,1706845364793030,7.0584316,0.83343196,1.0875226,8,763
da02,1706845364892999,7.0565519,0.82027584,1.0789813,9,764
da02,1706845364993087,7.0529881,0.82571542,1.0791417,8,765
da02,1706845365093117,7.0703287,0.82297224,1.0772187,11,766
da02,1706845365193007,7.0678616,0.83003861,1.0773896,9,767
da02,1706845365293078,7.0512772,0.82844204,1.0754441,8,768
da02,1706845365393074,7.0521464,0.82776576,1.0769016,9,769
da02,1706845365493047,7.0589046,0.8281129,1.0741905,10,770
da02,1706845365593111,7.070868,0.82962847,1.0671198,11,771
da02,1706845365693105,7.0687256,0.83018458,1.0693936,9,772
da02,1706845365792992,7.0554032,0.825185,1.0750489,7,773
da02,1706845365893085,7.05916,0.81941152,1.07124,9,774
da02,1706845365993043,7.0615749,0.81541961,1.0748956,9,775
da02,1706845366092977,7.0617294,0.82062262,1.0793893,9,776
da02,1706845366193070,7.0518279,0.83186412,1.0814826,8,777
da02,1706845366293574,7.0446553,0.82462955,1.0779487,8,778
da02,1706845366392980,7.047143,0.827206,1.0719186,9,779
da02,1706845366493077,7.0463,0.83165365,1.0752606,8,780
da02,1706845366592972,7.0546107,0.82542104,1.0711882,10,781
da02,1706845366692965,7.05155,0.82845646,1.0729299,8,782
da02,1706845366793047,7.0623374,0.82609278,1.0669523,11,783
da02,1706845366893054,7.0734692,0.8224296,1.0750123,10,784
da02,1706845366993040,7.2401576,0.6624651,1.5108634,72,785
da02,1706845367093086,7.1911697,0.70138425,1.4022877,8,786
da02,1706845367193045,7.1650839,0.73373836,1.3166301,10,787
da02,1706845367292987,7.1549034,0.74461681,1.2573894,11,788
da02,1706845367392998,7.1436496,0.76632333,1.1990894,12,789
da02,1706845367492988,7.1352825,0.77807558,1.1577168,11,790
da02,1706845367593000,7.116262,0.79227358,1.1352462,9,791
da02,1706845367693014,7.10623,0.80110019,1.1192765,10,792
da02,1706845367793064,7.0994225,0.81032532,1.1104877,9,793
da02,1706845367892983,7.0914721,0.80451941,1.0943519,10,794
da02,1706845367993057,7.079596,0.81126213,1.0947897,8,795
da02,1706845368093054,7.0801992,0.81948537,1.0873708,10,796
da02,1706845368192976,7.0798926,0.82529169,1.0793453,10,797
da02,1706845368293062,7.0774727,0.82286066,1.0755129,9,798
da02,1706845368393055,7.0603685,0.82453251,1.0803469,8,799
da02,1706845368493024,7.0557961,0.83225703,1.0812806,8,800
da02,1706845368593062,7.0481524,0.83983618,1.0849917,8,801
da02,1706845368693058,7.0478964,0.83491236,1.0701975,9,802
da02,1706845368792984,7.0584278,0.83207321,1.0617576,11,803
da02,1706845368893102,7.0617514,0.82755017,1.0671562,9,804
da02,1706845368993068,7.0745387,0.82767332,1.0698214,11,805
da02,1706845369092994,7.0844946,0.82851088,1.0732344,11,806
da02,1706845369193044,7.0876961,0.82980138,1.0820768,10,807
da02,1706845369293082,7.0908685,0.83342934,1.0805339,10,808
da02,1706845369393004,7.092627,0.82566333,1.0812495,10,809
da02,1706845369493091,7.0988479,0.82741785,1.0767144,11,810
da02,1706845369593050,7.082428,0.82999116,1.0700752,9,811
da02,1706845369693090,7.0689878,0.83183384,1.0729961,8,812
da02,1706845369793028,7.0703669,0.83233595,1.06434,10,813
da02,1706845369893050,7.070303,0.82924217,1.0684,9,814
da02,1706845369993505,7.0801959,0.82629931,1.0751348,10,815
da02,1706845370093056,7.07686,0.82673723,1.0596522,10,816
da02,1706845370193040,7.0670724,0.83057767,1.0611403,8,817
da02,1706845370293120,7.0629416,0.82376528,1.0609049,9,818
da02,1706845370392991,7.0785,0.82755744,1.0564843,12,819
da02,1706845370494852,7.0728774,0.83022511,1.0496629,10,820
da02,1706845370593155,7.0659518,0.83580482,1.0565512,9,821
da02,1706845370693023,7.0570984,0.82918966,1.0503846,9,822
da02,1706845370793122,7.06138,0.8347528,1.0564102,10,823
da02,1706845370893137,7.0712376,0.82815689,1.0659665,10,824
da02,1706845370993034,7.060626,0.82825089,1.0653859,8,825
da02,1706845371093151,7.0572567,0.82726777,1.0634049,9,826
da02,1706845371193158,7.0684543,0.8300637,1.0634307,11,827
da02,1706845371293066,7.071094,0.83091074,1.0720345,9,828
da02,1706845371393151,7.0869727,0.829561,1.0670182,12,829
da02,1706845371493193,7.0923715,0.82582444,1.0651375,11,830
da02,1706845371593151,7.1065431,0.81453025,1.0651537,12,831
da02,1706845371693054,7.1130266,0.82430536,1.070541,11,832
da02,1706845371793094,7.1087718,0.82479686,1.0744814,10,833
da02,1706845371894709,7.0855289,0.81552511,1.0771142,7,834
da02,1706845371993052,7.0909019,0.81567389,1.0716587,11,835
da02,1706845372093025,7.0945168,0.8161186,1.0740629,10,836
da02,1706845372193126,7.0967946,0.82135594,1.0686971,11,837
da02,1706845372293019,7.0935407,0.82339126,1.0602099,11,838
da02,1706845372393016,7.0788388,0.82659006,1.058741,9,839
da02,1706845372493122,7.0600514,0.83952618,1.0799483,9,840
da02,1706845372592994,7.065702,0.82943374,1.0802325,9,841
da02,1706845372693016,7.0675364,0.82855737,1.0831391,9,842
da02,1706845372793106,7.0568242,0.82175225,1.0840335,7,843
da02,1706845372893041,7.0643086,0.82516795,1.0745221,11,844
da02,1706845372993084,7.0649071,0.82906783,1.0791895,9,845
da02,1706845373093118,7.073029,0.83023256,1.0827464,10,846
da02,1706845373193005,7.0764236,0.8337304,1.0780631,10,847
da02,1706845373293019,7.0618544,0.83269727,1.0854523,8,848
da02,1706845373393109,7.0750303,0.83120757,1.0770477,11,849
da02,1706845373493048,7.0775132,0.83592409,1.0768988,10,850
da02,1706845373593033,7.0782852,0.83612347,1.0721757,10,851
da02,1706845373693129,7.0783772,0.84103346,1.0804545,9,852
da02,1706845373793018,7.0812273,0.83995956,1.0780771,10,853
da02,1706845373893021,7.08086,0.82833344,1.0647432,10,854
da02,1706845373993059,7.0705132,0.82798737,1.0725178,8,855
da02,1706845374093084,7.0796738,0.81936288,1.0777793,10,856
da02,1706845374193042,7.0714545,0.8261646,1.0783135,8,857
da02,1706845374293641,7.0691214,0.8297984,1.0823212,9,858
da02,1706845374393070,7.0830183,0.83760041,1.0819416,11,859
da02,1706845374493121,7.08466,0.84080744,1.0727237,11,860
da02,1706845374593068,7.0928183,0.84212935,1.0714122,11,861
da02,1706845374693063,7.0944915,0.83182847,1.0716853,10,862
da02,1706845374793022,7.0853896,0.82623905,1.0675374,9,863
da02,1706845374893055,7.0910749,0.82777375,1.0745206,10,864
da02,1706845374993022,7.0879154,0.838109,1.0833569,9,865
da02,1706845375093146,7.0907636,0.83334959,1.0745053,11,866
da02,1706845375193030,7.08014,0.83742672,1.0734714,9,867
da02,1706845375293059,7.0736861,0.83669341,1.0914122,8,868
da02,1706845375393156,7.0780878,0.83751053,1.0801461,11,869
da02,1706845375493100,7.0696669,0.82928276,1.0819813,8,870
da02,1706845375593164,7.0586495,0.83097523,1.0756693,8,871
da02,1706845375693149,7.0482984,0.82094842,1.0718117,7,872
da02,1706845375793092,7.0597715,0.8282969,1.0686371,11,873
da02,1706845375893136,7.0578332,0.82282841,1.0641435,9,874
da02,1706845375994143,7.0658555,0.82406789,1.0651205,10,875
da02,1706845376093092,7.075254,0.82952231,1.0664988,11,876
da02,1706845376193150,7.0787063,0.81821322,1.0661168,10,877
da02,1706845376293124,7.0938759,0.81781334,1.0616251,12,878
da02,1706845376393039,7.0850358,0.80895269,1.0617039,9,879
da02,1706845376493145,7.078311,0.80565244,1.0741558,8,880
da02,1706845376593050,7.0718856,0.82005835,1.0702353,9,881
da02,1706845376693060,7.0688777,0.81365985,1.0664589,9,882
da02,1706845376793140,7.0629849,0.819963,1.0794727,8,883
da02,1706845376893097,7.0644031,0.81927252,1.0707836,10,884
da02,1706845376993043,7.0741863,0.82366663,1.073799,10,885
da02,1706845377093155,7.0706644,0.83616841,1.0729027,9,886
da02,1706845377193083,7.08234,0.83753306,1.0711802,11,887
da02,1706845377293072,7.0748138,0.82637972,1.0650176,9,888
da02,1706845377393161,7.0530777,0.82347947,1.0588071,7,889
da02,1706845377493096,7.0515404,0.82699108,1.0671527,8,890
da02,1706845377593088,7.0576181,0.83168077,1.062088,10,891
da02,1706845377693147,7.0595646,0.829836,1.0711529,9,892
da02,1706845377793047,7.055707,0.82803321,1.0728627,8,893
da02,1706845377893070,7.0516348,0.82890379,1.0751654,8,894
da02,1706845377993125,7.0654855,0.82342607,1.077037,10,895
da02,1706845378093082,7.0683527,0.83524847,1.0803803,10,896
da02,1706845378193053,7.07448,0.83487022,1.0801214,10,897
da02,1706845378293148,7.0840206,0.838808,1.0738093,11,898
da02,1706845378393078,7.0847144,0.83677906,1.0740541,10,899
da02,1706845378493040,7.0844731,0.8337279,1.0789934,9,900
da02,1706845378593110,7.0881066,0.83462495,1.065123,11,901
da02,1706845378693084,7.0781474,0.83838326,1.0664347,9,902
da02,1706845378793027,7.0579233,0.83125353,1.0779142,8,903
da02,1706845378893148,7.0607204,0.8441633,1.0723816,10,904
da02,1706845378993164,7.0507588,0.84537888,1.0813184,8,905
da02,1706845379093117,7.0572195,0.83305573,1.0801409,9,906
da02,1706845379193154,7.0668416,0.83696908,1.079721,10,907
da02,1706845379293098,7.0662913,0.82296085,1.0760391,9,908
da02,1706845379393089,7.0721087,0.82975632,1.0758674,10,909
da02,1706845379493214,7.0853271,0.83197039,1.0790311,11,910
da02,1706845379593104,7.0679507,0.84193981,1.0732249,8,911
da02,1706845379693054,7.0596552,0.84046549,1.0722984,8,912
da02,1706845379793104,7.0633154,0.84209341,1.0724754,10,913
da02,1706845379893083,7.0792294,0.83641553,1.0685499,12,914
da02,1706845379993053,7.0860739,0.83691543,1.0708055,11,915
da02,1706845380093125,7.095088,0.8358745,1.0686238,11,916
da02,1706845380193110,7.0723305,0.83778244,1.0613575,8,917
da02,1706845380293067,7.0702081,0.83592433,1.0661201,9,918
da02,1706845380393068,7.068562,0.83788425,1.0707905,9,919
da02,1706845380493131,7.0646462,0.83976525,1.0662313,9,920
da02,1706845380593060,7.0443239,0.83567166,1.0683545,8,921
da02,1706845380693085,7.0557837,0.829196,1.0706351,10,922
da02,1706845380793103,7.0519996,0.83384639,1.0798318,8,923
da02,1706845380893072,7.0546751,0.82660216,1.0805759,9,924
da02,1706845380993080,7.0501046,0.82746482,1.0784947,8,925
da02,1706845381093206,7.0326366,0.82829219,1.0796448,8,926
da02,1706845381193193,7.0233321,0.8274954,1.0764085,8,927
da02,1706845381293160,7.0352697,0.83304232,1.0848718,9,928
da02,1706845381393217,7.0344596,0.82887286,1.088544,7,929
da02,1706845381493191,7.0379305,0.83292061,1.0874338,8,930
da02,1706845381593127,7.0439239,0.83821219,1.0902802,9,931
da02,1706845381693179,7.0515146,0.84047765,1.0783874,10,932
da02,1706845381793151,7.0530477,0.83945316,1.0747023,9,933
da02,1706845381893083,7.0508323,0.83410442,1.0789653,8,934
da02,1706845381993232,7.057507,0.83433557,1.0788393,10,935
da02,1706845382093202,7.0610704,0.82926714,1.076182,9,936
da02,1706845382193079,7.0657525,0.81911343,1.0742707,9,937
da02,1706845382293204,7.0806184,0.82177246,1.0733268,11,938
da02,1706845382393189,7.076499,0.81948942,1.0661051,10,939
da02,1706845382493193,7.0775089,0.8237431,1.071659,9,940
da02,1706845382593186,7.065618,0.8301931,1.0687228,8,941
da02,1706845382693150,7.062923,0.82798457,1.06771,9,942
da02,1706845382793050,7.063858,0.83232212,1.0706483,9,943
da02,1706845382893170,7.0780487,0.83283806,1.0636867,12,944
da02,1706845382993139,7.0721731,0.834447,1.0653768,9,945
da02,1706845383093067,7.06252,0.82955372,1.0749712,7,946
da02,1706845383193171,7.0677886,0.83168262,1.07698,10,947
da02,1706845383293156,7.0594277,0.83943868,1.0811565,8,948
da02,1706845383393050,7.0625138,0.833121,1.0741414,10,949
da02,1706845383493210,7.0705581,0.82842183,1.0750562,10,950
da02,1706845383593175,7.073566,0.82339162,1.0697099,10,951
da02,1706845383693099,7.07329,0.83295345,1.078218,9,952
da02,1706845383793177,7.0708394,0.83795583,1.0730095,10,953
da02,1706845383893162,7.0607376,0.83407289,1.0751537,8,954
da02,1706845383993062,7.0645542,0.83471787,1.0711443,10,955
da02,1706845384093182,7.0545268,0.82979023,1.0685019,8,956
da02,1706845384193184,7.0554757,0.84447628,1.069037,9,957
da02,1706845384293112,7.0648236,0.84065372,1.0750403,10,958
da02,1706845384393229,7.0738792,0.83034843,1.0754585,10,959
da02,1706845384493198,7.2200375,0.70625633,1.4196279,71,960
da02,1706845384593118,7.1913638,0.73292255,1.3384656,10,961
da02,1706845384693248,7.1527247,0.750435,1.2773683,7,962
da02,1706845384793256,7.1376882,0.7745896,1.2327619,10,963
da02,1706845384893124,7.1184535,0.78928185,1.1925774,9,964
da02,1706845384993253,7.1129904,0.81263983,1.1719482,10,965
da02,1706845385093208,7.1008892,0.80586028,1.141778,9,966
da02,1706845385193136,7.0931768,0.81050539,1.1268376,9,967
da02,1706845385293681,7.0881228,0.81668115,1.1074513,10,968
da02,1706845385393092,7.0834475,0.82873589,1.0968157,10,969
da02,1706845385493134,7.095623,0.83380872,1.1053029,11,970
da02,1706845385593078,7.0809007,0.82722187,1.10285,7,971
da02,1706845385693152,7.0826511,0.83441466,1.0990955,10,972
da02,1706845385793147,7.075882,0.84207731,1.0838147,10,973
da02,1706845385893144,7.0773196,0.84825969,1.0734171,11,974
da02,1706845385993092,7.0754352,0.84683812,1.0694381,10,975
da02,1706845386093224,7.0762472,0.85027313,1.0673715,10,976
da02,1706845386193108,7.0686059,0.84301078,1.0672798,9,977
da02,1706845386293172,7.0700464,0.84288532,1.0683435,10,978
da02,1706845386393188,7.0649724,0.84531683,1.0702674,9,979
da02,1706845386493152,7.0601683,0.83817196,1.069096,9,980
da02,1706845386593245,7.0610218,0.8395468,1.0768278,9,981
da02,1706845386693180,7.0555286,0.84315735,1.0761757,8,982
da02,1706845386793298,7.057653,0.83544415,1.0833881,8,983
da02,1706845386893281,7.0702543,0.83579463,1.0867751,10,984
da02,1706845386993178,7.0726676,0.82290053,1.0781084,10,985
da02,1706845387093300,7.0643373,0.82617277,1.0794646,8,986
da02,1706845387193257,7.0839081,0.8207857,1.0730453,12,987
da02,1706845387294698,7.0737329,0.81034964,1.081112,7,988
da02,1706845387393243,7.0790472,0.8080191,1.0716959,11,989
da02,1706845387493207,7.0756192,0.814371,1.0714918,9,990
da02,1706845387593281,7.0558681,0.82227176,1.0731605,8,991
da02,1706845387693108,7.0551314,0.82801825,1.0718021,9,992
da02,1706845387793144,7.0681806,0.81826836,1.0731251,10,993
da02,1706845387893195,7.0751891,0.81804872,1.0719213,10,994
da02,1706845387993183,7.08341,0.82388318,1.0747521,11,995
da02,1706845388093231,7.082901,0.83695585,1.0598075,11,996
da02,1706845388193206,7.074738,0.83301419,1.0651066,8,997
da02,1706845388293136,7.0802007,0.82235324,1.0675869,10,998
da02,1706845388393097,7.0885921,0.81143707,1.0625588,11,999
da02,1706845388493184,7.0832033,0.81434655,1.0611818,10,1000
da02,1706845388593142,7.0900149,0.80956578,1.0566639,11,1001
da02,1706845388693151,7.0899005,0.816305,1.0716233,9,1002
da02,1706845388793219,7.0811138,0.81866294,1.0740359,9,1003
da02,1706845388893172,7.0824118,0.82834494,1.0802386,10,1004
da02,1706845388993190,7.0816236,0.82289219,1.09007,8,1005
da02,1706845389093130,7.0703526,0.82244146,1.0848962,8,1006
da02,1706845389193231,7.0729494,0.82033843,1.0915327,9,1007
da02,1706845389293194,7.0780158,0.81926072,1.0795038,11,1008
da02,1706845389393138,7.0716877,0.829109,1.0776728,9,1009
da02,1706845389493255,7.0694776,0.82080227,1.0782584,9,1010
da02,1706845389593185,7.0719967,0.81730992,1.0696666,10,1011
da02,1706845389693153,7.0734053,0.82068169,1.0639364,10,1012
da02,1706845389793211,7.075808,0.83394432,1.071707,10,1013
da02,1706845389893210,7.0759335,0.82897061,1.0743359,9,1014
da02,1706845389993142,7.0754519,0.83793312,1.0754977,10,1015
da02,1706845390093397,7.0775728,0.83354443,1.0683715,10,1016
da02,1706845390193197,7.0763674,0.83497757,1.0791473,9,1017
da02,1706845390293142,7.0720186,0.83833981,1.0736233,9,1018
da02,1706845390393214,7.0705891,0.84573978,1.0693527,10,1019
da02,1706845390493641,7.0700712,0.84081638,1.0676819,9,1020
da02,1706845390593120,7.0446224,0.8356694,1.0690243,8,1021
da02,1706845390693215,7.044477,0.83350611,1.0754293,8,1022
da02,1706845390793186,7.07201,0.83118,1.0733988,12,1023
da02,1706845390893180,7.0676131,0.83439845,1.0654455,10,1024
da02,1706845390993240,7.0625324,0.82958359,1.07032,8,1025
da02,1706845391093223,7.06985,0.82432729,1.0618486,11,1026
da02,1706845391193150,7.062623,0.82580858,1.0603579,9,1027
da02,1706845391293227,7.0688577,0.81584859,1.0529423,11,1028
da02,1706845391394017,7.0604796,0.81187975,1.0618259,8,1029
da02,1706845391493202,7.0555282,0.82091272,1.0655982,8,1030
da02,1706845391593238,7.0479331,0.83244133,1.0736113,8,1031
da02,1706845391693210,7.0618773,0.82792419,1.081687,10,1032
da02,1706845391793148,7.0653005,0.83680654,1.0782584,10,1033
da02,1706845391893294,7.0680165,0.833358,1.0799648,9,1034
da02,1706845391993235,7.0720015,0.82893926,1.0789213,10,1035
da02,1706845392093134,7.0733662,0.83157957,1.0791719,10,1036
da02,1706845392193241,7.0710106,0.82901335,1.0825543,9,1037
da02,1706845392293633,7.0765839,0.82233405,1.0830368,10,1038
da02,1706845392393060,7.0832639,0.83045381,1.0806762,11,1039
da02,1706845392493254,7.0730376,0.832205,1.0838521,8,1040
da02,1706845392593223,7.0795846,0.83011812,1.0677049,11,1041
da02,1706845392693110,7.0659266,0.84058392,1.0641216,8,1042
da02,1706845392793249,7.058598,0.83458865,1.0650789,8,1043
da02,1706845392893212,7.0502934,0.8383106,1.0640894,8,1044
da02,1706845392993145,7.0399504,0.83729941,1.0645208,8,1045
da02,1706845393093236,7.0505376,0.83453751,1.0632209,10,1046
da02,1706845393193241,7.0437841,0.84205133,1.0589652,9,1047
da02,1706845393293152,7.0400052,0.84087896,1.0646635,8,1048
da02,1706845393393224,7.0498843,0.83118176,1.0704488,9,1049
da02,1706845393493221,7.0594931,0.83186054,1.0653815,10,1050
da02,1706845393593162,7.0646977,0.83754551,1.0650042,10,1051
da02,1706845393693144,7.0751929,0.836645,1.0677819,11,1052
da02,1706845393793198,7.0822935,0.83672023,1.0677636,11,1053
da02,1706845393893129,7.0781627,0.82916963,1.0664066,9,1054
da02,1706845393993211,7.0772786,0.82800448,1.0700262,9,1055
da02,1706845394093182,7.0704689,0.8296864,1.070058,9,1056
da02,1706845394193160,7.0699835,0.82761043,1.0754318,9,1057
da02,1706845394293308,7.0669127,0.82871896,1.0683384,9,1058
da02,1706845394393302,7.0713959,0.8340112,1.0779694,9,1059
da02,1706845394493198,7.0681539,0.82227772,1.0667654,9,1060
da02,1706845394593292,7.0717425,0.81874275,1.0710465,9,1061
da02,1706845394693299,7.0674305,0.82395113,1.063319,10,1062
da02,1706845394793193,7.0722976,0.82454354,1.0620451,10,1063
da02,1706845394893304,7.0790238,0.82426888,1.0626476,11,1064
da02,1706845394993291,7.0684571,0.82010692,1.0632678,8,1065
da02,1706845395093185,7.0520844,0.82282656,1.0704337,8,1066
da02,1706845395193284,7.0473013,0.82990354,1.0664606,9,1067
da02,1706845395293268,7.0526438,0.82553256,1.0720179,9,1068
da02,1706845395393206,7.0596514,0.82721037,1.0681541,10,1069
da02,1706845395493326,7.0614619,0.82841736,1.0660948,10,1070
da02,1706845395593286,7.0716677,0.82191145,1.0777164,9,1071
da02,1706845395693219,7.0782013,0.82042885,1.0726415,11,1072
da02,1706845395793284,7.0773678,0.81817073,1.0623113,10,1073
da02,1706845395893244,7.09054,0.817723,1.063032,12,1074
da02,1706845395993201,7.0846744,0.81675643,1.0721909,9,1075
da02,1706845396093164,7.0805397,0.82464159,1.0754277,9,1076
da02,1706845396193204,7.0825253,0.82353991,1.0755991,10,1077
da02,1706845396293795,7.0659204,0.8332653,1.0813496,8,1078
da02,1706845396393212,7.0626884,0.83511472,1.0813757,9,1079
da02,1706845396493163,7.0665083,0.82837069,1.0785012,10,1080
da02,1706845396593271,7.0578752,0.82650828,1.0803194,8,1081
da02,1706845396693176,7.0550847,0.83267456,1.0767863,9,1082
da02,1706845396793168,7.0443645,0.82789969,1.0671154,8,1083
da02,1706845396893305,7.04968,0.82482845,1.0628443,10,1084
da02,1706845396993234,7.0434442,0.81787634,1.0608814,8,1085
da02,1706845397093248,7.0627289,0.8219716,1.0601293,11,1086
da02,1706845397193270,7.0645285,0.82488412,1.0587471,10,1087
da02,1706845397293478,7.0652351,0.81877434,1.0641257,9,1088
da02,1706845397393214,7.0615273,0.81715965,1.0638438,9,1089
da02,1706845397493276,7.0636988,0.81676167,1.0638866,9,1090
da02,1706845397593213,7.0566916,0.83124435,1.0697072,8,1091
da02,1706845397693262,7.0569673,0.83028871,1.0674704,9,1092
da02,1706845397793205,7.0667009,0.83272433,1.0619211,11,1093
da02,1706845397893252,7.0770864,0.83382767,1.0593274,11,1094
da02,1706845397993252,7.0684218,0.83367437,1.0598727,9,1095
da02,1706845398093244,7.064971,0.83395571,1.0621519,9,1096
da02,1706845398193244,7.067018,0.83084893,1.0654268,9,1097
da02,1706845398293235,7.0650687,0.83068639,1.0732607,8,1098
da02,1706845398393197,7.0765829,0.82924432,1.0843494,10,1099
da02,1706845398493275,7.0765271,0.825525,1.0724872,10,1100
da02,1706845398593160,7.073205,0.83577675,1.0660354,10,1101
da02,1706845398693263,7.0635543,0.83704162,1.0596818,9,1102
da02,1706845398793214,7.0590124,0.83753759,1.066761,8,1103
da02,1706845398893152,7.0435905,0.82949764,1.0778013,8,1104
da02,1706845398993298,7.0429153,0.83074492,1.0802813,8,1105
da02,1706845399093204,7.044682,0.83181572,1.0701725,9,1106
da02,1706845399193199,7.0399776,0.82942975,1.0771384,7,1107
da02,1706845399293213,7.0445366,0.82101488,1.0819353,8,1108
da02,1706845399393250,7.0429974,0.81616545,1.0784311,8,1109
da02,1706845399493172,7.0383291,0.8180899,1.078478,8,1110
da02,1706845399593217,7.0373659,0.8269884,1.085345,8,1111
da02,1706845399693147,7.0474496,0.82562107,1.0863299,9,1112
da02,1706845399793180,7.05197,0.8242774,1.0738335,10,1113
da02,1706845399893210,7.0549784,0.82358176,1.070969,9,1114
da02,1706845399993265,7.0434637,0.82625276,1.0696805,8,1115
da02,1706845400093170,7.0553741,0.83184958,1.072148,10,1116
da02,1706845400193234,7.0483747,0.82915753,1.0682619,8,1117
da02,1706845400293244,7.0431151,0.82822788,1.0695007,8,1118
da02,1706845400393373,7.0464711,0.82273072,1.0758598,8,1119
da02,1706845400493238,7.04518,0.81899953,1.0690972,9,1120
da02,1706845400593256,7.0505457,0.824423,1.0789285,9,1121
da02,1706845400693226,7.0574012,0.8203519,1.0766658,10,1122
da02,1706845400793255,7.0525732,0.820159,1.0758896,8,1123
da02,1706845400893273,7.0516615,0.81514585,1.0857396,7,1124
da02,1706845400993234,7.0529108,0.81181085,1.0838959,9,1125
da02,1706845401093174,7.0599046,0.81359023,1.0722225,10,1126
da02,1706845401193320,7.0521317,0.81729519,1.0738779,8,1127
da02,1706845401293316,7.0578279,0.814614,1.0742077,9,1128
da02,1706845401393262,7.0481691,0.82582015,1.0823978,8,1129
da02,1706845401493266,7.0598674,0.81959754,1.0764241,10,1130
da02,1706845401593198,7.0418925,0.8205092,1.0833141,8,1131
da02,1706845401693203,7.0421176,0.81802821,1.0836622,8,1132
da02,1706845401793200,7.0486584,0.82336211,1.0832926,9,1133
da02,1706845401893186,7.0705323,0.82352316,1.0765144,12,1134
da02,1706845401993255,7.0651064,0.82105297,1.0796702,8,1135
da02,1706845402093175,7.0602322,0.82221645,1.0768617,9,1136
da02,1706845402193225,7.0591788,0.82725459,1.0728759,9,1137
da02,1706845402293294,7.0642362,0.824396,1.0663275,10,1138
da02,1706845402393412,7.0615458,0.82060283,1.0713807,8,1139
da02,1706845402493220,7.0682893,0.82053435,1.0687844,10,1140
da02,1706845402593333,7.0768023,0.82064283,1.0547451,12,1141
da02,1706845402694820,7.079339,0.81864345,1.065896,9,1142
da02,1706845402793215,7.0750966,0.82082641,1.0681142,9,1143
da02,1706845402893471,7.0706973,0.82691956,1.0715268,9,1144
da02,1706845402993271,7.0814662,0.81371963,1.0689325,11,1145
da02,1706845403093288,7.0747614,0.81782252,1.0761821,8,1146
da02,1706845403193235,7.0648794,0.814471,1.0834101,7,1147
da02,1706845403293286,7.0751452,0.80622929,1.0800967,10,1148
da02,1706845403393299,7.0789123,0.80713391,1.0756655,10,1149
da02,1706845403493226,7.0875912,0.80113465,1.0727085,11,1150
da02,1706845403593325,7.0787363,0.80018127,1.0702823,9,1151
da02,1706845403693312,7.0783148,0.81673551,1.0711291,10,1152
da02,1706845403793267,7.0637074,0.81628686,1.068795,8,1153
da02,1706845403893372,7.0664229,0.81832457,1.0756114,9,1154
da02,1706845403993288,7.0669818,0.81459016,1.0857632,8,1155
da02,1706845404093206,7.07121,0.81484687,1.0870562,9,1156
da02,1706845404193314,7.0627804,0.82501119,1.0828018,8,1157
da02,1706845404293306,7.057435,0.81953424,1.0815252,8,1158
da02,1706845404393238,7.0716848,0.81790984,1.088141,10,1159
da02,1706845404493360,7.065423,0.82727772,1.0906429,8,1160
da02,1706845404593304,7.0562286,0.82983094,1.0846175,8,1161
da02,1706845404693176,7.0626845,0.8322655,1.083165,10,1162
da02,1706845404793250,7.0655713,0.83709449,1.0772027,10,1163
da02,1706845404893218,7.0586987,0.83269292,1.0800915,8,1164
da02,1706845404993230,7.0699263,0.83261406,1.0804154,10,1165
da02,1706845405093208,7.0667648,0.83910704,1.0818721,9,1166
da02,1706845405193326,7.0607719,0.83197665,1.0825807,8,1167
da02,1706845405293204,7.0580745,0.83273953,1.0718971,9,1168
da02,1706845405393264,7.0534468,0.83019406,1.0737181,8,1169
da02,1706845405493328,7.0630827,0.82022089,1.0743172,10,1170
da02,1706845405593224,7.0561128,0.817449,1.0709736,8,1171
da02,1706845405693308,7.0536547,0.832567,1.0720387,9,1172
da02,1706845405793338,7.055501,0.82831186,1.0668204,9,1173
da02,1706845405893248,7.0669236,0.81884378,1.0686028,10,1174
da02,1706845405993393,7.0713372,0.809077,1.0638682,10,1175
da02,1706845406093348,7.0594754,0.819483,1.0697562,8,1176
da02,1706845406193215,7.0613546,0.82033122,1.0741557,9,1177
da02,1706845406293305,7.0691195,0.83160293,1.0666764,11,1178
da02,1706845406393298,7.0687418,0.82045567,1.0652612,9,1179
da02,1706845406493243,7.07787,0.82311136,1.0627854,11,1180
da02,1706845406593355,7.0954485,0.82595813,1.0675944,12,1181
da02,1706845406693290,7.0890141,0.83122981,1.065437,10,1182
da02,1706845406793214,7.0860767,0.83550692,1.0735987,9,1183
da02,1706845406893325,7.0667081,0.84074873,1.0773156,8,1184
da02,1706845406993304,7.0681634,0.84602982,1.0763079,10,1185
da02,1706845407093224,7.0768585,0.82951915,1.0723273,10,1186
da02,1706845407193338,7.09828,0.82184649,1.0749446,12,1187
da02,1706845407293846,7.0862179,0.82504016,1.0775459,8,1188
da02,1706845407393193,7.0825047,0.82800514,1.0656607,10,1189
da02,1706845407493383,7.0794106,0.82372659,1.0762647,8,1190
da02,1706845407593334,7.0682387,0.82448626,1.092926,8,1191
da02,1706845407693187,7.0626903,0.81805533,1.0846896,9,1192
da02,1706845407793385,7.0658903,0.83056062,1.0770915,10,1193
da02,1706845407893350,7.0642686,0.8282516,1.0774873,9,1194
da02,1706845407993254,7.0587907,0.83061171,1.0738554,9,1195
da02,1706845408093262,7.064795,0.82166046,1.0677733,10,1196
da02,1706845408193340,7.0614014,0.83017188,1.0674558,9,1197
da02,1706845408293211,7.0558076,0.83402419,1.0570308,9,1198
da02,1706845408394992,7.0543251,0.836473,1.0572464,9,1199
da02,1706845408493312,7.0478563,0.84001839,1.0683029,8,1200
da02,1706845408593248,7.042809,0.83079046,1.0639739,8,1201
da02,1706845408693202,7.0542088,0.82927155,1.0673671,10,1202
da02,1706845408793339,7.0555658,0.82394338,1.0653462,9,1203
da02,1706845408893272,7.0638084,0.82306939,1.0604856,10,1204
da02,1706845408993326,7.0689392,0.81447035,1.065995,9,1205
da02,1706845409093592,7.0549769,0.82604522,1.0793409,8,1206
da02,1706845409193242,7.0622792,0.81895041,1.0808284,9,1207
da02,1706845409293188,7.0628695,0.80944687,1.0768697,9,1208
da02,1706845409393255,7.0620146,0.81014436,1.0841994,8,1209
da02,1706845409493263,7.0618439,0.80699813,1.0745515,9,1210
da02,1706845409593274,7.0507956,0.82048321,1.0816095,8,1211
da02,1706845409693273,7.0536127,0.82551885,1.0886027,8,1212
da02,1706845409793252,7.0538826,0.82671964,1.0833373,9,1213
da02,1706845409893238,7.0537815,0.82242227,1.0727878,9,1214
da02,1706845409993309,7.0509982,0.82170546,1.0764811,8,1215
da02,1706845410093247,7.0581164,0.81908303,1.0724535,10,1216
da02,1706845410193273,7.0598478,0.82597315,1.0807683,9,1217
da02,1706845410293280,7.0597587,0.82371491,1.0761008,9,1218
da02,1706845410393370,7.0568867,0.83016849,1.0784727,8,1219
da02,1706845410493397,7.0447903,0.83357322,1.0646443,8,1220
da02,1706845410593284,7.0580306,0.83032644,1.0594217,11,1221
da02,1706845410693386,7.0797391,0.83432871,1.0674757,12,1222
da02,1706845410793379,7.086216,0.82676178,1.0660962,11,1223
da02,1706845410893304,7.0699129,0.83015049,1.0682263,8,1224
da02,1706845410993360,7.0704193,0.82047838,1.0778283,8,1225
da02,1706845411093344,7.0768046,0.82421297,1.0731039,11,1226
da02,1706845411193310,7.0883727,0.81173879,1.0658499,11,1227
da02,1706845411293372,7.0748725,0.82344,1.0648084,9,1228
da02,1706845411393374,7.074821,0.82376176,1.0612606,10,1229
da02,1706845411493350,7.0716877,0.82584947,1.0574253,10,1230
da02,1706845411593274,7.0726905,0.83298689,1.0631113,10,1231
da02,1706845411693359,7.064568,0.82025057,1.06777,8,1232
da02,1706845411793237,7.0655737,0.82057869,1.0661379,9,1233
da02,1706845411893266,7.0635924,0.82452893,1.0655152,9,1234
da02,1706845411993387,7.0779419,0.814574,1.0748177,10,1235
da02,1706845412093259,7.0869932,0.82203752,1.0780804,11,1236
da02,1706845412193366,7.075295,0.81203854,1.0789968,8,1237
da02,1706845412293336,7.0756054,0.80803937,1.0821818,9,1238
da02,1706845412393289,7.0631676,0.81164646,1.0785363,8,1239
da02,1706845412493355,7.0742221,0.80714607,1.0709924,11,1240
da02,1706845412593340,7.0693264,0.81301284,1.0625606,10,1241
da02,1706845412693283,7.061717,0.82445842,1.0582458,9,1242
da02,1706845412793352,7.0435338,0.83162695,1.0694886,8,1243
da02,1706845412893322,7.0474029,0.83475071,1.0622272,10,1244
da02,1706845412993296,7.0579123,0.84086323,1.0624611,10,1245
da02,1706845413093340,7.0601859,0.8352316,1.0721217,9,1246
da02,1706845413193350,7.05698,0.82908684,1.0749717,8,1247
da02,1706845413293396,7.0572367,0.82527953,1.0741367,9,1248
da02,1706845413393411,7.0614176,0.811972,1.0706153,9,1249
da02,1706845413493380,7.0694022,0.81077284,1.0593605,11,1250
da02,1706845413593302,7.0671487,0.82200474,1.064369,9,1251
da02,1706845413693305,7.0799394,0.836597,1.0654116,12,1252
da02,1706845413793297,7.075088,0.83914095,1.0681634,9,1253
da02,1706845413893337,7.068933,0.83128834,1.0703074,8,1254
da02,1706845413993350,7.0756364,0.83575314,1.0610021,11,1255
da02,1706845414093300,7.0624595,0.83089107,1.0674465,7,1256
da02,1706845414193436,7.0612555,0.83223307,1.070291,9,1257
da02,1706845414293333,7.0559597,0.82195276,1.0700538,8,1258
da02,1706845414393334,7.0617018,0.8270818,1.0739384,9,1259
da02,1706845414493400,7.0570135,0.82073241,1.072137,8,1260
da02,1706845414593277,7.0702887,0.81768751,1.0734477,11,1261
da02,1706845414693303,7.0667405,0.82270688,1.0737445,9,1262
da02,1706845414793444,7.0606351,0.82649153,1.0672567,9,1263
da02,1706845414893254,7.0707011,0.82197213,1.0703206,10,1264
da02,1706845414993404,7.0831747,0.82389891,1.0706214,11,1265
da02,1706845415093379,7.0853024,0.82113272,1.0699608,10,1266
da02,1706845415193278,7.0861979,0.81531662,1.065972,10,1267
da02,1706845415293276,7.0884614,0.68770421,1.0454552,70,1268
da02,1706845415393329,7.0881577,0.71558446,1.0540859,10,1269
da02,1706845415493336,7.0789738,0.74622834,1.0481498,10,1270
da02,1706845415593294,7.0629606,0.77008,1.0578424,8,1271
da02,1706845415693301,7.0651693,0.77993357,1.0638652,9,1272
da02,1706845415793308,7.059494,0.79206,1.0743212,8,1273
da02,1706845415893281,7.0518765,0.79661691,1.08544,7,1274
da02,1706845415993309,7.0441475,0.80757862,1.0789304,8,1275
da02,1706845416093304,7.0624118,0.81955892,1.0654835,12,1276
da02,1706845416193293,7.0578604,0.81920463,1.0682527,8,1277
da02,1706845416293355,7.0612531,0.82237744,1.0734679,9,1278
da02,1706845416393324,7.0638537,0.82152033,1.0611866,10,1279
da02,1706845416493971,7.0718265,0.82834786,1.061717,11,1280
da02,1706845416593333,7.0787511,0.82265967,1.0572278,11,1281
da02,1706845416693402,7.0879493,0.83109713,1.0632656,11,1282
da02,1706845416793398,7.07461,0.8324604,1.0534616,9,1283
da02,1706845416893350,7.0703864,0.83229154,1.0594382,9,1284
da02,1706845416993420,7.2556562,0.65571284,1.3816849,73,1285
da02,1706845417093402,7.1943345,0.70217681,1.3083057,8,1286
da02,1706845417193331,7.1528816,0.73818064,1.2562228,8,1287
da02,1706845417293312,7.1375003,0.76247233,1.2071699,10,1288
da02,1706845417393432,7.1110859,0.77704585,1.1882658,8,1289
da02,1706845417493314,7.0967989,0.77836019,1.156973,9,1290
da02,1706845417593310,7.0985193,0.790746,1.1377143,10,1291
da02,1706845417693329,7.0895162,0.79772294,1.1136999,10,1292
da02,1706845417793279,7.0855231,0.79808486,1.0985535,10,1293
da02,1706845417893327,7.0821638,0.7964437,1.0930034,9,1294
da02,1706845417993357,7.0976281,0.801504,1.0815443,12,1295
da02,1706845418094847,7.0937753,0.80764425,1.0835602,9,1296
da02,1706845418193334,7.0797772,0.81513935,1.0787063,8,1297
da02,1706845418293861,7.0891924,0.82064342,1.0751688,11,1298
da02,1706845418393274,7.0592442,0.82687873,1.0778711,8,1299
da02,1706845418493394,7.0607967,0.82625222,1.0791926,9,1300
da02,1706845418593340,7.0750475,0.82337785,1.0737472,11,1301
da02,1706845418693286,7.0771031,0.83265871,1.0741209,10,1302
da02,1706845418793406,7.0785728,0.84407133,1.0759207,10,1303
da02,1706845418893322,7.0683289,0.84473604,1.0699112,9,1304
da02,1706845418993364,7.0699439,0.83630127,1.0753722,9,1305
da02,1706845419093407,7.0799794,0.83165073,1.0690393,11,1306
da02,1706845419193560,7.0752268,0.82871753,1.0687069,9,1307
da02,1706845419293314,7.0758638,0.82699496,1.0625054,10,1308
da02,1706845419393417,7.066402,0.82626212,1.0656275,8,1309
da02,1706845419493416,7.0718493,0.82923114,1.0696957,10,1310
da02,1706845419593338,7.0726371,0.82017535,1.077593,9,1311
da02,1706845419693454,7.2299619,0.6693151,1.4546269,72,1312
da02,1706845419793373,7.2006564,0.71009821,1.3645718,10,1313
da02,1706845419893368,7.176322,0.74513483,1.2952471,10,1314
da02,1706845419993403,7.1447439,0.7652272,1.2534747,7,1315
da02,1706845420093361,7.1120863,0.77347273,1.2110056,7,1316
da02,1706845420193306,7.0946178,0.79170257,1.1823399,8,1317
da02,1706845420293403,7.0773444,0.80390948,1.1513016,8,1318
da02,1706845420393335,7.0709219,0.81014943,1.1279085,9,1319
da02,1706845420493322,7.0814509,0.81352556,1.1112517,11,1320
da02,1706845420593404,7.0785618,0.81849229,1.1046678,9,1321
da02,1706845420693343,7.0851483,0.82380861,1.1044247,10,1322
da02,1706845420793324,7.0795684,0.81693304,1.0832405,10,1323
da02,1706845420893330,7.0914311,0.8141461,1.0831014,11,1324
da02,1706845420993420,7.0910778,0.81529415,1.082405,10,1325
da02,1706845421093370,7.0721841,0.81291544,1.0806506,7,1326
da02,1706845421193394,7.0723734,0.81842667,1.0803845,9,1327
da02,1706845421293358,7.06231,0.81680787,1.0810171,8,1328
da02,1706845421393345,7.0669727,0.81621486,1.0697134,10,1329
da02,1706845421493447,7.0670404,0.81453735,1.0692679,9,1330
da02,1706845421593894,7.0785604,0.81455362,1.0703331,11,1331
da02,1706845421693362,7.0768428,0.81561291,1.0626026,10,1332
da02,1706845421793438,7.07162,0.82338583,1.0663458,9,1333
da02,1706845421893368,7.0818095,0.83122915,1.0752152,10,1334
da02,1706845421993294,7.0715084,0.83550304,1.0680435,9,1335
da02,1706845422093370,7.0742025,0.83089149,1.0765073,9,1336
da02,1706845422193356,7.0851383,0.824612,1.0710342,11,1337
da02,1706845422293332,7.08616,0.83664405,1.0664023,11,1338
da02,1706845422393396,7.0851517,0.8362574,1.0691383,10,1339
da02,1706845422493414,7.0642204,0.83527225,1.0814421,8,1340
da02,1706845422593355,7.0836611,0.8320564,1.0872483,11,1341
da02,1706845422693354,7.0944467,0.83227772,1.0769333,12,1342
da02,1706845422793372,7.0874562,0.83774692,1.0821161,9,1343
da02,1706845422893344,7.0631003,0.82480168,1.0781857,7,1344
da02,1706845422993332,7.0656385,0.82291871,1.0695391,10,1345
da02,1706845423093357,7.0678492,0.82555419,1.0731,9,1346
da02,1706845423193386,7.0587907,0.8299889,1.0780947,8,1347
da02,1706845423293380,7.0591078,0.81770873,1.0751054,9,1348
da02,1706845423393470,7.069665,0.80864018,1.0741348,10,1349
da02,1706845423493495,7.0643167,0.81886244,1.0769982,8,1350
da02,1706845423593438,7.0553513,0.82579577,1.0713158,8,1351
da02,1706845423693461,7.054791,0.827253,1.0769207,8,1352
da02,1706845423793512,7.061893,0.83667928,1.0768777,10,1353
da02,1706845423893372,7.0491848,0.82671463,1.0723243,7,1354
da02,1706845423993439,7.0643425,0.8290174,1.0606463,12,1355
da02,1706845424093337,7.0819383,0.82705027,1.0543658,12,1356
da02,1706845424193355,7.0839229,0.828419,1.0505943,11,1357
da02,1706845424293358,7.064795,0.83022529,1.0571637,8,1358
da02,1706845424393316,7.06153,0.82873535,1.0607359,9,1359
da02,1706845424493714,7.0509624,0.83532578,1.0680898,8,1360
da02,1706845424593396,7.0349493,0.822648,1.0614491,7,1361
da02,1706845424693589,7.0352135,0.83012527,1.06218,8,1362
da02,1706845424793386,7.050848,0.82774049,1.0575733,11,1363
da02,1706845424893366,7.04939,0.81181538,1.0657543,8,1364
da02,1706845424993453,7.0641394,0.81590658,1.0614845,11,1365
da02,1706845425093388,7.0678992,0.81921852,1.0626277,10,1366
da02,1706845425193405,7.0694985,0.82615817,1.0652224,10,1367
da02,1706845425293404,7.0507126,0.81950462,1.0662298,7,1368
da02,1706845425393358,7.0548186,0.81810671,1.0707949,9,1369
da02,1706845425493426,7.0575027,0.81860596,1.0659566,10,1370
da02,1706845425593394,7.0575209,0.82416791,1.0657433,9,1371
da02,1706845425693396,7.0597372,0.83395511,1.0668646,10,1372
da02,1706845425793412,7.0581779,0.82779157,1.0679932,9,1373
da02,1706845425893388,7.0522442,0.83436328,1.0660439,9,1374
da02,1706845425993412,7.0567656,0.827398,1.0686142,9,1375
da02,1706845426093432,7.0650425,0.82747245,1.0722585,10,1376
da02,1706845426193338,7.0708857,0.82564574,1.0770086,10,1377
da02,1706845426293398,7.0627007,0.82303637,1.0720007,8,1378
da02,1706845426393378,7.0733461,0.82390016,1.071256,11,1379
da02,1706845426493385,7.0607204,0.82310313,1.079307,8,1380
da02,1706845426593370,7.0721164,0.8268885,1.0902599,10,1381
da02,1706845426693421,7.1983671,0.82984817,1.0745256,67,1382
da02,1706845426793340,7.1532784,0.83204257,1.0797155,8,1383
da02,1706845426893393,7.1366758,0.8305856,1.0781231,10,1384
da02,1706845426993447,7.107079,0.82814491,1.077149,7,1385
da02,1706845427093363,7.1023669,0.83066958,1.0745487,10,1386
da02,1706845427193372,7.0885797,0.82790774,1.0775051,8,1387
da02,1706845427293385,7.0863848,0.8180939,1.075263,9,1388
da02,1706845427393392,7.0781388,0.81699783,1.0784377,8,1389
da02,1706845427493366,7.0796838,0.80878633,1.0828946,9,1390
da02,1706845427593439,7.067698,0.81308162,1.0688094,9,1391
da02,1706845427693401,7.0664124,0.81327248,1.0730166,9,1392
da02,1706845427793388,7.0801187,0.80841815,1.0660758,11,1393
da02,1706845427893394,7.0907307,0.8077746,1.0629537,11,1394
da02,1706845427993356,7.0812769,0.81595367,1.0751978,8,1395
da02,1706845428093383,7.0683904,0.82770008,1.0724933,8,1396
da02,1706845428193370,7.071795,0.83181387,1.0706484,10,1397
da02,1706845428293398,7.0663562,0.83254343,1.0705248,9,1398
da02,1706845428393374,7.0600061,0.82963234,1.0851693,7,1399
da02,1706845428493445,7.0544543,0.83159816,1.0837138,8,1400
da02,1706845428593357,7.0611348,0.82047445,1.0885293,9,1401
da02,1706845428693415,7.0649753,0.81664306,1.082467,10,1402
da02,1706845428793383,7.0676603,0.82611519,1.0780964,10,1403
da02,1706845428893386,7.0805259,0.82512188,1.0784582,11,1404
da02,1706845428993406,7.0890942,0.8210147,1.0741568,11,1405
da02,1706845429093409,7.090456,0.8204478,1.0792092,10,1406
da02,1706845429193418,7.0776639,0.82429206,1.087916,8,1407
da02,1706845429293957,7.0869474,0.81925249,1.0846685,11,1408
da02,1706845429393404,7.0849175,0.82735193,1.078052,10,1409
da02,1706845429493375,7.0865912,0.82484412,1.0758876,10,1410
da02,1706845429593393,7.0901766,0.82190067,1.0696018,11,1411
da02,1706845429693392,7.0741286,0.81749076,1.0867234,8,1412
da02,1706845429793378,7.0696335,0.82141531,1.0871354,9,1413
da02,1706845429893407,7.054553,0.81893796,1.0952545,8,1414
da02,1706845429994132,7.0706954,0.819739,1.0913268,11,1415
da02,1706845430093352,7.190207,0.82892054,1.0658646,67,1416
da02,1706845430193481,7.1538768,0.83928442,1.0702105,9,1417
da02,1706845430293371,7.1458678,0.84212089,1.0696372,11,1418
da02,1706845430393336,7.1250215,0.8361727,1.0739945,9,1419
da02,1706845430493667,7.0996962,0.84207112,1.074285,8,1420
da02,1706845430593431,7.080564,0.83111441,1.083604,7,1421
da02,1706845430693510,7.0698504,0.83386052,1.0791041,8,1422
da02,1706845430793440,7.065702,0.83106363,1.0820357,8,1423
da02,1706845430893470,7.0694265,0.83247811,1.0760285,10,1424
da02,1706845430993508,7.071033,0.835796,1.0687448,10,1425
da02,1706845431093366,7.0737376,0.837816,1.079232,9,1426
da02,1706845431193508,7.069643,0.84192669,1.0768058,9,1427
da02,1706845431293464,7.0521812,0.84106374,1.0788643,8,1428
da02,1706845431393424,7.0470858,0.83832729,1.073714,8,1429
da02,1706845431493628,7.0404963,0.84007353,1.0629113,9,1430
da02,1706845431593512,7.0543613,0.83436441,1.0756212,9,1431
da02,1706845431693418,7.0552292,0.83145845,1.0791316,8,1432
da02,1706845431793525,7.0703039,0.83884072,1.0762795,11,1433
da02,1706845431893470,7.069407,0.83818758,1.0839447,9,1434
da02,1706845431993406,7.0697241,0.84890127,1.0855653,9,1435
da02,1706845432093484,7.0641522,0.83821684,1.0847012,8,1436
da02,1706845432193505,7.0663314,0.83852059,1.0837882,9,1437
da02,1706845432293392,7.076015,0.83886915,1.0811833,11,1438
da02,1706845432393626,7.085638,0.83466983,1.0810345,11,1439
da02,1706845432493456,7.0801024,0.83920604,1.0789171,9,0
da02,1706845432593426,7.0937834,0.83241796,1.0711234,12,1
da02,1706845432693386,7.0924411,0.82935488,1.0761573,10,2
da02,1706845432793436,7.0761027,0.83176845,1.0727087,8,3
da02,1706845432893394,7.0674744,0.82121474,1.0767038,8,4
da02,1706845432993476,7.0593472,0.82051218,1.0659007,9,5
da02,1706845433093630,7.0608392,0.8238104,1.0595769,10,6
da02,1706845433193404,7.059598,0.830685,1.0606475,9,7
da02,1706845433293389,7.0667763,0.83152616,1.0542582,11,8
da02,1706845433393475,7.0775676,0.83031172,1.0539125,11,9
da02,1706845433494944,7.0830169,0.82521057,1.0592606,10,10
da02,1706845433593490,7.0723958,0.83210707,1.0564448,9,11
da02,1706845433693392,7.0756278,0.83100963,1.0596204,10,12
da02,1706845433793395,7.07457,0.832373,1.0635631,9,13
da02,1706845433893406,7.0673213,0.8306604,1.072382,8,14
da02,1706845433993443,7.0533981,0.83747494,1.07887,8,15
da02,1706845434093369,7.0566111,0.83937478,1.0981067,8,16
da02,1706845434193559,7.0569382,0.83417749,1.0842785,9,17
da02,1706845434293531,7.0560355,0.8301813,1.0855567,8,18
da02,1706845434393482,7.0776262,0.82830596,1.0752585,12,19
da02,1706845434493595,7.0681086,0.82689661,1.072444,8,20
da02,1706845434593606,7.0583205,0.82501113,1.0771275,7,21
da02,1706845434693451,7.0619755,0.82749844,1.0777422,9,22
da02,1706845434793604,7.059875,0.821826,1.0758005,9,23
da02,1706845434893517,7.0615492,0.82765847,1.0843288,9,24
da02,1706845434993473,7.0511327,0.82447904,1.0786946,8,25
da02,1706845435093518,7.0390925,0.82608294,1.0858263,8,26
da02,1706845435193493,7.0382738,0.83597648,1.0892185,8,27
da02,1706845435293440,7.0466533,0.82709324,1.0942742,8,28
da02,1706845435393528,7.060195,0.82468474,1.0875144,10,29
da02,1706845435493706,7.0614023,0.83141571,1.0772388,10,30
da02,1706845435593560,7.0638204,0.83726263,1.0668812,10,31
da02,1706845435693482,7.0714784,0.83603024,1.0672624,10,32
da02,1706845435793472,7.0710826,0.83537078,1.0716759,9,33
da02,1706845435893442,7.0773139,0.83309597,1.0753324,10,34
da02,1706845435994390,7.07139,0.82488239,1.0774308,8,35
da02,1706845436093456,7.0656462,0.82884139,1.0749297,9,36
da02,1706845436193424,7.0682597,0.82736862,1.0812633,9,37
da02,1706845436293457,7.0596251,0.82206482,1.0747877,8,38
da02,1706845436393604,7.0629358,0.8264066,1.0763531,9,39
da02,1706845436493443,7.0586224,0.82511091,1.074016,9,40
da02,1706845436593484,7.0428214,0.82510942,1.0721868,8,41
da02,1706845436693489,7.051095,0.82908285,1.0730722,10,42
da02,1706845436793513,7.0651493,0.82134873,1.0672364,11,43
da02,1706845436893452,7.0583439,0.82317823,1.06574,8,44
da02,1706845436993442,7.0582232,0.82309049,1.0679255,9,45
da02,1706845437093464,7.0604186,0.8219021,1.07622,9,46
da02,1706845437193514,7.0498171,0.826083,1.0809863,8,47
da02,1706845437293508,7.0605564,0.83033139,1.0699627,11,48
da02,1706845437393491,7.0694804,0.827121,1.0657765,11,49
da02,1706845437493572,7.071198,0.82387334,1.0661043,10,50
da02,1706845437593497,7.1929564,0.82376432,1.0565715,67,51
da02,1706845437693519,7.1644349,0.82841951,1.0676277,9,52
da02,1706845437793462,7.148191,0.82386929,1.0582479,11,53
da02,1706845437893464,7.13574,0.83263743,1.0741391,10,54
da02,1706845437993471,7.1121187,0.82752329,1.071941,8,55
da02,1706845438093478,7.1088662,0.82421839,1.080706,10,56
da02,1706845438193504,7.099885,0.82690388,1.080426,9,57
da02,1706845438293471,7.0954161,0.83121669,1.0765979,10,58
da02,1706845438393442,7.10052,0.8330512,1.0763148,11,59
da02,1706845438493469,7.0897479,0.83723682,1.0742471,9,60
da02,1706845438593469,7.0891004,0.82999665,1.0726017,10,61
da02,1706845438693476,7.0817342,0.82448715,1.0692722,9,62
da02,1706845438793495,7.0684619,0.82773805,1.0685894,8,63
da02,1706845438893546,7.0576415,0.836397,1.0831387,8,64
da02,1706845438993570,7.0537019,0.84346408,1.076512,9,65
da02,1706845439093519,7.0612388,0.8387838,1.073263,10,66
da02,1706845439193429,7.0512166,0.836929,1.0728722,8,67
da02,1706845439293428,7.0550966,0.83791339,1.0741518,9,68
da02,1706845439393505,7.0599432,0.83680022,1.0765595,9,69
da02,1706845439493450,7.0539293,0.84293312,1.0780693,8,70
da02,1706845439593426,7.0556526,0.83942014,1.0761962,9,71
da02,1706845439693504,7.0468564,0.82429481,1.0698386,8,72
da02,1706845439793439,7.0536261,0.83553964,1.0725038,10,73
da02,1706845439893428,7.062932,0.84330595,1.0719671,10,74
da02,1706845439993481,7.0700111,0.84240615,1.0731263,10,75
da02,1706845440093405,7.0672956,0.84047216,1.0794016,8,76
da02,1706845440193456,7.0695148,0.83497232,1.0842562,9,77
da02,1706845440294065,7.0707259,0.83692926,1.0735058,10,78
da02,1706845440393483,7.079711,0.83167279,1.0840762,10,79
da02,1706845440493541,7.0799503,0.8318513,1.0734211,10,80
da02,1706845440593438,7.05878,0.83132452,1.0682963,8,81
da02,1706845440693407,7.0589547,0.82770371,1.0705336,9,82
da02,1706845440793434,7.0596476,0.83770412,1.0711203,9,83
da02,1706845440893458,7.0607867,0.83026153,1.0716568,9,84
da02,1706845440993415,7.07569,0.83008415,1.0791883,11,85
da02,1706845441093518,7.0753417,0.83430737,1.0776428,10,86
da02,1706845441193563,7.083684,0.82486165,1.079249,10,87
da02,1706845441293616,7.077301,0.81986523,1.0766412,9,88
da02,1706845441393574,7.0723214,0.82390547,1.0924389,8,89
da02,1706845441493524,7.0735574,0.83001363,1.0938501,9,90
da02,1706845441593677,7.0585113,0.83329618,1.0910726,8,91
da02,1706845441693553,7.0673389,0.84195352,1.092173,10,92
da02,1706845441794094,7.05159,0.84110022,1.090073,8,93
da02,1706845441893472,7.0590448,0.82648814,1.0853993,9,94
da02,1706845441993495,7.069087,0.82345015,1.087011,10,95
da02,1706845442093454,7.0642667,0.82966036,1.0800984,9,96
da02,1706845442193452,7.0656085,0.83508873,1.0789777,9,97
da02,1706845442293468,7.0665765,0.84022337,1.0861256,9,98
da02,1706845442393451,7.0651379,0.8373878,1.0822384,9,99
da02,1706845442493596,7.0563712,0.83923984,1.083902,8,100
da02,1706845442593604,7.0688033,0.8468374,1.084933,11,101
da02,1706845442693567,7.0565786,0.83777392,1.0750074,8,102
da02,1706845442793639,7.052072,0.84958321,1.0813017,8,103
da02,1706845442893648,7.0507145,0.85109705,1.0778943,9,104
da02,1706845442993595,7.0404963,0.85548711,1.0750736,8,105
da02,1706845443093652,7.0420275,0.85449636,1.0652666,9,106
da02,1706845443193640,7.0619922,0.85356277,1.062152,12,107
da02,1706845443293615,7.0662985,0.84631646,1.0665548,9,108
da02,1706845443393658,7.0795617,0.83922869,1.0581499,12,109
da02,1706845443493670,7.0787978,0.83076507,1.0521439,10,110
da02,1706845443593595,7.0733676,0.84007239,1.050018,10,111
da02,1706845443693604,7.0701222,0.84401476,1.0535616,9,112
da02,1706845443793605,7.062459,0.83875221,1.048602,9,113
da02,1706845443893611,7.0607424,0.82199728,1.0563768,8,114
da02,1706845443993629,7.0665736,0.81931913,1.0570993,10,115
da02,1706845444093589,7.0597539,0.8223179,1.0747863,8,116
da02,1706845444193586,7.0642357,0.82335567,1.0636489,10,117
da02,1706845444293620,7.0687294,0.82527286,1.055377,11,118
da02,1706845444393591,7.0747786,0.82744622,1.0538073,11,119
da02,1706845444493610,7.0882282,0.82279295,1.0586625,11,120
da02,1706845444593585,7.0818362,0.81945384,1.0612648,9,121
da02,1706845444693592,7.0815277,0.82377076,1.0604503,10,122
da02,1706845444793596,7.0821633,0.82071167,1.0526203,11,123
da02,1706845444893600,7.0784249,0.81789035,1.0602331,9,124
da02,1706845444993657,7.0763283,0.819528,1.065679,9,125
da02,1706845445093600,7.0810494,0.81155312,1.0553482,11,126
da02,1706845445193605,7.0744057,0.81960124,1.0594894,9,127
da02,1706845445293595,7.0843582,0.82131582,1.0726992,10,128
da02,1706845445393595,7.0836954,0.82918483,1.0829488,9,129
da02,1706845445493602,7.0922074,0.82217163,1.0868254,10,130
da02,1706845445593599,7.084877,0.81563979,1.0775685,9,131
da02,1706845445693626,7.0834012,0.82240748,1.0719937,10,132
da02,1706845445793644,7.0874085,0.81702513,1.075897,10,133
da02,1706845445893621,7.0926442,0.81978482,1.0728627,11,134
da02,1706845445993620,7.0903759,0.82553351,1.0681889,10,135
da02,1706845446093621,7.0803709,0.82121283,1.0552225,10,136
da02,1706845446193620,7.0854025,0.82589972,1.0562443,11,137
da02,1706845446293834,7.0880952,0.82037395,1.0695475,9,138
da02,1706845446393657,7.079483,0.81535882,1.069306,9,139
da02,1706845446493647,7.0770941,0.81992453,1.0656295,10,140
da02,1706845446593648,7.0754294,0.81549281,1.0604041,10,141
da02,1706845446693649,7.07248,0.8226254,1.0589143,10,142
da02,1706845446794187,7.0854044,0.81579077,1.0617051,11,143
da02,1706845446893651,7.0765395,0.82046157,1.0752368,8,144
da02,1706845446993645,7.060204,0.81224066,1.0856061,7,145
da02,1706845447093644,7.0606728,0.82049721,1.0843569,9,146
da02,1706845447193662,7.0424237,0.82459724,1.0827141,8,147
da02,1706845447293566,7.05392,0.82462668,1.0814222,10,148
da02,1706845447393583,7.0572329,0.82196838,1.078402,9,149
da02,1706845447493632,7.0716243,0.81750977,1.077533,11,150
da02,1706845447593612,7.0685444,0.81843096,1.0854181,8,151
da02,1706845447693607,7.0592756,0.82687849,1.0880796,8,152
da02,1706845447793614,7.0678334,0.81966913,1.0755293,11,153
da02,1706845447893659,7.0694594,0.82535195,1.0783262,9,154
da02,1706845447993540,7.0799131,0.82866174,1.0740935,11,155
da02,1706845448093490,7.0744143,0.82614273,1.0662684,9,156
da02,1706845448193490,7.0722108,0.82345945,1.0697744,9,157
da02,1706845448293476,7.0781488,0.82652354,1.0595206,11,158
da02,1706845448393467,7.075345,0.82559621,1.0702777,9,159
da02,1706845448494009,7.0905638,0.8229357,1.0698086,12,160
da02,1706845448593630,7.0865254,0.82668483,1.0736678,9,161
da02,1706845448693637,7.0763106,0.82414252,1.083045,8,162
da02,1706845448793617,7.0846524,0.828103,1.080361,11,163
da02,1706845448895224,7.0952682,0.82367891,1.0737612,12,164
da02,1706845448993674,7.0862074,0.82771742,1.061293,10,165
da02,1706845449093621,7.0795436,0.8239311,1.0573635,9,166
da02,1706845449193636,7.0680552,0.82168287,1.0651551,8,167
da02,1706845449293621,7.0631642,0.82413471,1.0764056,8,168
da02,1706845449393651,7.0632997,0.82798833,1.0705515,10,169
da02,1706845449493664,7.0673423,0.82379514,1.0680063,10,170
da02,1706845449593643,7.0780535,0.81886232,1.069999,11,171
da02,1706845449693635,7.0775008,0.82551461,1.0717992,10,172
da02,1706845449793668,7.0745311,0.82185119,1.0773587,9,173
da02,1706845449893676,7.0589862,0.81968564,1.0789298,7,174
da02,1706845449993677,7.056818,0.81899643,1.0715166,9,175
da02,1706845450093612,7.06548,0.82081819,1.0717002,10,176
da02,1706845450193638,7.0592604,0.82870233,1.0771874,8,177
da02,1706845450293629,7.0618715,0.83325392,1.0764242,9,178
da02,1706845450393622,7.0543747,0.831271,1.082932,7,179
da02,1706845450493627,7.0659637,0.83011836,1.0721767,11,180
da02,1706845450593645,7.0634813,0.83198386,1.0803998,8,181
da02,1706845450693608,7.0612836,0.83156842,1.077185,9,182
da02,1706845450793634,7.0611629,0.83087194,1.0793273,9,183
da02,1706845450893627,7.0594182,0.8385542,1.0789623,9,184
da02,1706845450993685,7.0500679,0.84646589,1.077723,8,185
da02,1706845451093632,7.1835442,0.8426761,1.0706494,67,186
da02,1706845451193660,7.15852,0.84375769,1.0744759,10,187
da02,1706845451294154,7.129962,0.83507746,1.0818834,8,188
da02,1706845451393674,7.1032376,0.82816333,1.0785991,8,189
da02,1706845451493678,7.1060863,0.82668638,1.0715525,11,190
da02,1706845451593660,7.0952258,0.82121962,1.0781581,8,191
da02,1706845451693644,7.086607,0.82425433,1.0766246,9,192
da02,1706845451794180,7.0774832,0.8257544,1.0746446,9,193
da02,1706845451893686,7.0745726,0.81866407,1.0784357,9,194
da02,1706845451993640,7.0753365,0.82049716,1.081509,9,195
da02,1706845452093656,7.0746455,0.82980818,1.0714972,10,196
da02,1706845452193703,7.0852671,0.83734816,1.060275,12,197
da02,1706845452294124,7.0823555,0.82551777,1.0653452,9,198
da02,1706845452393650,7.0927353,0.82473737,1.0610987,12,199
da02,1706845452493728,7.1059766,0.82125193,1.0545689,13,200
da02,1706845452593697,7.1045246,0.830364,1.0610169,10,201
da02,1706845452693672,7.0982451,0.82672805,1.0574332,10,202
da02,1706845452793646,7.0958767,0.82061708,1.0606924,10,203
da02,1706845452893673,7.0771127,0.82674104,1.0569366,8,204
da02,1706845452993684,7.0619516,0.83008796,1.0654778,8,205
da02,1706845453093619,7.0722985,0.83630264,1.0637209,11,206
da02,1706845453193679,7.0656986,0.82916588,1.0634815,9,207
da02,1706845453293655,7.0749493,0.82139355,1.0603071,11,208
da02,1706845453393663,7.084403,0.82659668,1.0469291,12,209
da02,1706845453493645,7.0826669,0.8298226,1.0551778,10,210
da02,1706845453593648,7.0725169,0.83625978,1.058596,9,211
da02,1706845453693624,7.0681148,0.83141291,1.0597596,9,212
da02,1706845453793656,7.0712028,0.83380276,1.0672674,9,213
da02,1706845453893632,7.0674257,0.83479333,1.0691093,9,214
da02,1706845453993715,7.0597343,0.82915342,1.0646789,8,215
da02,1706845454093683,7.0699511,0.82958996,1.0663916,10,216
da02,1706845454193711,7.0696077,0.82657343,1.0534399,10,217
da02,1706845454293709,7.0699682,0.83466154,1.0569791,10,218
da02,1706845454393710,7.0715661,0.82958794,1.0519595,10,219
da02,1706845454493687,7.07121,0.82720447,1.0553282,9,220
da02,1706845454593666,7.0723319,0.83400315,1.0615385,10,221
da02,1706845454693651,7.0703025,0.82753867,1.0569154,10,222
da02,1706845454793676,7.0691156,0.8256799,1.055547,10,223
da02,1706845454893645,7.0819826,0.82782429,1.0561285,11,224
da02,1706845454993665,7.08454,0.83933568,1.0652976,10,225
da02,1706845455093635,7.0765805,0.84413141,1.0708256,9,226
da02,1706845455193678,7.0675621,0.84737092,1.0692869,9,227
da02,1706845455293653,7.0670896,0.838259,1.0716835,9,228
da02,1706845455393663,7.05535,0.82903183,1.0719513,7,229
da02,1706845455493704,7.0694108,0.82697284,1.0641128,11,230
da02,1706845455593663,7.0748816,0.83022004,1.0596716,11,231
da02,1706845455693668,7.0835443,0.83489442,1.0635662,11,232
da02,1706845455793675,7.0726748,0.82397127,1.0612296,8,233
da02,1706845455893676,7.0766363,0.82306069,1.0611711,10,234
da02,1706845455993670,7.073595,0.83805394,1.0563092,10,235
da02,1706845456093690,7.0697994,0.82524419,1.0618346,8,236
da02,1706845456193714,7.070148,0.83143264,1.0625322,10,237
da02,1706845456293696,7.0664177,0.82213777,1.068532,8,238
da02,1706845456393721,7.0753856,0.821714,1.0696144,10,239
da02,1706845456493712,7.0676217,0.81855762,1.0744358,8,240
da02,1706845456593721,7.056973,0.83079875,1.0687931,8,241
da02,1706845456693708,7.0621371,0.83076483,1.0670607,10,242
da02,1706845456794215,7.05968,0.82017678,1.061588,9,243
da02,1706845456893702,7.08032,0.82075626,1.0648067,12,244
da02,1706845456993731,7.0675282,0.81708878,1.0627449,8,245
da02,1706845457093702,7.0754108,0.82091719,1.0638906,11,246
da02,1706845457193698,7.0755229,0.82708746,1.0634261,10,247
da02,1706845457293688,7.0810761,0.82202029,1.0725532,10,248
da02,1706845457393712,7.085556,0.82345718,1.0784565,10,249
da02,1706845457493668,7.0916939,0.82204908,1.067591,11,250
da02,1706845457593659,7.0714922,0.81906694,1.0740097,7,251
da02,1706845457693644,7.0681753,0.81439549,1.0723633,9,252
da02,1706845457793688,7.0590119,0.82271272,1.0817351,8,253
da02,1706845457893658,7.0739632,0.82932943,1.0758106,12,254
da02,1706845457993772,7.0687566,0.82992643,1.0764905,9,255
da02,1706845458093707,7.0471535,0.82186782,1.0843202,8,256
da02,1706845458193718,7.0678563,0.70362157,1.0534421,70,257
da02,1706845458293708,7.0668025,0.7386865,1.0574839,9,258
da02,1706845458393712,7.0626621,0.75936931,1.0557857,9,259
da02,1706845458493752,7.0749464,0.77018476,1.0581172,11,260
da02,1706845458593728,7.0798411,0.78460246,1.060329,10,261
da02,1706845458693738,7.0761547,0.80023611,1.0564835,10,262
da02,1706845458793717,7.0753403,0.807763,1.0694932,9,263
da02,1706845458893714,7.0726004,0.80441934,1.0731738,9,264
da02,1706845458993638,7.078815,0.81298167,1.0634758,11,265
da02,1706845459093613,7.081574,0.81780219,1.0649803,10,266
da02,1706845459193613,7.0767746,0.82022417,1.063639,9,267
da02,1706845459293606,7.0809422,0.81463265,1.0647273,10,268
da02,1706845459393613,7.0749073,0.8091777,1.0674422,9,269
da02,1706845459493629,7.0789819,0.81803423,1.0587577,11,270
da02,1706845459593623,7.0854235,0.82911479,1.0604748,11,271
da02,1706845459693602,7.0832462,0.81974977,1.0603898,10,272
da02,1706845459793639,7.0838265,0.81723732,1.0649366,10,273
da02,1706845459893630,7.0820527,0.81086445,1.0599698,10,274
da02,1706845459993703,7.071312,0.82056767,1.0593596,9,275
da02,1706845460093672,7.0794187,0.82242435,1.0607245,11,276
da02,1706845460193694,7.0820866,0.82038206,1.0652664,10,277
da02,1706845460293646,7.0813189,0.82364947,1.0734112,9,278
da02,1706845460393624,7.0841875,0.82615155,1.0786859,10,279
da02,1706845460493602,7.0838976,0.83690941,1.086199,9,280
da02,1706845460593633,7.0846314,0.83541584,1.0757877,11,281
da02,1706845460693662,7.0816965,0.83644843,1.0733106,10,282
da02,1706845460793616,7.0745196,0.83634275,1.0825944,8,283
da02,1706845460893631,7.0796919,0.8241359,1.0717863,11,284
da02,1706845460993634,7.0776997,0.82159722,1.0746777,9,285
da02,1706845461093634,7.0780954,0.82135296,1.0604988,11,286
da02,1706845461193655,7.08026,0.82483435,1.0606493,10,287
da02,1706845461293642,7.0615215,0.81363028,1.0694333,7,288
da02,1706845461393646,7.0637965,0.80735159,1.0697697,9,289
da02,1706845461493714,7.0737677,0.81248957,1.0723119,10,290
da02,1706845461593646,7.0749221,0.82892728,1.0748427,10,291
da02,1706845461693624,7.0725608,0.82665151,1.0803574,9,292
da02,1706845461793635,7.0623522,0.8286382,1.0751947,8,293
da02,1706845461894160,7.0658154,0.82725364,1.0738791,10,294
da02,1706845461993657,7.07508,0.81773263,1.0636693,11,295
da02,1706845462093620,7.0703917,0.81709158,1.0760028,8,296
da02,1706845462193654,7.0604744,0.81393683,1.075978,8,297
da02,1706845462294202,7.0693269,0.81588042,1.0857838,9,298
da02,1706845462393690,7.0783305,0.81514066,1.0880824,10,299
da02,1706845462493662,7.0778074,0.8159886,1.086974,9,300
da02,1706845462593658,7.0715418,0.82209605,1.1008627,8,301
da02,1706845462693660,7.0650611,0.82194746,1.0848305,9,302
da02,1706845462793656,7.0640559,0.8203184,1.0801952,9,303
da02,1706845462893872,7.0579309,0.820906,1.0761465,8,304
da02,1706845462993746,7.0729318,0.8183043,1.0635986,12,305
da02,1706845463093653,7.0846853,0.83118808,1.0689149,11,306
da02,1706845463193667,7.0932584,0.83116442,1.072293,11,307
da02,1706845463293635,7.086072,0.82088041,1.0673759,9,308
da02,1706845463393676,7.084681,0.82592827,1.0691848,10,309
da02,1706845463493678,7.0836611,0.82862657,1.0663903,10,310
da02,1706845463593699,7.0756412,0.82980728,1.064585,9,311
da02,1706845463693708,7.0722151,0.83590412,1.0693346,9,312
da02,1706845463793699,7.06291,0.83255076,1.0720958,8,313
da02,1706845463893656,7.0708914,0.82575029,1.0728171,10,314
da02,1706845463993662,7.0815372,0.81849039,1.0678353,11,315
da02,1706845464093649,7.0689759,0.82922232,1.0680153,8,316
da02,1706845464193655,7.0719004,0.82997769,1.0651522,10,317
da02,1706845464295306,7.0726461,0.82529807,1.0604612,10,318
da02,1706845464393674,7.0847144,0.81627452,1.0713726,10,319
da02,1706845464493721,7.2008786,0.82066548,1.0564907,67,320
da02,1706845464593686,7.1610088,0.81629741,1.0580041,8,321
da02,1706845464693668,7.1309376,0.82314414,1.0585626,9,322
da02,1706845464793661,7.11888,0.81716311,1.0604167,10,323
da02,1706845464893646,7.0925107,0.82257473,1.0618201,8,324
da02,1706845464993652,7.0945334,0.82465595,1.0642476,10,325
da02,1706845465093634,7.0788,0.80607527,1.0631167,8,326
da02,1706845465193667,7.0801072,0.80735564,1.0659312,10,327
da02,1706845465293648,7.072978,0.81382251,1.0680337,9,328
da02,1706845465393684,7.0691814,0.81722236,1.0662153,9,329
da02,1706845465493664,7.0606976,0.81289333,1.0793897,7,330
da02,1706845465593671,7.0563745,0.82652873,1.0789282,9,331
da02,1706845465693648,7.0559535,0.8274771,1.0760815,9,332
da02,1706845465793672,7.0538788,0.81877726,1.0765421,8,333
da02,1706845465893695,7.0509987,0.82344764,1.0807514,8,334
da02,1706845465993753,7.0545774,0.826012,1.070715,10,335
da02,1706845466093696,7.06495,0.82382476,1.0776803,10,336
da02,1706845466193669,7.0592012,0.83291918,1.0720444,9,337
da02,1706845466293678,7.0471482,0.82502,1.0690454,7,338
da02,1706845466393731,7.0647717,0.82241863,1.0736802,11,339
da02,1706845466493711,7.0660591,0.82518768,1.0726961,9,340
da02,1706845466593674,7.0719762,0.8269161,1.0794767,9,341
da02,1706845466693662,7.0596709,0.82547843,1.0702716,8,342
da02,1706845466793661,7.0596232,0.823375,1.0644484,9,343
da02,1706845466894211,7.0602393,0.82887954,1.0646915,9,344
da02,1706845466993674,7.052382,0.8287378,1.0720372,7,345
da02,1706845467093666,7.0736547,0.83168411,1.0667961,12,346
da02,1706845467193690,7.0731015,0.83060217,1.075811,9,347
da02,1706845467293681,7.073904,0.82646394,1.0774139,9,348
da02,1706845467393646,7.0780425,0.83974904,1.0882311,9,349
da02,1706845467493746,7.0721865,0.83851177,1.0834208,9,350
da02,1706845467594180,7.06757,0.82786089,1.0755874,9,351
da02,1706845467693662,7.05946,0.82430214,1.072278,8,352
da02,1706845467793675,7.0498872,0.82603884,1.0759405,7,353
da02,1706845467893714,7.0531373,0.81854022,1.0694048,9,354
da02,1706845467993748,7.0619469,0.82122815,1.0680171,10,355
da02,1706845468093679,7.0585938,0.82389826,1.0633538,9,356
da02,1706845468193727,7.0686216,0.82933247,1.073029,10,357
da02,1706845468293721,7.0579119,0.82873714,1.0720305,8,358
da02,1706845468400722,7.0659566,0.82511669,1.073746,10,359
da02,1706845468493718,7.0827613,0.81768215,1.079852,11,360
da02,1706845468593676,7.0846062,0.81684577,1.0758336,10,361
da02,1706845468693690,7.0710263,0.82047981,1.0779957,8,362
da02,1706845468793669,7.0718179,0.82819194,1.0809186,9,363
da02,1706845468893730,7.0616589,0.83865416,1.0862248,8,364
da02,1706845468993805,7.0602236,0.8407408,1.0764741,10,365
da02,1706845469093742,7.0589857,0.82915467,1.0714251,9,366
da02,1706845469193684,7.0756097,0.827154,1.0591967,12,367
da02,1706845469293728,7.0718775,0.82866043,1.0700039,8,368
da02,1706845469393721,7.0720711,0.83470231,1.0738759,9,369
da02,1706845469493712,7.0833006,0.8397339,1.0805985,11,370
da02,1706845469593696,7.0827479,0.83110482,1.076241,10,371
da02,1706845469693696,7.0833426,0.83368206,1.0679913,11,372
da02,1706845469793677,7.0751748,0.82267559,1.0763649,8,373
da02,1706845469893704,7.0760851,0.82988441,1.0756155,10,374
da02,1706845469993679,7.0669894,0.82583654,1.0720019,8,375
da02,1706845470093701,7.0639296,0.82587039,1.066741,9,376
da02,1706845470193700,7.070446,0.82522941,1.0667102,10,377
da02,1706845470293702,7.0650415,0.82233262,1.0723171,8,378
da02,1706845470393679,7.06724,0.81206167,1.0623974,10,379
da02,1706845470493881,7.0602465,0.81919217,1.0642445,8,380
da02,1706845470593726,7.0618243,0.826818,1.0722246,9,381
da02,1706845470693698,7.0546618,0.8284651,1.0625609,9,382
da02,1706845470793688,7.0612869,0.82152945,1.0623654,10,383
da02,1706845470893705,7.057272,0.82820296,1.0619063,9,384
da02,1706845470993706,7.0655446,0.82145905,1.0500489,11,385
da02,1706845471093720,7.060894,0.8255018,1.0567797,8,386
da02,1706845471193688,7.0642591,0.8285892,1.0676968,9,387
da02,1706845471293690,7.0724635,0.83661908,1.0687635,11,388
da02,1706845471393700,7.0713096,0.84399652,1.0743613,9,389
da02,1706845471493712,7.07202,0.84697366,1.0747652,10,390
da02,1706845471593698,7.0619369,0.84493643,1.0789738,8,391
da02,1706845471693701,7.0476,0.83780414,1.0707668,8,392
da02,1706845471793726,7.0463066,0.83665669,1.0684524,9,393
da02,1706845471894260,7.0559578,0.84115982,1.0670316,10,394
da02,1706845471995141,7.0548019,0.842603,1.0623671,9,395
da02,1706845472093745,7.063282,0.8291322,1.0746934,9,396
da02,1706845472193694,7.0706058,0.8336125,1.0807557,10,397
da02,1706845472293701,7.080605,0.81834328,1.0809301,10,398
da02,1706845472393698,7.0794868,0.82065243,1.0785395,10,399
da02,1706845472493698,7.0868845,0.80899423,1.0782137,10,400
da02,1706845472593684,7.0913897,0.82018536,1.0667688,12,401
da02,1706845472693702,7.09256,0.82172722,1.067868,10,402
da02,1706845472793706,7.0873241,0.82211536,1.0611063,10,403
da02,1706845472893697,7.0792747,0.8174355,1.0605898,9,404
da02,1706845472993702,7.0883703,0.82044053,1.0749454,10,405
da02,1706845473093744,7.076591,0.81835169,1.0763378,8,406
da02,1706845473193691,7.0730739,0.81839383,1.0714447,9,407
da02,1706845473294342,7.0681257,0.81948531,1.0724943,9,408
da02,1706845473393755,7.0755696,0.81634265,1.0717943,10,409
da02,1706845473495593,7.0737257,0.82332164,1.0633922,10,410
da02,1706845473593714,7.0727911,0.82358366,1.071844,9,411
da02,1706845473693744,7.0813484,0.8217178,1.067706,11,412
da02,1706845473793726,7.0748897,0.83468986,1.0686215,9,413
da02,1706845473893742,7.0781908,0.8378877,1.0613214,11,414
da02,1706845473993822,7.0787959,0.83642387,1.0677058,9,415
da02,1706845474093760,7.0749707,0.84052163,1.0689206,9,416
da02,1706845474193742,7.0769129,0.83024633,1.060652,10,417
da02,1706845474293752,7.0772758,0.84107453,1.0733414,9,418
da02,1706845474393740,7.0751047,0.83619666,1.0703164,9,419
da02,1706845474493752,7.087173,0.83828956,1.0741827,11,420
da02,1706845474593792,7.074194,0.82881862,1.0626239,9,421
da02,1706845474693730,7.0621758,0.82268494,1.0738536,7,422
da02,1706845474793730,7.0686774,0.8242805,1.0827262,9,423
da02,1706845474893743,7.056891,0.82041842,1.0819819,7,424
da02,1706845474993898,7.05695,0.80674422,1.0859085,8,425
da02,1706845475093755,7.0525808,0.81179547,1.0883918,8,426
da02,1706845475193743,7.0518732,0.82199943,1.0853037,9,427
da02,1706845475293725,7.04767,0.82102829,1.0799192,8,428
da02,1706845475393707,7.0686827,0.81953979,1.0697706,12,429
da02,1706845475493745,7.0829248,0.81536525,1.0678302,11,430
da02,1706845475593712,7.0649858,0.83271515,1.0739304,8,431
da02,1706845475693723,7.0699873,0.83141249,1.087924,9,432
da02,1706845475793720,7.0665145,0.8330006,1.0846016,9,433
da02,1706845475893742,7.0571265,0.8285535,1.0745063,8,434
da02,1706845475993702,7.0488539,0.8318302,1.0808083,8,435
da02,1706845476093731,7.0442634,0.8283847,1.0768476,8,436
da02,1706845476193725,7.0463495,0.83710754,1.0722541,9,437
da02,1706845476293719,7.0543141,0.82422185,1.0774844,9,438
da02,1706845476393732,7.0494094,0.82829553,1.0758582,8,439
da02,1706845476495255,7.0509682,0.83732814,1.0815989,9,440
da02,1706845476593755,7.0524268,0.82619935,1.080096,9,441
da02,1706845476693734,7.0416884,0.82033128,1.0778333,7,442
da02,1706845476793724,7.0552778,0.82301688,1.0689745,11,443
da02,1706845476894222,7.0618038,0.81406754,1.0661466,10,444
da02,1706845476993741,7.0673418,0.81447142,1.0685576,10,445
da02,1706845477093796,7.0625143,0.82655221,1.0777618,8,446
da02,1706845477193765,7.0609279,0.82823682,1.0766158,9,447
da02,1706845477293775,7.0543518,0.8324247,1.0755743,8,448
da02,1706845477393766,7.0567827,0.8285706,1.0719197,9,449
da02,1706845477493724,7.0528641,0.82669169,1.0747823,8,450
da02,1706845477593793,7.0481834,0.81474978,1.079223,7,451
da02,1706845477693751,7.0382061,0.82860851,1.0750282,8,452
da02,1706845477793746,7.0431209,0.82719111,1.0711037,9,453
da02,1706845477893724,7.0429215,0.82973808,1.0804862,8,454
da02,1706845477993829,7.0488753,0.83252025,1.0798622,9,455
da02,1706845478093759,7.0552669,0.8338995,1.0774146,10,456
da02,1706845478193750,7.0640626,0.70616513,1.047447,70,457
da02,1706845478293734,7.056911,0.75159395,1.0623722,8,458
da02,1706845478393738,7.0612354,0.77539027,1.0726337,9,459
da02,1706845478493729,7.0733032,0.79491884,1.0698735,11,460
da02,1706845478593725,7.0708876,0.80715948,1.0698074,9,461
da02,1706845478693738,7.0719962,0.80143052,1.0618984,10,462
da02,1706845478793716,7.0572033,0.81970328,1.0659235,8,463
da02,1706845478893755,7.0628529,0.83277774,1.0821716,9,464
da02,1706845478993785,7.0642147,0.83445281,1.0783806,9,465
da02,1706845479093769,7.0562086,0.82772815,1.0753667,8,466
da02,1706845479193884,7.06399,0.82064039,1.0689766,10,467
da02,1706845479293752,7.0668211,0.83477634,1.0622698,11,468
da02,1706845479393770,7.067955,0.83291131,1.0762227,8,469
da02,1706845479493890,7.0600095,0.83450991,1.0683657,9,470
da02,1706845479593820,7.071641,0.83660322,1.0710341,11,471
da02,1706845479695369,7.0705333,0.829809,1.0740434,9,472
da02,1706845479793829,7.0791845,0.83121759,1.0735103,11,473
da02,1706845479893763,7.085259,0.83491653,1.0690095,11,474
da02,1706845479993773,7.1008916,0.84378552,1.0676738,13,475
da02,1706845480093761,7.085578,0.83735776,1.0701925,8,476
da02,1706845480193742,7.0760784,0.82731229,1.0724717,8,477
da02,1706845480293746,7.07221,0.83109343,1.0692962,9,478
da02,1706845480393735,7.060688,0.82439107,1.0788579,7,479
da02,1706845480493750,7.0553703,0.82617217,1.0796617,8,480
da02,1706845480593734,7.0519447,0.83913779,1.075039,9,481
da02,1706845480693766,7.0491576,0.83915585,1.0709739,9,482
da02,1706845480793745,7.05358,0.83732384,1.0757942,9,483
da02,1706845480893775,7.0413795,0.83090514,1.0756235,7,484
da02,1706845480993798,7.0688992,0.83109754,1.0717937,13,485
da02,1706845481093824,7.0529284,0.82282746,1.0791798,7,486
da02,1706845481193794,7.0751505,0.83173585,1.0733721,12,487
da02,1706845481293766,7.0811663,0.82738596,1.0779905,10,488
da02,1706845481393755,7.0825777,0.82707286,1.0806171,10,489
da02,1706845481493768,7.0829406,0.82310379,1.0790565,10,490
da02,1706845481593758,7.0709982,0.818426,1.0893764,7,491
da02,1706845481693754,7.0646873,0.81800383,1.0834278,9,492
da02,1706845481793759,7.0490727,0.83136731,1.081272,8,493
da02,1706845481894285,7.0493913,0.82667094,1.0691476,9,494
da02,1706845481993761,7.0529032,0.83315152,1.0776145,9,495
da02,1706845482093756,7.0675526,0.82887161,1.0793167,10,496
da02,1706845482193779,7.0747123,0.82717979,1.0693771,11,497
da02,1706845482293774,7.0723138,0.83209497,1.0708508,9,498
da02,1706845482393776,7.0718179,0.82569677,1.0722195,9,499
da02,1706845482493795,7.0731807,0.83256471,1.0676683,10,500
da02,1706845482593816,7.0674038,0.83193946,1.0755285,8,501
da02,1706845482693768,7.0575571,0.81791019,1.0862945,7,502
da02,1706845482793738,7.0604014,0.81318623,1.0820547,9,503
da02,1706845482893753,7.0623932,0.81867462,1.0741442,10,504
da02,1706845482993767,7.0667119,0.81228161,1.0768625,9,505
da02,1706845483093782,7.0670762,0.81901348,1.0858029,8,506
da02,1706845483193833,7.0537086,0.82166356,1.0877508,8,507
da02,1706845483293816,7.0543332,0.82351905,1.0761745,10,508
da02,1706845483393788,7.0663042,0.82504565,1.0685133,11,509
da02,1706845483493830,7.0627584,0.81695169,1.0781558,8,510
da02,1706845483593818,7.0592813,0.81617069,1.0733194,9,511
da02,1706845483693772,7.0692968,0.81009817,1.0837587,9,512
da02,1706845483793757,7.0872941,0.80458957,1.0775924,12,513
da02,1706845483893748,7.0878968,0.81374454,1.0762956,10,514
da02,1706845483993747,7.1033649,0.82083911,1.0719675,13,515
da02,1706845484093803,7.1033611,0.82940567,1.0648092,11,516
da02,1706845484193775,7.0922089,0.83743924,1.0715927,9,517
da02,1706845484294310,7.0969567,0.83884507,1.0694076,11,518
da02,1706845484393769,7.0982175,0.8387202,1.0717158,10,519
da02,1706845484494170,7.0943909,0.84981483,1.0668993,11,520
da02,1706845484593806,7.0800838,0.85573965,1.0653827,9,521
da02,1706845484693844,7.09872,0.84899765,1.0624597,13,522
da02,1706845484793799,7.0984426,0.84296149,1.0656868,10,523
da02,1706845484893758,7.09013,0.84284741,1.0639228,10,524
da02,1706845484993862,7.0747643,0.841476,1.0683818,8,525
da02,1706845485093790,7.071363,0.83278018,1.0596083,10,526
da02,1706845485193814,7.0579972,0.83434463,1.0571064,8,527
da02,1706845485293790,7.0717354,0.83397704,1.0513302,12,528
da02,1706845485393801,7.0660629,0.82552636,1.0597227,8,529
da02,1706845485493798,7.0774426,0.82316953,1.062122,11,530
da02,1706845485593857,7.0663304,0.83012009,1.0640285,8,531
da02,1706845485693791,7.0746784,0.81831294,1.0685418,10,532
da02,1706845485793784,7.0796838,0.81848514,1.0636613,11,533
da02,1706845485893792,7.0784016,0.82111049,1.0683283,9,534
da02,1706845485993797,7.0863109,0.82023251,1.0675246,11,535
da02,1706845486093841,7.0888333,0.81736737,1.0557288,11,536
da02,1706845486193822,7.0811591,0.81196344,1.0696745,8,537
da02,1706845486293836,7.0777082,0.80908382,1.0723213,9,538
da02,1706845486393830,7.08491,0.81867808,1.0705837,11,539
da02,1706845486493826,7.0670877,0.82035065,1.0683603,8,540
da02,1706845486593839,7.060647,0.81716204,1.0710454,8,541
da02,1706845486693786,7.0715108,0.81426239,1.0677222,11,542
da02,1706845486793783,7.0836554,0.82593083,1.0712508,11,543
da02,1706845486894270,7.0610609,0.8350507,1.0720159,8,544
da02,1706845486993790,7.0648751,0.82866549,1.0780017,9,545
da02,1706845487093840,7.0556612,0.83984411,1.0743084,8,546
da02,1706845487193795,7.0615358,0.83600956,1.0794642,9,547
da02,1706845487293763,7.072618,0.82464892,1.0740547,11,548
da02,1706845487393797,7.0797048,0.8206076,1.0716453,10,549
da02,1706845487493826,7.073154,0.81780642,1.0677953,9,550
da02,1706845487593806,7.0623469,0.82678586,1.0738161,8,551
da02,1706845487693792,7.0719309,0.82555521,1.0763067,10,552
da02,1706845487793799,7.0653868,0.82335073,1.0736254,9,553
da02,1706845487893806,7.0676503,0.82702237,1.0727371,10,554
da02,1706845487993795,7.0557914,0.81831783,1.083452,7,555
da02,1706845488093816,7.0741715,0.82786995,1.085948,11,556
da02,1706845488193791,7.0640554,0.82237852,1.0896854,7,557
da02,1706845488293807,7.054461,0.82359689,1.0769386,8,558
da02,1706845488393812,7.058032,0.81968087,1.0795219,9,559
da02,1706845488493801,7.0603561,0.81603867,1.072498,10,560
da02,1706845488593871,7.0650353,0.82041132,1.0750383,9,561
da02,1706845488693813,7.0716467,0.82073969,1.0777669,10,562
da02,1706845488793803,7.0679045,0.81602651,1.074133,9,563
da02,1706845488893845,7.075666,0.82242537,1.0656036,11,564
da02,1706845488993860,7.0814133,0.83165395,1.0644532,11,565
da02,1706845489093835,7.0670443,0.835333,1.0660119,8,566
da02,1706845489193847,7.0700445,0.83605886,1.0629629,10,567
da02,1706845489293843,7.0690732,0.84617662,1.0697286,9,568
da02,1706845489393796,7.0773892,0.83976668,1.0667374,11,569
da02,1706845489493814,7.0839405,0.8390615,1.0669802,11,570
da02,1706845489593822,7.0661941,0.84674019,1.0770102,8,571
da02,1706845489693813,7.0596437,0.83398163,1.0716552,8,572
da02,1706845489793807,7.0587568,0.83492744,1.0724001,9,573
da02,1706845489893814,7.0507073,0.82052147,1.079096,7,574
da02,1706845489994020,7.0493951,0.82402956,1.0809547,8,575
da02,1706845490093860,7.0566335,0.7198348,1.0554463,70,576
da02,1706845490193872,7.0600395,0.74262387,1.0610183,9,577
da02,1706845490294014,7.0776515,0.75546706,1.0565709,12,578
da02,1706845490393792,7.0719347,0.77200961,1.0510353,10,579
da02,1706845490500735,7.0738282,0.78066695,1.056796,9,580
da02,1706845490593835,7.0734282,0.77886617,1.0678797,8,581
da02,1706845490693824,7.0675974,0.79168642,1.0718828,8,582
da02,1706845490793852,7.0773335,0.80566436,1.066476,11,583
da02,1706845490893975,7.0811362,0.81829327,1.0677449,10,584
da02,1706845490993853,7.0794587,0.82206583,1.0755528,9,585
da02,1706845491093872,7.0858207,0.82998908,1.0647732,12,586
da02,1706845491193925,7.0600777,0.8361699,1.069834,8,587
da02,1706845491293748,7.0678525,0.83817112,1.0718937,10,588
da02,1706845491393837,7.0656862,0.83731741,1.0746744,9,589
da02,1706845491493848,7.0582004,0.84554851,1.0774149,8,590
da02,1706845491593874,7.0600572,0.838065,1.0705688,10,591
da02,1706845491693817,7.0679092,0.83511966,1.0709894,10,592
da02,1706845491793851,7.0657506,0.83393729,1.0698388,9,593
da02,1706845491894341,7.06368,0.83672726,1.0766264,8,594
da02,1706845491993826,7.072217,0.83039635,1.0752447,10,595
da02,1706845492093817,7.0724344,0.82929945,1.0756053,9,596
da02,1706845492193826,7.0728817,0.83483517,1.0753257,10,597
da02,1706845492293790,7.0638151,0.82910186,1.0845315,7,598
da02,1706845492393828,7.0815682,0.82369524,1.0787432,12,599
da02,1706845492493806,7.0932193,0.82902056,1.0689222,12,600
da02,1706845492593836,7.0801187,0.831505,1.073989,8,601
da02,1706845492693807,7.0749946,0.8255952,1.0740954,9,602
da02,1706845492793818,7.0815053,0.82019424,1.0713269,10,603
da02,1706845492893812,7.06662,0.81058949,1.0751441,7,604
da02,1706845492993827,7.070056,0.82044339,1.0757484,10,605
da02,1706845493093864,7.0776725,0.82190341,1.0819055,10,606
da02,1706845493193841,7.0708632,0.81834316,1.0844072,8,607
da02,1706845493293788,7.0748682,0.81917137,1.0850689,10,608
da02,1706845493393836,7.0771766,0.81605542,1.0820436,10,609
da02,1706845493493826,7.0589137,0.825028,1.0835891,8,610
da02,1706845493593855,7.055624,0.82295531,1.0790873,9,611
da02,1706845493693844,7.0507016,0.8314721,1.0757805,8,612
da02,1706845493793876,7.0537658,0.82148916,1.0689433,9,613
da02,1706845493893864,7.0586581,0.81361806,1.0832155,8,614
da02,1706845493993859,7.05617,0.81588656,1.0816149,8,615
da02,1706845494093816,7.0616264,0.81400269,1.0711359,10,616
da02,1706845494193873,7.0697784,0.82193869,1.071548,10,617
da02,1706845494293817,7.0777245,0.82822686,1.0854625,9,618
da02,1706845494393850,7.0803409,0.83070463,1.084572,10,619
da02,1706845494493808,7.0769606,0.83215743,1.0787697,10,620
da02,1706845494593880,7.0811572,0.84107637,1.0867566,10,621
da02,1706845494693807,7.0875115,0.83814305,1.091309,10,622
da02,1706845494793847,7.0963664,0.82444209,1.0801711,11,623
da02,1706845494893837,7.1013207,0.82123625,1.0806161,11,624
da02,1706845494993850,7.1027431,0.81654489,1.084552,10,625
da02,1706845495095394,7.0955153,0.83080751,1.0877317,9,626
da02,1706845495193872,7.0807114,0.8316893,1.0918412,7,627
da02,1706845495294382,7.0741768,0.83241767,1.0937301,8,628
da02,1706845495393847,7.0777087,0.83275563,1.0866216,10,629
da02,1706845495493889,7.0743327,0.82655019,1.0832828,9,630
da02,1706845495593879,7.0817423,0.82240677,1.0810204,10,631
da02,1706845495693822,7.068923,0.82026565,1.0690843,9,632
da02,1706845495793868,7.0615053,0.82430506,1.0613129,9,633
da02,1706845495893846,7.0586572,0.82579243,1.0631609,9,634
da02,1706845495994524,7.0695467,0.82557493,1.0659438,10,635
da02,1706845496093938,7.0673647,0.82539064,1.0554076,10,636
da02,1706845496193886,7.0695748,0.82481796,1.0590388,10,637
da02,1706845496293852,7.0617013,0.82348549,1.0664685,8,638
da02,1706845496393856,7.0584707,0.82216638,1.0686969,8,639
da02,1706845496493860,7.0533471,0.82259935,1.0778812,7,640
da02,1706845496593862,7.0585861,0.82872784,1.0728718,10,641
da02,1706845496693852,7.0633407,0.82918459,1.0739061,10,642
da02,1706845496793880,7.0761509,0.82742625,1.0718013,11,643
da02,1706845496894414,7.0873165,0.82462943,1.0706606,11,644
da02,1706845496993888,7.0849495,0.82280672,1.0636182,10,645
da02,1706845497093879,7.0792866,0.82506824,1.0667675,9,646
da02,1706845497193905,7.067306,0.83304,1.0668402,8,647
da02,1706845497293868,7.0674644,0.84023118,1.068734,9,648
da02,1706845497393852,7.0735774,0.82887322,1.0709238,10,649
da02,1706845497493863,7.0777726,0.82187,1.0680892,10,650
da02,1706845497593911,7.0742216,0.8284899,1.0688376,9,651
da02,1706845497693814,7.05825,0.83179229,1.069856,8,652
da02,1706845497793853,7.0557189,0.83849078,1.0707294,9,653
da02,1706845497893836,7.0593424,0.83276,1.0690508,9,654
da02,1706845497993880,7.0602665,0.84348506,1.0604187,10,655
da02,1706845498093846,7.0768161,0.84647804,1.0548587,12,656
da02,1706845498193877,7.067205,0.83524275,1.0619143,8,657
da02,1706845498293859,7.0786996,0.83010322,1.0610479,11,658
da02,1706845498393860,7.0716515,0.8233707,1.068411,8,659
da02,1706845498493850,7.0590477,0.82419884,1.0764891,8,660
da02,1706845498593870,7.0648613,0.82474482,1.0684215,10,661
da02,1706845498693838,7.0523963,0.82782364,1.0764953,8,662
da02,1706845498793863,7.0586686,0.83080637,1.0697782,10,663
da02,1706845498893864,7.0772753,0.82989305,1.060516,12,664
da02,1706845498993912,7.058301,0.83057374,1.0635111,8,665
da02,1706845499093944,7.0584865,0.83385432,1.0691223,9,666
da02,1706845499193906,7.0555525,0.837107,1.0642253,9,667
da02,1706845499293871,7.0726357,0.83114254,1.0670844,11,668
da02,1706845499393864,7.0704393,0.83100474,1.0628394,10,669
da02,1706845499493870,7.0619407,0.82960075,1.0724396,7,670
da02,1706845499593871,7.0666623,0.82685077,1.0749618,9,671
da02,1706845499693852,7.0690036,0.82699418,1.0816506,9,672
da02,1706845499793890,7.0734825,0.82228124,1.0895121,9,673
da02,1706845499893860,7.0745187,0.82321006,1.0898163,9,674
da02,1706845499993865,7.0672827,0.82378817,1.0920718,8,675
da02,1706845500093864,7.0729847,0.821405,1.0887768,10,676
da02,1706845500193900,7.0655537,0.83513838,1.0867318,9,677
da02,1706845500293894,7.0692072,0.84223431,1.0817635,10,678
da02,1706845500393878,7.0813704,0.83196479,1.0821611,11,679
da02,1706845500493862,7.0716534,0.83110178,1.0842339,8,680
da02,1706845500593966,7.0623417,0.83792251,1.0824034,8,681
da02,1706845500693918,7.0762076,0.83098841,1.079571,11,682
da02,1706845500793876,7.08123,0.8253274,1.0798264,10,683
da02,1706845500893886,7.0826392,0.82554919,1.0782063,10,684
da02,1706845500993888,7.0825906,0.82348251,1.0727743,10,685
da02,1706845501093928,7.071806,0.82443452,1.0671488,9,686
da02,1706845501193908,7.0783105,0.8223502,1.0609485,11,687
da02,1706845501293910,7.0791268,0.83449268,1.0642291,10,688
da02,1706845501393928,7.0872765,0.82765037,1.0647981,11,689
da02,1706845501493942,7.0902991,0.82321459,1.0674249,10,690
da02,1706845501593976,7.08064,0.82459736,1.0687917,9,691
da02,1706845501693796,7.0882463,0.829165,1.0748776,10,692
da02,1706845501793913,7.0781012,0.8432427,1.0729684,9,693
da02,1706845501894426,7.0779295,0.84348923,1.0674964,10,694
da02,1706845501993823,7.079165,0.82903248,1.0698587,9,695
da02,1706845502093961,7.0814314,0.83133525,1.0690809,10,696
da02,1706845502193904,7.070344,0.84087169,1.0590452,9,697
da02,1706845502293802,7.0737019,0.83795953,1.0605216,10,698
da02,1706845502393893,7.07592,0.83061057,1.0512809,11,699
da02,1706845502493891,7.0738053,0.82201576,1.0468621,10,700
da02,1706845502593944,7.0731316,0.83016706,1.0478826,10,701
da02,1706845502693836,7.0700126,0.83205736,1.0580807,9,702
da02,1706845502793917,7.0913653,0.82002407,1.0497875,13,703
da02,1706845502893813,7.0852289,0.824147,1.0526813,10,704
da02,1706845502993932,7.0859976,0.82655263,1.0558351,10,705
da02,1706845503093906,7.074964,0.83711445,1.0640316,8,706
da02,1706845503193848,7.0695562,0.83246523,1.0590086,9,707
da02,1706845503293922,7.0715566,0.83313411,1.0600834,10,708
da02,1706845503393941,7.0779977,0.83439928,1.0687838,10,709
da02,1706845503493815,7.0947695,0.83861786,1.0597779,13,710
da02,1706845503594001,7.0865808,0.84142882,1.0615572,9,711
da02,1706845503693879,7.0858335,0.83832127,1.0737836,9,712
da02,1706845503793833,7.0834365,0.83223915,1.079684,9,713
da02,1706845503893890,7.0957413,0.83310729,1.083745,11,714
da02,1706845503993912,7.0820222,0.83343083,1.0885493,8,715
da02,1706845504093804,7.0824704,0.83136863,1.0709814,11,716
da02,1706845504193916,7.0739021,0.83705735,1.0711998,9,717
da02,1706845504293910,7.0699296,0.83128381,1.0675241,9,718
da02,1706845504393820,7.0588427,0.83352816,1.0728015,8,719
da02,1706845504493895,7.0606956,0.81887764,1.0715628,9,720
da02,1706845504593915,7.0673008,0.81737381,1.0671657,10,721
da02,1706845504693827,7.0631666,0.83156717,1.0571125,10,722
da02,1706845504793919,7.0633192,0.83244324,1.0557199,10,723
da02,1706845504893889,7.0695653,0.83277482,1.0581139,10,724
da02,1706845504993875,7.0648618,0.8220638,1.0538311,9,725
da02,1706845505093965,7.0703311,0.82419974,1.0628603,10,726
da02,1706845505193935,7.0713868,0.82539648,1.0677276,9,727
da02,1706845505293870,7.0586457,0.81488228,1.0676068,7,728
da02,1706845505393907,7.0653944,0.81132948,1.073429,9,729
da02,1706845505493913,7.0593538,0.81157237,1.0676234,9,730
da02,1706845505593869,7.0486145,0.81982857,1.0738634,8,731
da02,1706845505693894,7.0535903,0.82138294,1.0710649,9,732
da02,1706845505793972,7.060266,0.8296541,1.0730612,10,733
da02,1706845505893995,7.0406551,0.82952988,1.0804392,8,734
da02,1706845505993963,7.05761,0.82810611,1.06838,12,735
da02,1706845506093971,7.0503869,0.82933289,1.0675571,8,736
da02,1706845506193872,7.05419,0.82585204,1.0707408,9,737
da02,1706845506296180,7.0659385,0.81813866,1.0681198,10,738
da02,1706845506393968,7.0681653,0.81636888,1.0702412,9,739
da02,1706845506493917,7.075141,0.81886482,1.0704722,10,740
da02,1706845506593980,7.06891,0.81942666,1.0769049,8,741
da02,1706845506693879,7.0668516,0.82406068,1.072257,9,742
da02,1706845506793871,7.0723319,0.81861651,1.0718102,10,743
da02,1706845506893922,7.0770879,0.82279927,1.0688604,10,744
da02,1706845506993933,7.0727067,0.82021224,1.066817,9,745
da02,1706845507093846,7.0787992,0.83033633,1.0681036,11,746
da02,1706845507193929,7.0598016,0.83168256,1.0668007,8,747
da02,1706845507293832,7.0385308,0.82174075,1.0631706,7,748
da02,1706845507393838,7.0472116,0.82059181,1.0620525,10,749
da02,1706845507493922,7.0578523,0.82122326,1.074563,9,750
da02,1706845507593862,7.0661654,0.82807744,1.0758098,10,751
da02,1706845507693818,7.0685706,0.83357471,1.0727335,10,752
da02,1706845507793938,7.06209,0.83006978,1.0764405,8,753
da02,1706845507893833,7.0652061,0.829799,1.0779127,9,754
da02,1706845507993904,7.0586905,0.83353746,1.0876894,8,755
da02,1706845508094001,7.0721464,0.84008074,1.0764468,12,756
da02,1706845508193863,7.0708303,0.83804077,1.076103,9,757
da02,1706845508293834,7.057416,0.82737356,1.0724804,7,758
da02,1706845508393942,7.0656586,0.82080019,1.0617322,11,759
da02,1706845508493847,7.0717311,0.82257563,1.059534,10,760
da02,1706845508593864,7.0701852,0.81963754,1.0719581,8,761
da02,1706845508693920,7.0773363,0.82741505,1.0609281,11,762
da02,1706845508793914,7.0736957,0.82065552,1.0660479,9,763
da02,1706845508893838,7.0724764,0.81635267,1.0710015,9,764
da02,1706845508993926,7.068779,0.82018751,1.0763927,8,765
da02,1706845509093887,7.0458055,0.82587171,1.0728974,8,766
da02,1706845509193924,7.0510049,0.83188623,1.0711119,10,767
da02,1706845509293968,7.0599985,0.829406,1.0637616,11,768
da02,1706845509393876,7.056994,0.83893007,1.0669123,9,769
da02,1706845509493873,7.0663819,0.83501941,1.0703481,10,770
da02,1706845509593998,7.0718441,0.83582544,1.0694481,10,771
da02,1706845509693903,7.0705767,0.83594394,1.0750158,9,772
da02,1706845509793882,7.0610962,0.84523708,1.0794016,8,773
da02,1706845509893918,7.0620837,0.846789,1.0749434,10,774
da02,1706845509993890,7.0735445,0.84767032,1.0777584,11,775
da02,1706845510093871,7.0636511,0.83281857,1.0670106,9,776
da02,1706845510193956,7.061429,0.83107442,1.0667834,9,777
da02,1706845510293880,7.0646639,0.83393306,1.0679712,10,778
da02,1706845510393907,7.0591445,0.83148247,1.0694295,8,779
da02,1706845510495543,7.05735,0.82515478,1.0760998,8,780
da02,1706845510593952,7.0467248,0.83039182,1.0791752,8,781
da02,1706845510693866,7.0529046,0.829633,1.0850954,9,782
da02,1706845510793946,7.0622191,0.824667,1.0831908,10,783
da02,1706845510894009,7.0581565,0.8192929,1.0815208,8,784
da02,1706845510993885,7.05485,0.80777532,1.0730544,9,785
da02,1706845511093938,7.0469828,0.82527316,1.0712821,8,786
da02,1706845511193910,7.0363822,0.82518649,1.080947,8,787
da02,1706845511293820,7.0593972,0.82448041,1.0763106,12,788
da02,1706845511393925,7.0533333,0.82174057,1.0766133,8,789
da02,1706845511493930,7.0585532,0.82924187,1.068503,10,790
da02,1706845511593881,7.0706,0.82478786,1.0799644,10,791
da02,1706845511693906,7.0788307,0.82804167,1.0580801,12,792
da02,1706845511793966,7.0724072,0.82896054,1.0631926,9,793
da02,1706845511894034,7.0802221,0.8298384,1.0639594,11,794
da02,1706845511994110,7.0761852,0.82663089,1.0632085,9,795
da02,1706845512093999,7.0636048,0.82554108,1.0719153,7,796
da02,1706845512193965,7.0782018,0.82505643,1.0800729,11,797
da02,1706845512294086,7.0764832,0.82909411,1.0716928,10,798
da02,1706845512393886,7.0778213,0.83506179,1.074581,10,799
da02,1706845512493874,7.0738058,0.84204555,1.0813979,9,800
da02,1706845512594022,7.0797558,0.8389231,1.0726966,11,801
da02,1706845512693952,7.0846906,0.83056581,1.0692266,11,802
da02,1706845512793970,7.0842843,0.8414284,1.0680661,10,803
da02,1706845512893880,7.072659,0.84047747,1.0670857,8,804
da02,1706845512993921,7.0749221,0.84468871,1.0753051,9,805
da02,1706845513093836,7.0684409,0.83470172,1.0742644,8,806
da02,1706845513193912,7.0627875,0.82908833,1.0717403,9,807
da02,1706845513293894,7.0773,0.82705039,1.0634403,12,808
da02,1706845513393884,7.0732169,0.82529664,1.0607245,9,809
da02,1706845513493968,7.0620193,0.83169872,1.0632818,8,810
da02,1706845513593934,7.0557165,0.82451713,1.0709805,7,811
da02,1706845513693854,7.058526,0.82524866,1.0716418,9,812
da02,1706845513793911,7.0643945,0.82880616,1.0772293,9,813
da02,1706845513894022,7.0749106,0.83230424,1.0814722,10,814
da02,1706845513994010,7.059216,0.829829,1.0751257,8,815
da02,1706845514093962,7.0436354,0.83045328,1.0824242,8,816
da02,1706845514194042,7.0409827,0.83450568,1.0750859,9,817
da02,1706845514293946,7.0369034,0.82619983,1.0817972,7,818
da02,1706845514393869,7.035872,0.81251007,1.0789729,8,819
da02,1706845514493974,7.1608768,0.82421529,1.0544862,67,820
da02,1706845514593976,7.1327977,0.82607394,1.0607901,8,821
da02,1706845514693867,7.1105771,0.82856965,1.066178,8,822
da02,1706845514794010,7.1082449,0.816779,1.0712073,10,823
da02,1706845514893968,7.0998406,0.81871152,1.0736266,9,824
da02,1706845514993880,7.0854793,0.82226139,1.0820092,8,825
da02,1706845515094000,7.0796576,0.82575393,1.0847245,9,826
da02,1706845515194018,7.0849323,0.82366121,1.0841303,10,827
da02,1706845515294089,7.0857306,0.82726014,1.0873681,10,828
da02,1706845515394094,7.0676851,0.82790804,1.0813081,8,829
da02,1706845515494078,7.0701523,0.82854867,1.0840265,9,830
da02,1706845515593922,7.0687461,0.8177588,1.0833846,9,831
da02,1706845515693954,7.0766759,0.82214069,1.08457,10,832
da02,1706845515793995,7.0604672,0.825611,1.0747296,8,833
da02,1706845515893932,7.05775,0.8345595,1.0796187,8,834
da02,1706845515993996,7.0519857,0.83599377,1.0850781,8,835
da02,1706845516093976,7.0440149,0.82735908,1.0782062,8,836
da02,1706845516193915,7.05475,0.82481331,1.0800598,10,837
da02,1706845516293983,7.0542564,0.83215773,1.0777165,9,838
da02,1706845516393998,7.0595713,0.83991849,1.0828892,9,839
da02,1706845516493867,7.0509634,0.84666681,1.0904105,8,840
da02,1706845516594032,7.064877,0.84582156,1.0762372,12,841
da02,1706845516693976,7.0718565,0.84278059,1.0808054,10,842
da02,1706845516793882,7.0662923,0.84743667,1.0841756,8,843
da02,1706845516894048,7.0616717,0.85472196,1.0791748,9,844
da02,1706845516994012,7.0560579,0.851114,1.0882618,8,845
da02,1706845517093968,7.0572796,0.84329164,1.0869138,9,846
da02,1706845517194035,7.0470233,0.84480458,1.0810759,8,847
da02,1706845517294673,7.0429821,0.83245629,1.0828794,7,848
da02,1706845517393916,7.0397773,0.83337212,1.0760418,8,849
da02,1706845517494135,7.0565391,0.83127707,1.0753381,11,850
da02,1706845517594022,7.059073,0.83482319,1.0725743,10,851
da02,1706845517693964,7.0668278,0.82968122,1.0741537,10,852
da02,1706845517794038,7.0643578,0.81821281,1.0738267,9,853
da02,1706845517893922,7.0590239,0.81295621,1.0717065,8,854
da02,1706845517994337,7.0536537,0.82239205,1.0823623,8,855
da02,1706845518093912,7.05468,0.82359856,1.0845492,8,856
da02,1706845518194448,7.0587335,0.83470094,1.0772655,10,857
da02,1706845518293885,7.041656,0.84007883,1.081341,8,858
da02,1706845518394440,7.053566,0.84708834,1.0775467,10,859
da02,1706845518493921,7.0653353,0.84306842,1.0722647,11,860
da02,1706845518594427,7.0525455,0.851761,1.0674882,8,861
da02,1706845518693946,7.0476761,0.85044664,1.0676835,8,862
da02,1706845518793956,7.0359211,0.857149,1.0726324,8,863
da02,1706845518893938,7.04884,0.8624956,1.0707269,10,864
da02,1706845518993924,7.0442743,0.85023528,1.0727268,8,865
da02,1706845519093918,7.0402465,0.85482633,1.0776058,8,866
da02,1706845519193932,7.0572996,0.84704405,1.0700176,11,867
da02,1706845519293976,7.0743489,0.8393833,1.0653019,12,868
da02,1706845519393952,7.07938,0.83647871,1.0695008,10,869
da02,1706845519494099,7.0789905,0.83163756,1.0703013,10,870
da02,1706845519594001,7.0741487,0.82569462,1.0713297,9,871
da02,1706845519693938,7.068099,0.82910728,1.0676061,9,872
da02,1706845519793941,7.0758753,0.82769161,1.0668184,11,873
da02,1706845519893927,7.0598969,0.82969624,1.0690196,8,874
da02,1706845519993917,7.0540032,0.83090478,1.0701902,8,875
da02,1706845520093978,7.0595355,0.83007354,1.0704845,10,876
da02,1706845520194066,7.0753117,0.82289237,1.0659144,11,877
da02,1706845520294046,7.0770583,0.82373226,1.064266,10,878
da02,1706845520393950,7.0780993,0.81694466,1.0520178,11,879
da02,1706845520494049,7.0771847,0.82221782,1.0565313,10,880
da02,1706845520594047,7.0771441,0.8298319,1.0749257,9,881
da02,1706845520693973,7.0873265,0.82494038,1.0701963,11,882
da02,1706845520793938,7.0795865,0.82364458,1.0736544,9,883
da02,1706845520893929,7.07993,0.82134241,1.0641912,10,884
da02,1706845520993965,7.0821581,0.81545407,1.0654138,10,885
da02,1706845521093966,7.0692596,0.81498027,1.0649475,8,886
da02,1706845521193938,7.0660334,0.81626272,1.0583632,10,887
da02,1706845521293951,7.0501885,0.82228947,1.0560557,8,888
da02,1706845521393974,7.0479717,0.81746686,1.0690627,7,889
da02,1706845521494034,7.0512385,0.81698674,1.0645884,9,890
da02,1706845521594109,7.0562329,0.82406521,1.0718237,9,891
da02,1706845521693984,7.0537539,0.810945,1.0819573,7,892
da02,1706845521793943,7.050869,0.81980675,1.0855536,8,893
da02,1706845521893966,7.0545578,0.81872994,1.0804522,9,894
da02,1706845521993978,7.0486875,0.80952448,1.0813773,7,895
da02,1706845522093960,7.055676,0.80618232,1.0764098,10,896
da02,1706845522193975,7.0573835,0.80930024,1.0677216,10,897
da02,1706845522293922,7.0662532,0.81540906,1.0706273,10,898
da02,1706845522393985,7.0661693,0.810938,1.0678605,9,899
da02,1706845522493968,7.0704703,0.81880218,1.0796204,9,900
da02,1706845522594057,7.07001,0.81843913,1.0671246,10,901
da02,1706845522693974,7.0737171,0.8286525,1.0626199,11,902
da02,1706845522793992,7.0755782,0.82167,1.0624096,10,903
da02,1706845522894032,7.0829697,0.82397354,1.0682057,10,904
da02,1706845522993958,7.0767117,0.82259321,1.0656315,9,905
da02,1706845523093994,7.0670743,0.82071841,1.0672579,8,906
da02,1706845523194004,7.0549326,0.81737739,1.0679361,7,907
da02,1706845523293946,7.0662956,0.8241114,1.0699283,10,908
da02,1706845523393913,7.0865483,0.81699371,1.068712,12,909
da02,1706845523494186,7.0948119,0.809292,1.0723896,11,910
da02,1706845523594069,7.0784888,0.80286038,1.0667166,8,911
da02,1706845523693919,7.0797019,0.81615579,1.0684737,10,912
da02,1706845523794073,7.0794992,0.82387829,1.0693272,10,913
da02,1706845523894055,7.0851178,0.82863945,1.0682371,11,914
da02,1706845523993946,7.0834732,0.83885312,1.0672219,10,915
da02,1706845524094031,7.0892735,0.83648825,1.072867,10,916
da02,1706845524194060,7.0945129,0.82954562,1.0664607,11,917
da02,1706845524293947,7.0906925,0.82716632,1.0732175,9,918
da02,1706845524394047,7.0873365,0.83366686,1.0684167,10,919
da02,1706845524494114,7.07694,0.82940984,1.0715003,8,920
da02,1706845524594070,7.0782433,0.83085978,1.0691751,10,921
da02,1706845524694081,7.065496,0.83057731,1.0781666,8,922
da02,1706845524794079,7.0613651,0.82409972,1.0802009,8,923
da02,1706845524893926,7.0601931,0.81854647,1.0759585,9,924
da02,1706845524994083,7.0610871,0.82261592,1.0774348,9,925
da02,1706845525094045,7.0658126,0.83516103,1.067961,11,926
da02,1706845525193943,7.0494175,0.82926661,1.0700642,7,927
da02,1706845525294035,7.0431256,0.82798177,1.0646105,8,928
da02,1706845525394047,7.0479364,0.82783014,1.06715,9,929
da02,1706845525494066,7.0602827,0.8315587,1.0706588,10,930
da02,1706845525594073,7.05909,0.84207052,1.0708361,9,931
da02,1706845525694040,7.0592084,0.83466566,1.0682987,9,932
da02,1706845525793916,7.066977,0.82393306,1.076757,9,933
da02,1706845525895662,7.0773778,0.82046133,1.0758604,11,934
da02,1706845525994122,7.0766253,0.82597327,1.0747789,10,935
da02,1706845526093996,7.0730634,0.82635242,1.0709879,9,936
da02,1706845526194029,7.0806971,0.82672358,1.0770122,10,937
da02,1706845526293965,7.0735111,0.82274437,1.0745561,9,938
da02,1706845526393939,7.0504742,0.82999963,1.0757545,8,939
da02,1706845526493977,7.0660806,0.82951039,1.0762702,11,940
da02,1706845526594017,7.0632334,0.82971334,1.0740879,9,941
da02,1706845526693974,7.05207,0.82299984,1.0727085,7,942
da02,1706845526793976,7.0462384,0.82442003,1.0666498,8,943
da02,1706845526893970,7.0530233,0.82033259,1.0677367,9,944
da02,1706845526994050,7.0458479,0.8201589,1.0625104,8,945
da02,1706845527094007,7.047502,0.8331672,1.0622545,9,946
da02,1706845527194037,7.0681758,0.82787114,1.0588766,12,947
da02,1706845527294108,7.0549364,0.82681239,1.0682387,8,948
da02,1706845527394004,7.0657072,0.82073551,1.0644859,11,949
da02,1706845527493997,7.0821619,0.82153553,1.0626596,12,950
da02,1706845527594121,7.0817208,0.826376,1.0732446,9,951
da02,1706845527693976,7.0794353,0.83410382,1.0766811,9,952
da02,1706845527793962,7.0644979,0.831593,1.0698762,8,953
da02,1706845527894794,7.0627313,0.83614314,1.0694182,9,954
da02,1706845527994042,7.0598512,0.84096944,1.0763048,8,955
da02,1706845528093993,7.0493064,0.844916,1.0749055,8,956
da02,1706845528194098,7.0388327,0.84259796,1.0753971,8,957
da02,1706845528294511,7.0556836,0.72712815,1.0561415,70,958
da02,1706845528394190,7.0568724,0.75812721,1.0653871,9,959
da02,1706845528494103,7.0673866,0.77779031,1.0700207,10,960
da02,1706845528594132,7.0778122,0.77798277,1.0683999,11,961
da02,1706845528694100,7.0597172,0.79840434,1.0675116,8,962
da02,1706845528794075,7.06036,0.80683142,1.0621134,10,963
da02,1706845528894088,7.0596843,0.81317645,1.0545714,10,964
da02,1706845528994096,7.0679932,0.8149299,1.06726,9,965
da02,1706845529094097,7.0561557,0.82685846,1.0709618,8,966
da02,1706845529194035,7.0668941,0.8237198,1.0799716,10,967
da02,1706845529293990,7.070334,0.82582134,1.0779028,10,968
da02,1706845529394065,7.0631661,0.815629,1.080255,8,969
da02,1706845529494036,7.0659614,0.82005441,1.0887411,9,970
da02,1706845529593995,7.0674562,0.81516904,1.0863372,9,971
da02,1706845529694073,7.0689807,0.80326962,1.0983295,8,972
da02,1706845529794014,7.0485282,0.81949133,1.0958124,8,973
da02,1706845529894009,7.0391359,0.81602633,1.0948209,7,974
da02,1706845529994078,7.0669355,0.81244475,1.0864271,12,975
da02,1706845530094008,7.0785723,0.80736905,1.0814607,11,976
da02,1706845530194040,7.0695629,0.81162572,1.071969,9,977
da02,1706845530294033,7.0717072,0.80855721,1.0632124,10,978
da02,1706845530394074,7.0608759,0.81918478,1.0613441,8,979
da02,1706845530494057,7.0531254,0.82789141,1.0613567,8,980
da02,1706845530594138,7.0501213,0.8262077,1.0630637,8,981
da02,1706845530693984,7.043654,0.82674164,1.0673136,8,982
da02,1706845530794010,7.0497928,0.83101422,1.0713993,9,983
da02,1706845530894022,7.0566788,0.83422953,1.0776981,9,984
da02,1706845530994048,7.0756016,0.84363472,1.0701027,12,985
da02,1706845531093992,7.0780196,0.84080422,1.0664428,10,986
da02,1706845531194023,7.0860415,0.8350969,1.0548254,12,987
da02,1706845531294047,7.0923848,0.82807648,1.0690802,10,988
da02,1706845531394008,7.0844936,0.82830864,1.065667,9,989
da02,1706845531494010,7.0821,0.82287407,1.0680496,9,990
da02,1706845531594056,7.0866528,0.82935017,1.0703825,10,991
da02,1706845531693993,7.0851603,0.82890224,1.0741385,9,992
da02,1706845531793982,7.0776806,0.81910753,1.0806806,8,993
da02,1706845531894013,7.0749731,0.82134342,1.0638117,10,994
da02,1706845531994189,7.07438,0.8303988,1.0620111,10,995
da02,1706845532094054,7.0626025,0.83025223,1.0689799,7,996
da02,1706845532194081,7.0578895,0.833913,1.0768683,8,997
da02,1706845532294036,7.0544524,0.82993472,1.0843955,8,998
da02,1706845532393979,7.0636787,0.83128792,1.0782994,10,999
da02,1706845532494092,7.0729074,0.82891834,1.0834565,10,1000
da02,1706845532594107,7.0872297,0.82468444,1.0747781,12,1001
da02,1706845532693971,7.0854988,0.832203,1.0682644,10,1002
da02,1706845532794057,7.0800686,0.83292007,1.0640838,10,1003
da02,1706845532894017,7.0720825,0.83933663,1.0664,9,1004
da02,1706845532993995,7.07003,0.83595049,1.0733371,9,1005
da02,1706845533094112,7.0808425,0.82498318,1.079182,10,1006
da02,1706845533194112,7.0821328,0.81441748,1.0769548,10,1007
da02,1706845533293978,7.08534,0.81104553,1.0723419,10,1008
da02,1706845533394160,7.0849571,0.81217808,1.0807832,9,1009
da02,1706845533494120,7.0687437,0.8094973,1.074985,8,1010
da02,1706845533594366,7.0601954,0.81948715,1.0747207,8,1011
da02,1706845533694102,7.0588431,0.82002467,1.0646478,10,1012
da02,1706845533794112,7.048542,0.83022738,1.0780156,8,1013
da02,1706845533894892,7.0473847,0.83171475,1.0752972,9,1014
da02,1706845533994196,7.0383897,0.83950096,1.0699795,8,1015
da02,1706845534094097,7.0329466,0.83636475,1.0665561,8,1016
da02,1706845534193989,7.0395103,0.83599043,1.0668757,9,1017
da02,1706845534294105,7.031558,0.83142191,1.0679315,7,1018
da02,1706845534394146,7.0359726,0.821378,1.0676948,8,1019
da02,1706845534494031,7.04616,0.813999,1.0582783,10,1020
da02,1706845534594175,7.0451808,0.81893462,1.0477386,10,1021
da02,1706845534694105,7.0582161,0.82488704,1.0561002,10,1022
da02,1706845534794017,7.0912509,0.82411444,1.0556352,14,1023
da02,1706845534894114,7.09202,0.82726341,1.0629781,10,1024
da02,1706845534994096,7.0744658,0.83921051,1.0584933,9,1025
da02,1706845535094111,7.0754585,0.8466866,1.0713364,9,1026
da02,1706845535194062,7.0760131,0.84153426,1.0723934,10,1027
da02,1706845535293971,7.07649,0.83433181,1.0683388,10,1028
da02,1706845535394014,7.069562,0.83030111,1.0700995,8,1029
da02,1706845535494046,7.0591345,0.82120335,1.0722041,7,1030
da02,1706845535594132,7.0797911,0.82709765,1.0783671,12,1031
da02,1706845535694001,7.083024,0.82985467,1.08277,10,1032
da02,1706845535794147,7.0690036,0.83437973,1.0784016,8,1033
da02,1706845535894080,7.0668859,0.837478,1.077906,9,1034
da02,1706845535994016,7.0759687,0.8372851,1.0905356,9,1035
da02,1706845536094106,7.066124,0.8320716,1.0924885,7,1036
da02,1706845536194113,7.0716925,0.82796472,1.0956143,9,1037
da02,1706845536294025,7.0690484,0.82255024,1.095154,8,1038
da02,1706845536394176,7.0677853,0.82231814,1.083179,10,1039
da02,1706845536494140,7.0686984,0.82484287,1.0695283,10,1040
da02,1706845536594168,7.0801148,0.82752782,1.0695969,11,1041
da02,1706845536694160,7.0905051,0.83325642,1.0767522,11,1042
da02,1706845536794152,7.0924816,0.81879413,1.0725921,10,1043
da02,1706845536894070,7.0821681,0.82798684,1.0748738,9,1044
da02,1706845536994085,7.0661111,0.83176368,1.0803471,8,1045
da02,1706845537094035,7.0713043,0.82923681,1.0820239,10,1046
da02,1706845537194012,7.0665193,0.82128346,1.0734925,9,1047
da02,1706845537294020,7.062048,0.82275563,1.0746826,8,1048
da02,1706845537394146,7.0813093,0.82455719,1.0728784,12,1049
da02,1706845537494001,7.0637183,0.81981128,1.081432,8,1050
da02,1706845537594051,7.0678692,0.82733345,1.0842638,9,1051
da02,1706845537694048,7.0414696,0.8258884,1.0845721,8,1052
da02,1706845537794016,7.0470161,0.82921785,1.0880642,9,1053
da02,1706845537894014,7.0596218,0.83150887,1.0821929,11,1054
da02,1706845537994054,7.052763,0.82210451,1.096193,7,1055
da02,1706845538094200,7.063077,0.83136177,1.0914557,10,1056
da02,1706845538194093,7.0578785,0.83406287,1.0846964,9,1057
da02,1706845538294030,7.0686703,0.8254053,1.0827006,10,1058
da02,1706845538394144,7.0626764,0.81570709,1.0825065,8,1059
da02,1706845538494040,7.0749292,0.81129318,1.0853529,10,1060
da02,1706845538594104,7.0728984,0.81763512,1.0755715,10,1061
da02,1706845538694119,7.0740633,0.82201153,1.0725056,10,1062
da02,1706845538794054,7.0604358,0.82579011,1.0792469,8,1063
da02,1706845538894015,7.0709176,0.82450658,1.0701082,11,1064
da02,1706845538994247,7.0715742,0.81817257,1.0658597,10,1065
da02,1706845539094139,7.0719695,0.81910717,1.056877,10,1066
da02,1706845539194082,7.0786734,0.82575864,1.0643741,10,1067
da02,1706845539294603,7.0784659,0.8213253,1.0733219,9,1068
da02,1706845539394239,7.0696049,0.81529057,1.0713279,8,1069
da02,1706845539494081,7.0643382,0.81935728,1.0772246,8,1070
da02,1706845539594098,7.0661063,0.823664,1.0729772,10,1071
da02,1706845539694046,7.0693741,0.825105,1.0636934,10,1072
da02,1706845539794054,7.0706768,0.82610023,1.0645633,10,1073
da02,1706845539894026,7.0613289,0.82784516,1.064394,8,1074
da02,1706845539994082,7.0501876,0.82537895,1.0616548,8,1075
da02,1706845540094092,7.0516272,0.83074433,1.0618372,9,1076
da02,1706845540194062,7.0650592,0.82856119,1.0632757,11,1077
da02,1706845540294068,7.0500803,0.81871027,1.0644922,7,1078
da02,1706845540394062,7.0496092,0.82756358,1.0663329,9,1079
da02,1706845540494022,7.0451818,0.82704908,1.0677516,8,1080
da02,1706845540594072,7.0598106,0.82851255,1.0560732,12,1081
da02,1706845540694044,7.0428576,0.83397865,1.0622878,8,1082
da02,1706845540794020,7.0412788,0.82957953,1.0751135,7,1083
da02,1706845540894046,7.0584626,0.82773095,1.0691986,11,1084
da02,1706845540994074,7.0442643,0.82446736,1.0685877,7,1085
da02,1706845541094192,7.0406976,0.83066583,1.0740361,8,1086
da02,1706845541194114,7.0477204,0.82499981,1.0735589,9,1087
da02,1706845541295625,7.0502386,0.82560533,1.0703592,9,1088
da02,1706845541394078,7.0508909,0.83163548,1.07007,9,1089
da02,1706845541494054,7.0525389,0.83509564,1.0654032,9,1090
da02,1706845541594052,7.0523434,0.830097,1.0775988,8,1091
da02,1706845541694049,7.0490479,0.83387417,1.072214,9,1092
da02,1706845541794094,7.04851,0.83488393,1.0658168,9,1093
da02,1706845541894029,7.0443687,0.83145005,1.0632132,8,1094
da02,1706845541994048,7.0523014,0.82932508,1.0724759,9,1095
da02,1706845542094087,7.0705986,0.82381195,1.0739738,11,1096
da02,1706845542194107,7.0835729,0.81930077,1.0726398,11,1097
da02,1706845542294130,7.0703578,0.81557536,1.0772535,7,1098
da02,1706845542394115,7.0606813,0.82145053,1.0732299,8,1099
da02,1706845542494021,7.0628581,0.83224523,1.0787597,9,1100
da02,1706845542594122,7.072228,0.83186388,1.0883272,9,1101
da02,1706845542694079,7.064249,0.81601936,1.0932443,7,1102
da02,1706845542794083,7.069849,0.82192391,1.0893584,10,1103
da02,1706845542894027,7.0572925,0.82463169,1.087705,7,1104
da02,1706845542994114,7.0598345,0.81753159,1.0741802,10,1105
da02,1706845543094068,7.0703516,0.82499647,1.0722437,11,1106
da02,1706845543194032,7.0641432,0.8239888,1.0861559,7,1107
da02,1706845543294113,7.0836897,0.82363534,1.0794669,12,1108
da02,1706845543394169,7.0761971,0.81670362,1.0726221,9,1109
da02,1706845543494050,7.0915766,0.81475985,1.0760363,11,1110
da02,1706845543594087,7.0811925,0.81975293,1.0745656,9,1111
da02,1706845543694073,7.0828977,0.82772678,1.0737133,10,1112
da02,1706845543794252,7.0745749,0.83617842,1.075044,9,1113
da02,1706845543894089,7.066154,0.83578318,1.0744104,8,1114
da02,1706845543994098,7.0708704,0.71999973,1.0503509,70,1115
da02,1706845544094111,7.0690789,0.74988705,1.0510105,10,1116
da02,1706845544194119,7.0589943,0.77063721,1.0583322,8,1117
da02,1706845544294082,7.0613742,0.78452212,1.0556358,10,1118
da02,1706845544394138,7.06089,0.79258329,1.0648323,8,1119
da02,1706845544494114,7.0685887,0.797646,1.065619,10,1120
da02,1706845544594131,7.0770874,0.80006313,1.0550846,11,1121
da02,1706845544694247,7.0775971,0.80168444,1.0750093,8,1122
da02,1706845544794167,7.079608,0.80256611,1.0755497,10,1123
da02,1706845544894087,7.0768847,0.80504727,1.0750465,9,1124
da02,1706845544994135,7.074698,0.81585974,1.0775695,9,1125
da02,1706845545094103,7.0704136,0.82091808,1.085494,8,1126
da02,1706845545194101,7.0702529,0.82513446,1.0895178,9,1127
da02,1706845545294110,7.0573616,0.81734276,1.0798014,8,1128
da02,1706845545394124,7.0556178,0.81611609,1.0718192,9,1129
da02,1706845545494082,7.0542636,0.81747943,1.0627586,9,1130
da02,1706845545594150,7.0517888,0.81311941,1.0761909,7,1131
da02,1706845545694127,7.0554447,0.82449239,1.0819366,9,1132
da02,1706845545794135,7.0627003,0.81442356,1.0779694,10,1133
da02,1706845545894160,7.0569243,0.81539637,1.0703351,9,1134
da02,1706845545994143,7.0579658,0.81426108,1.0727566,9,1135
da02,1706845546094112,7.0562954,0.82344311,1.078433,8,1136
da02,1706845546194237,7.0631113,0.82824385,1.0761517,10,1137
da02,1706845546294107,7.05492,0.82793736,1.0740701,8,1138
da02,1706845546394138,7.0598106,0.82931817,1.0764983,9,1139
da02,1706845546494167,7.0405231,0.81581366,1.0749835,7,1140
da02,1706845546594136,7.0463886,0.81720835,1.0756187,9,1141
da02,1706845546694086,7.055069,0.81423575,1.0687352,10,1142
da02,1706845546794150,7.0431232,0.820743,1.0673262,8,1143
da02,1706845546894079,7.0448527,0.82424027,1.068033,9,1144
da02,1706845546994085,7.05029,0.83066267,1.0674636,10,1145
da02,1706845547094214,7.0819578,0.81940466,1.0620744,13,1146
da02,1706845547194127,7.0729241,0.81759155,1.066388,8,1147
da02,1706845547294088,7.0667176,0.82788008,1.0643265,9,1148
da02,1706845547394221,7.0702963,0.81993276,1.0746852,9,1149
da02,1706845547494328,7.0770888,0.82226336,1.0790035,10,1150
da02,1706845547594134,7.074986,0.8186698,1.0848637,8,1151
da02,1706845547694186,7.0630345,0.8225528,1.0903008,8,1152
da02,1706845547794106,7.05571,0.81840521,1.0891482,8,1153
da02,1706845547894119,7.0546436,0.82434618,1.0861775,9,1154
da02,1706845547994151,7.0637803,0.82816368,1.0875765,10,1155
da02,1706845548094101,7.0466375,0.83181429,1.0914574,8,1156
da02,1706845548194159,7.0436978,0.83066654,1.0814573,9,1157
da02,1706845548294082,7.0615277,0.8218019,1.0753676,11,1158
da02,1706845548394148,7.0605397,0.82656485,1.0728016,9,1159
da02,1706845548494109,7.0653477,0.81825608,1.064544,10,1160
da02,1706845548594185,7.0602813,0.82798129,1.0642809,9,1161
da02,1706845548694100,7.0727391,0.824264,1.0641359,11,1162
da02,1706845548794150,7.0673575,0.8320601,1.0723431,8,1163
da02,1706845548894080,7.0668693,0.8301205,1.0788443,9,1164
da02,1706845548994180,7.0708356,0.82241738,1.071858,10,1165
da02,1706845549094122,7.0687194,0.82365686,1.0725856,9,1166
da02,1706845549194116,7.067946,0.82161748,1.0707262,9,1167
da02,1706845549294130,7.0616703,0.81659251,1.0811158,7,1168
da02,1706845549394157,7.0542388,0.81773144,1.0746876,8,1169
da02,1706845549494092,7.0569882,0.82274759,1.0778964,9,1170
da02,1706845549594146,7.059392,0.82954311,1.074861,10,1171
da02,1706845549694117,7.0555038,0.83232009,1.0732962,9,1172
da02,1706845549794206,7.06612,0.82601756,1.0648625,11,1173
da02,1706845549894134,7.0622616,0.81807441,1.0667858,8,1174
da02,1706845549994172,7.05809,0.81993645,1.0747989,8,1175
da02,1706845550094208,7.0582952,0.828139,1.0745276,9,1176
da02,1706845550194152,7.0539193,0.83082169,1.0820056,8,1177
da02,1706845550294671,7.0438366,0.83054626,1.0810908,8,1178
da02,1706845550394141,7.0491867,0.83235872,1.0826987,9,1179
da02,1706845550494344,7.0727963,0.83175796,1.0824136,12,1180
da02,1706845550594280,7.0863156,0.82750714,1.0831879,11,1181
da02,1706845550694166,7.0692039,0.83252025,1.0869552,8,1182
da02,1706845550794259,7.0722795,0.8432737,1.0803157,10,1183
da02,1706845550894208,7.0780735,0.84912378,1.0775546,11,1184
da02,1706845550994195,7.0720162,0.85678411,1.0715399,10,1185
da02,1706845551094244,7.0663958,0.85908562,1.0737919,9,1186
da02,1706845551194206,7.0689816,0.86545354,1.0676864,10,1187
da02,1706845551294113,7.0700259,0.85447234,1.0695777,9,1188
da02,1706845551394204,7.0825238,0.85720158,1.0730197,11,1189
da02,1706845551494202,7.0882835,0.8462168,1.0634251,11,1190
da02,1706845551594206,7.0894475,0.84084058,1.0704688,10,1191
da02,1706845551694205,7.0781503,0.83402425,1.0754323,8,1192
da02,1706845551794210,7.0893993,0.83663166,1.0856066,10,1193
da02,1706845551894117,7.0804925,0.84852761,1.077961,10,1194
da02,1706845551994172,7.0769987,0.85003382,1.0714877,10,1195
da02,1706845552094140,7.0821085,0.84712088,1.0697604,11,1196
da02,1706845552194144,7.0724435,0.85112584,1.0675224,9,1197
da02,1706845552294107,7.0792065,0.83971792,1.065346,11,1198
da02,1706845552394672,7.0894003,0.84847689,1.0592453,12,1199
da02,1706845552494110,7.0848541,0.84768283,1.0678165,9,1200
da02,1706845552594230,7.0808449,0.83662313,1.072328,9,1201
da02,1706845552694216,7.0820427,0.82993782,1.0663409,10,1202
da02,1706845552794125,7.0708427,0.81650043,1.0598689,8,1203
da02,1706845552894232,7.070632,0.81966072,1.0581925,10,1204
da02,1706845552994260,7.0713058,0.81790954,1.0579666,10,1205
da02,1706845553094186,7.0648623,0.82095206,1.064743,8,1206
da02,1706845553194223,7.0602884,0.83067358,1.0734726,8,1207
da02,1706845553294199,7.0566354,0.82828563,1.0756501,8,1208
da02,1706845553394128,7.0518737,0.83075434,1.0614147,9,1209
da02,1706845553494222,7.0603886,0.81873691,1.0674014,9,1210
da02,1706845553594208,7.0521612,0.81817,1.0681401,8,1211
da02,1706845553694092,7.0467834,0.81586879,1.0704328,8,1212
da02,1706845553794231,7.0556092,0.82185745,1.0649557,10,1213
da02,1706845553894183,7.0565395,0.82284421,1.0687451,9,1214
da02,1706845553994123,7.0714321,0.82344061,1.0655681,11,1215
da02,1706845554094214,7.0561919,0.82567966,1.081959,8,1216
da02,1706845554194134,7.0459104,0.82743192,1.0824648,8,1217
da02,1706845554294111,7.0521331,0.81548947,1.0713345,10,1218
da02,1706845554394237,7.0538068,0.82595712,1.068503,9,1219
da02,1706845554494158,7.0526166,0.81951141,1.0726023,8,1220
da02,1706845554594220,7.0539751,0.81695622,1.0757954,8,1221
da02,1706845554694261,7.0562811,0.83041888,1.0726886,10,1222
da02,1706845554794159,7.0565863,0.83414555,1.0711588,9,1223
da02,1706845554894138,7.0610862,0.83288056,1.0701624,10,1224
da02,1706845554994266,7.0405931,0.826001,1.0702068,8,1225
da02,1706845555094180,7.0446162,0.81881517,1.0756861,8,1226
da02,1706845555194144,7.0591989,0.81027621,1.0646888,11,1227
da02,1706845555294223,7.0607991,0.81155956,1.0685897,9,1228
da02,1706845555394119,7.0574307,0.81131744,1.076121,8,1229
da02,1706845555494171,7.0594435,0.81463563,1.0703062,10,1230
da02,1706845555594280,7.0409379,0.82849264,1.0661036,8,1231
da02,1706845555694188,7.0325432,0.83031631,1.0649881,8,1232
da02,1706845555794146,7.0429916,0.83333731,1.0704204,9,1233
da02,1706845555894240,7.0497718,0.82999319,1.0729603,9,1234
da02,1706845555995956,7.0582118,0.831992,1.0792688,9,1235
da02,1706845556094192,7.0505853,0.82471973,1.079778,7,1236
da02,1706845556194249,7.0536242,0.81980073,1.072973,9,1237
da02,1706845556294134,7.0635247,0.81768417,1.0727752,10,1238
da02,1706845556394150,7.055161,0.82446212,1.0768046,8,1239
da02,1706845556494261,7.0470486,0.82578313,1.0803818,7,1240
da02,1706845556594163,7.0493054,0.82875246,1.0827456,9,1241
da02,1706845556695710,7.0587764,0.82365686,1.0752032,10,1242
da02,1706845556794256,7.0725646,0.83219421,1.0794888,11,1243
da02,1706845556894135,7.0710535,0.83771133,1.0802256,9,1244
da02,1706845556994144,7.0738215,0.83705783,1.0795058,10,1245
da02,1706845557094231,7.0636921,0.836032,1.0794013,8,1246
da02,1706845557194176,7.070219,0.83393145,1.0841405,9,1247
da02,1706845557294179,7.0790725,0.82419127,1.0854425,10,1248
da02,1706845557394745,7.0810938,0.82021248,1.0809982,10,1249
da02,1706845557494193,7.0679874,0.82449985,1.0811883,8,1250
da02,1706845557594210,7.0839081,0.82211643,1.0744796,12,1251
da02,1706845557694244,7.0822659,0.82872593,1.0727835,10,1252
da02,1706845557794145,7.070962,0.81893,1.0732691,8,1253
da02,1706845557894130,7.0646443,0.81844974,1.0637838,9,1254
da02,1706845557994202,7.0639954,0.82512856,1.0717945,9,1255
da02,1706845558094166,7.05794,0.82114649,1.0687846,8,1256
da02,1706845558194166,7.0490603,0.82776624,1.0758429,8,1257
da02,1706845558294198,7.048492,0.832501,1.0730598,9,1258
da02,1706845558394209,7.057241,0.83622873,1.0649217,11,1259
da02,1706845558494108,7.0584431,0.83846277,1.072648,9,1260
da02,1706845558594229,7.0647583,0.83727223,1.0710846,10,1261
da02,1706845558694177,7.0652556,0.83820164,1.069018,10,1262
da02,1706845558794152,7.0684395,0.82954633,1.0726634,9,1263
da02,1706845558894168,7.0757685,0.8261323,1.0726259,10,1264
da02,1706845558994220,7.067822,0.827524,1.0708925,9,1265
da02,1706845559094213,7.057302,0.82741535,1.0666325,8,1266
da02,1706845559194257,7.0573654,0.83081204,1.0624609,9,1267
da02,1706845559294218,7.0613503,0.82624882,1.0649474,9,1268
da02,1706845559394226,7.074544,0.83321112,1.0525367,12,1269
da02,1706845559494170,7.0680122,0.83505726,1.0600593,8,1270
da02,1706845559594214,7.074873,0.84296143,1.0623623,11,1271
da02,1706845559694221,7.0702462,0.83716035,1.0677789,9,1272
da02,1706845559794186,7.0657821,0.8238225,1.0655593,9,1273
da02,1706845559894218,7.0508728,0.82050294,1.0576115,8,1274
da02,1706845559994195,7.0681372,0.71581364,1.0281488,70,1275
da02,1706845560094161,7.0822983,0.75099766,1.0409375,11,1276
da02,1706845560194292,7.0777969,0.76413125,1.0448906,9,1277
da02,1706845560294262,7.081327,0.77179819,1.0530411,10,1278
da02,1706845560394190,7.075531,0.77891433,1.0642128,8,1279
da02,1706845560494282,7.0661683,0.78905779,1.070349,8,1280
da02,1706845560594311,7.0665932,0.80835873,1.0717429,9,1281
da02,1706845560694176,7.0735598,0.80870658,1.0842689,9,1282
da02,1706845560794311,7.0529256,0.81158084,1.0951231,8,1283
da02,1706845560894247,7.0489755,0.80379969,1.0969208,7,1284
da02,1706845560994326,7.044282,0.81184363,1.090371,8,1285
da02,1706845561094355,7.0552549,0.81959486,1.0810469,10,1286
da02,1706845561194292,7.0490313,0.82142222,1.0815426,8,1287
da02,1706845561294724,7.048048,0.83028692,1.0846467,8,1288
da02,1706845561394281,7.0457621,0.83844292,1.08279,8,1289
da02,1706845561494284,7.0562887,0.84397471,1.0806276,10,1290
da02,1706845561594310,7.0643263,0.83241147,1.0928856,9,1291
da02,1706845561694218,7.0503125,0.84292251,1.0894759,8,1292
da02,1706845561794203,7.0505953,0.8427341,1.0864233,9,1293
da02,1706845561894160,7.0461411,0.84814036,1.0833771,8,1294
da02,1706845561994248,7.0698256,0.84218782,1.0688194,13,1295
da02,1706845562094255,7.0802078,0.83788818,1.0734373,10,1296
da02,1706845562194181,7.060358,0.84443265,1.071979,8,1297
da02,1706845562294184,7.058948,0.83973873,1.0781028,8,1298
da02,1706845562394220,7.06052,0.83925307,1.0804578,9,1299
da02,1706845562494181,7.0639982,0.83902043,1.0702955,10,1300
da02,1706845562594200,7.0635471,0.83832318,1.0759393,9,1301
da02,1706845562694148,7.0731416,0.83830839,1.0804046,10,1302
da02,1706845562794305,7.0604229,0.84289944,1.081488,8,1303
da02,1706845562894174,7.0539217,0.84673709,1.0841588,8,1304
da02,1706845562994199,7.0499048,0.84333956,1.0787923,8,1305
da02,1706845563094520,7.0541492,0.84048492,1.0778621,9,1306
da02,1706845563194248,7.0618215,0.84514666,1.0744609,10,1307
da02,1706845563294228,7.058537,0.83951139,1.0788476,8,1308
da02,1706845563394209,7.0582805,0.83992726,1.0678397,10,1309
da02,1706845563494243,7.0492954,0.84299791,1.0716896,8,1310
da02,1706845563594298,7.0576568,0.83210355,1.0627288,10,1311
da02,1706845563694210,7.0726213,0.83110589,1.0662392,11,1312
da02,1706845563794252,7.07762,0.83625877,1.0671957,10,1313
da02,1706845563894182,7.0771618,0.83971071,1.0662729,10,1314
da02,1706845563994220,7.0655727,0.85186452,1.0653176,9,1315
da02,1706845564094178,7.0612278,0.85032755,1.0548474,10,1316
da02,1706845564194185,7.0550375,0.8441388,1.0588375,8,1317
da02,1706845564294169,7.0592475,0.8332206,1.0676955,9,1318
da02,1706845564394190,7.070899,0.84338826,1.0807811,10,1319
da02,1706845564494152,7.0844278,0.83994675,1.0857711,11,1320
da02,1706845564594263,7.0733986,0.84750366,1.0892587,8,1321
da02,1706845564694189,7.0762243,0.85032719,1.0944149,9,1322
da02,1706845564794194,7.0846548,0.84099305,1.0942886,10,1323
da02,1706845564894189,7.0753865,0.83003879,1.0905439,8,1324
da02,1706845564994236,7.0769339,0.84025913,1.0864257,10,1325
da02,1706845565094260,7.0682893,0.83961731,1.0805591,9,1326
da02,1706845565194260,7.0797896,0.83972657,1.0782341,11,1327
da02,1706845565294258,7.0881844,0.83124614,1.0688289,11,1328
da02,1706845565394397,7.0813565,0.82951081,1.0726986,9,1329
da02,1706845565494255,7.084033,0.81858307,1.0732102,10,1330
da02,1706845565594294,7.0893455,0.82056022,1.0721632,11,1331
da02,1706845565694266,7.0787148,0.82601786,1.0661412,9,1332
da02,1706845565794358,7.0715909,0.82479143,1.0736567,8,1333
da02,1706845565894445,7.06579,0.82881016,1.0683061,9,1334
da02,1706845565994362,7.0721369,0.83265132,1.0707477,10,1335
da02,1706845566094218,7.0625196,0.82712293,1.0710404,8,1336
da02,1706845566194342,7.05873,0.82300532,1.0741607,8,1337
da02,1706845566294310,7.0504489,0.82518864,1.065652,8,1338
da02,1706845566394311,7.06039,0.82135344,1.064832,10,1339
da02,1706845566494433,7.0623846,0.8248,1.0612271,10,1340
da02,1706845566594370,7.066648,0.81911445,1.0716598,9,1341
da02,1706845566694225,7.0646958,0.8286382,1.0725464,9,1342
da02,1706845566794324,7.0716834,0.83326375,1.0753474,10,1343
da02,1706845566894251,7.0559359,0.83792043,1.082077,8,1344
da02,1706845566994228,7.057157,0.83569157,1.0754147,9,1345
da02,1706845567094299,7.0688791,0.82814062,1.0747683,10,1346
da02,1706845567194347,7.066226,0.820059,1.0763686,8,1347
da02,1706845567294235,7.0718784,0.81222385,1.0814093,9,1348
da02,1706845567394789,7.0656624,0.81745684,1.0799354,8,1349
da02,1706845567494297,7.0521889,0.82429391,1.0757821,8,1350
da02,1706845567594316,7.0444155,0.82715124,1.0789343,8,1351
da02,1706845567694345,7.0509124,0.82086587,1.077932,9,1352
da02,1706845567794356,7.0603871,0.81624091,1.0722953,10,1353
da02,1706845567894226,7.055058,0.82448369,1.0838526,8,1354
da02,1706845567994246,7.06141,0.82860583,1.0853373,9,1355
da02,1706845568094232,7.0555053,0.83080232,1.0876477,8,1356
da02,1706845568194248,7.0601993,0.83368093,1.0912179,9,1357
da02,1706845568294232,7.0753317,0.83158571,1.082165,11,1358
da02,1706845568394326,7.0781708,0.83366239,1.0734816,11,1359
da02,1706845568494205,7.0853148,0.83147675,1.0771997,10,1360
da02,1706845568594336,7.0858383,0.82232648,1.0700084,10,1361
da02,1706845568694294,7.0826569,0.82097495,1.0785468,9,1362
da02,1706845568794237,7.0821285,0.8237223,1.0844225,9,1363
da02,1706845568894317,7.0828896,0.82706851,1.069996,11,1364
da02,1706845568994313,7.0857491,0.82947904,1.0737488,10,1365
da02,1706845569094463,7.0803108,0.82751471,1.0671251,10,1366
da02,1706845569194329,7.0737419,0.83371431,1.0881695,8,1367
da02,1706845569294316,7.0582485,0.836487,1.0819576,8,1368
da02,1706845569394274,7.0565114,0.84014088,1.0815246,9,1369
da02,1706845569494366,7.0614066,0.83697814,1.0827755,9,1370
da02,1706845569594346,7.0550823,0.83740872,1.0961456,8,1371
da02,1706845569694244,7.0545421,0.83937097,1.089041,9,1372
da02,1706845569794259,7.0619597,0.8301025,1.0809003,10,1373
da02,1706845569894224,7.0497985,0.83445024,1.0855517,8,1374
da02,1706845569994278,7.0629759,0.82875633,1.0741364,11,1375
da02,1706845570094300,7.0550814,0.83573735,1.0799948,8,1376
da02,1706845570194252,7.0386872,0.83223981,1.0870379,8,1377
da02,1706845570294213,7.0449314,0.83284891,1.0933536,8,1378
da02,1706845570394234,7.0538559,0.82590884,1.1047658,8,1379
da02,1706845570494232,7.0430226,0.82756221,1.103699,8,1380
da02,1706845570594376,7.0547476,0.82761824,1.0947871,10,1381
da02,1706845570694239,7.0636687,0.81980431,1.0856419,10,1382
da02,1706845570794278,7.0698819,0.8199355,1.0794802,10,1383
da02,1706845570894356,7.0637774,0.82361776,1.0774419,9,1384
da02,1706845570994266,7.0664759,0.8238228,1.0820966,9,1385
da02,1706845571094414,7.0609436,0.820184,1.0762163,9,1386
da02,1706845571194379,7.0789623,0.81847322,1.0793391,11,1387
da02,1706845571294275,7.0810194,0.81594741,1.0726484,10,1388
da02,1706845571394319,7.0766926,0.821813,1.0715225,9,1389
da02,1706845571494349,7.0617838,0.81526744,1.0614823,8,1390
da02,1706845571594360,7.059526,0.8250376,1.0599856,9,1391
da02,1706845571694219,7.0654507,0.8050496,1.0725392,8,1392
da02,1706845571794354,7.06343,0.81631887,1.0638349,10,1393
da02,1706845571894341,7.0620518,0.81688553,1.0585746,9,1394
da02,1706845571994232,7.0571923,0.817536,1.069626,8,1395
da02,1706845572096028,7.0503459,0.82764935,1.0832225,8,1396
da02,1706845572194292,7.0620832,0.83256745,1.0792933,11,1397
da02,1706845572295077,7.0606227,0.83162886,1.0774025,9,1398
da02,1706845572394292,7.0582776,0.83644676,1.0857341,8,1399
da02,1706845572494263,7.0676656,0.8384614,1.0759816,11,1400
da02,1706845572594312,7.0632992,0.83423841,1.0658804,9,1401
da02,1706845572694330,7.0778284,0.838267,1.0815685,10,1402
da02,1706845572794235,7.0862103,0.83494759,1.0829991,10,1403
da02,1706845572894225,7.0981112,0.84372342,1.0826962,12,1404
da02,1706845572994346,7.0879869,0.84183347,1.08553,8,1405
da02,1706845573094244,7.0773382,0.84115982,1.0823439,9,1406
da02,1706845573194245,7.0750995,0.83845347,1.0853713,9,1407
da02,1706845573294348,7.0726881,0.83493328,1.0848178,9,1408
da02,1706845573394242,7.083344,0.82166868,1.069375,12,1409
da02,1706845573494260,7.0705152,0.8203426,1.0769215,7,1410
da02,1706845573594356,7.0765047,0.82219815,1.0782154,10,1411
da02,1706845573694281,7.0778637,0.82884091,1.0715214,10,1412
da02,1706845573794249,7.075933,0.82664424,1.0699996,9,1413
da02,1706845573894294,7.0754981,0.83281523,1.0749216,9,1414
da02,1706845573994253,7.068428,0.82951695,1.0777848,8,1415
da02,1706845574094314,7.0676365,0.83161294,1.0764222,9,1416
da02,1706845574194332,7.0527334,0.82360375,1.0812873,7,1417
da02,1706845574294296,7.0512414,0.82834589,1.0691993,9,1418
da02,1706845574394276,7.0627437,0.83192438,1.07599,10,1419
da02,1706845574494291,7.066824,0.83246535,1.0625408,11,1420
da02,1706845574594320,7.076983,0.82163429,1.0586559,11,1421
da02,1706845574694286,7.0707755,0.81553656,1.0635258,8,1422
da02,1706845574794304,7.06905,0.81810045,1.0711814,9,1423
da02,1706845574894300,7.0535941,0.82578242,1.0813614,8,1424
da02,1706845574994266,7.0374312,0.83265227,1.0829933,8,1425
da02,1706845575094250,7.04748,0.83098835,1.0849272,9,1426
da02,1706845575194299,7.0513482,0.82110369,1.0795748,9,1427
da02,1706845575294356,7.0512109,0.81212437,1.0809168,8,1428
da02,1706845575394280,7.0571742,0.808489,1.0787894,9,1429
da02,1706845575494380,7.05554,0.8050096,1.0659111,9,1430
da02,1706845575594418,7.0529814,0.81347531,1.0790617,8,1431
da02,1706845575694235,7.0535607,0.8075453,1.0805831,8,1432
da02,1706845575794370,7.0638795,0.80699623,1.0791826,10,1433
da02,1706845575894338,7.0630193,0.81802821,1.0826679,9,1434
da02,1706845575994271,7.070498,0.82083654,1.0814745,10,1435
da02,1706845576094384,7.0684261,0.82355046,1.0877624,8,1436
da02,1706845576194346,7.0611305,0.82569563,1.0711846,9,1437
da02,1706845576294262,7.0645227,0.82427895,1.0732509,9,1438
da02,1706845576394378,7.0556135,0.82419169,1.0742884,8,1439
da02,1706845576494391,7.0657911,0.82139397,1.0686692,11,0
da02,1706845576594299,7.0680184,0.82105273,1.0713642,9,1
da02,1706845576694288,7.0758953,0.81718832,1.0644631,11,2
da02,1706845576794347,7.0744567,0.81790477,1.064706,9,3
da02,1706845576894318,7.062624,0.82311815,1.0717342,8,4
da02,1706845576994350,7.0637975,0.81859165,1.0704331,9,5
da02,1706845577094582,7.0607271,0.82336807,1.0717746,9,6
da02,1706845577194292,7.0641918,0.82479745,1.0706242,10,7
da02,1706845577294436,7.0698481,0.82637155,1.0603373,11,8
da02,1706845577394333,7.05994,0.82874268,1.0667387,8,9
da02,1706845577494333,7.0541024,0.82566476,1.0746409,7,10
da02,1706845577594714,7.0622253,0.82913542,1.0792001,10,11
da02,1706845577694326,7.0726485,0.82663679,1.0711228,11,12
da02,1706845577794226,7.059104,0.82184541,1.0670427,8,13
da02,1706845577894361,7.053019,0.82534117,1.0752764,8,14
da02,1706845577994332,7.0649352,0.82447165,1.077402,10,15
da02,1706845578094261,7.0695815,0.82898808,1.0791706,10,16
da02,1706845578194352,7.076508,0.83369279,1.0649281,11,17
da02,1706845578294349,7.0652475,0.8383553,1.0688965,8,18
da02,1706845578394250,7.0593653,0.848191,1.0745956,8,19
da02,1706845578494314,7.0638704,0.84713537,1.0762954,10,20
da02,1706845578594350,7.0546384,0.84734029,1.0735457,8,21
da02,1706845578694287,7.0630183,0.846184,1.0722114,10,22
da02,1706845578794295,7.0564351,0.83764255,1.0745862,8,23
da02,1706845578894276,7.0728521,0.837569,1.06805,12,24
da02,1706845578994280,7.0756378,0.83212012,1.0662061,10,25
da02,1706845579094307,7.0540104,0.83514112,1.0747085,8,26
da02,1706845579194265,7.051887,0.8339358,1.0697091,9,27
da02,1706845579294286,7.0502005,0.83853281,1.0792131,8,28
da02,1706845579394296,7.0604897,0.83773649,1.0744126,10,29
da02,1706845579494288,7.0681796,0.83822906,1.0749604,10,30
da02,1706845579594309,7.0498443,0.843894,1.0758402,8,31
da02,1706845579694286,7.0487809,0.83937967,1.0701998,9,32
da02,1706845579794304,7.0480227,0.83369446,1.0728376,8,33
da02,1706845579894324,7.0586314,0.82438505,1.0654162,10,34
da02,1706845579994240,7.0638776,0.81884587,1.0634574,10,35
da02,1706845580094357,7.0743537,0.81407648,1.0552192,11,36
da02,1706845580194394,7.068552,0.82559955,1.0584136,9,37
da02,1706845580294321,7.0785465,0.81944788,1.0689542,10,38
da02,1706845580394266,7.0802646,0.82042336,1.0648665,10,39
da02,1706845580494399,7.07833,0.83082443,1.0631748,10,40
da02,1706845580594256,7.0648108,0.83017987,1.0712061,7,41
da02,1706845580694322,7.0650148,0.8265385,1.0659122,10,42
da02,1706845580794391,7.0669293,0.83317882,1.0632163,10,43
da02,1706845580894298,7.0645533,0.83730018,1.0682243,9,44
da02,1706845580994278,7.056005,0.83470118,1.0719255,8,45
da02,1706845581094412,7.0729947,0.82935649,1.0690919,11,46
da02,1706845581194318,7.0634384,0.831028,1.0691987,8,47
da02,1706845581294314,7.0645814,0.83760738,1.0701282,9,48
da02,1706845581394418,7.066421,0.8283338,1.0723774,9,49
da02,1706845581494306,7.0672712,0.83071637,1.075878,9,50
da02,1706845581594384,7.0709848,0.83181161,1.0762451,10,51
da02,1706845581694446,7.0742736,0.82555676,1.0716507,10,52
da02,1706845581794309,7.078557,0.82571816,1.0755867,10,53
da02,1706845581894324,7.0722566,0.82385778,1.0752432,9,54
da02,1706845581994393,7.061059,0.8209545,1.0660933,8,55
da02,1706845582094293,7.0544167,0.82916355,1.0722364,8,56
da02,1706845582194294,7.0476646,0.8271116,1.0721229,8,57
da02,1706845582294414,7.0518541,0.81894577,1.0713645,9,58
da02,1706845582394359,7.0495338,0.82027209,1.0681821,9,59
da02,1706845582494318,7.0527587,0.82098979,1.0619037,10,60
da02,1706845582594414,7.0607963,0.82944924,1.0583345,11,61
da02,1706845582694321,7.0563316,0.82253432,1.0566523,9,62
da02,1706845582794252,7.0681686,0.82387662,1.0624738,10,63
da02,1706845582894420,7.0629344,0.82283616,1.0646535,8,64
da02,1706845582994386,7.0643873,0.81911039,1.070308,9,65
da02,1706845583094451,7.05691,0.82781327,1.0715849,8,66
da02,1706845583194312,7.0762639,0.82718271,1.0779967,11,67
da02,1706845583294937,7.0767856,0.81115592,1.0876579,8,68
da02,1706845583394379,7.0689831,0.81474757,1.090453,8,69
da02,1706845583494341,7.0673494,0.8168124,1.0823863,9,70
da02,1706845583594376,7.0648508,0.826141,1.0829749,9,71
da02,1706845583694374,7.0723467,0.820943,1.0809765,10,72
da02,1706845583794320,7.0716977,0.82629031,1.0826952,9,73
da02,1706845583894410,7.0701733,0.82357013,1.0820946,9,74
da02,1706845583994380,7.0674992,0.82188791,1.0808823,9,75
da02,1706845584094356,7.0785012,0.8215614,1.078347,11,76
da02,1706845584194420,7.0787096,0.82124841,1.070783,10,77
da02,1706845584294427,7.0654416,0.8249135,1.0710706,8,78
da02,1706845584394343,7.0695662,0.83087742,1.0661628,10,79
da02,1706845584494406,7.0781,0.83130568,1.0624118,11,80
da02,1706845584594458,7.0872874,0.8256762,1.0583596,11,81
da02,1706845584694307,7.0728326,0.81625211,1.0603138,8,82
da02,1706845584794401,7.083179,0.82217985,1.0668341,11,83
da02,1706845584894395,7.0753317,0.82155728,1.0714247,8,84
da02,1706845584994275,7.0791616,0.81188059,1.0670989,10,85
da02,1706845585094368,7.0815883,0.80384213,1.0775514,9,86
da02,1706845585194385,7.0824566,0.81200683,1.0837632,9,87
da02,1706845585294339,7.0828443,0.81297743,1.0742186,10,88
da02,1706845585394376,7.0736179,0.81050962,1.0785847,8,89
da02,1706845585494420,7.07544,0.81027669,1.0826468,9,90
da02,1706845585594314,7.0827594,0.81875145,1.0920841,10,91
da02,1706845585694412,7.08671,0.82770133,1.0953264,10,92
da02,1706845585794370,7.09163,0.83372873,1.0919945,11,93
da02,1706845585894328,7.0838909,0.83374989,1.0756544,10,94
da02,1706845585994377,7.088871,0.831191,1.0725878,11,95
da02,1706845586094468,7.0780182,0.83203173,1.0760736,8,96
da02,1706845586194324,7.069303,0.82105112,1.0764873,8,97
da02,1706845586294444,7.0663843,0.82491946,1.06949,9,98
da02,1706845586394437,7.061892,0.82883853,1.0727742,8,99
da02,1706845586494394,7.0633497,0.84042013,1.0743228,9,100
da02,1706845586594453,7.0661693,0.83644235,1.0759633,9,101
da02,1706845586694417,7.0867915,0.83152086,1.0685209,13,102
da02,1706845586794295,7.0766845,0.84196997,1.0736314,8,103
da02,1706845586894416,7.0786867,0.8484894,1.0720385,10,104
da02,1706845586994276,7.0745859,0.84317225,1.0803192,8,105
da02,1706845587094322,7.0715156,0.84037167,1.0755026,9,106
da02,1706845587194392,7.0758295,0.83084977,1.0742445,10,107
da02,1706845587294371,7.0767026,0.82825053,1.0639367,10,108
da02,1706845587394324,7.0782032,0.82099283,1.0644473,10,109
da02,1706845587495991,7.0764327,0.82936043,1.0648621,10,110
da02,1706845587594430,7.066946,0.82014388,1.0725145,7,111
da02,1706845587694344,7.0735011,0.81455028,1.0827265,9,112
da02,1706845587794427,7.0677042,0.8151449,1.0743643,9,113
da02,1706845587894580,7.0804696,0.82362306,1.0740622,11,114
da02,1706845587994388,7.0756426,0.81930882,1.0751994,9,115
da02,1706845588094509,7.0758276,0.8168723,1.0766009,9,116
da02,1706845588194408,7.0853357,0.8305462,1.0702984,12,117
da02,1706845588294415,7.0773339,0.82745785,1.0750717,8,118
da02,1706845588410776,7.0773845,0.82945305,1.0645746,10,119
da02,1706845588494392,7.0737214,0.82332581,1.0653483,9,120
da02,1706845588594320,7.0720754,0.82097256,1.0701338,9,121
da02,1706845588694427,7.0638289,0.82814878,1.0669826,9,122
da02,1706845588794302,7.052887,0.82255238,1.0725759,7,123
da02,1706845588894342,7.052228,0.82221162,1.0746828,8,124
da02,1706845588994403,7.0547814,0.82238251,1.0743448,9,125
da02,1706845589094416,7.0577164,0.83035254,1.0763676,9,126
da02,1706845589194335,7.0619259,0.830011,1.0778581,9,127
da02,1706845589294430,7.0587115,0.82256973,1.0758305,8,128
da02,1706845589394324,7.0761881,0.8168804,1.0782486,11,129
da02,1706845589494342,7.0789404,0.81478256,1.0680648,11,130
da02,1706845589594412,7.0579171,0.827353,1.0787152,9,131
da02,1706845589694372,7.064775,0.82630211,1.0797492,10,132
da02,1706845589794339,7.071744,0.8303743,1.0841759,10,133
da02,1706845589894433,7.0851197,0.83139485,1.0735782,12,134
da02,1706845589994330,7.079515,0.82476348,1.0758858,9,135
da02,1706845590094381,7.0655842,0.83239853,1.0753288,8,136
da02,1706845590194463,7.0681891,0.83346206,1.0712757,10,137
da02,1706845590294417,7.0598702,0.83186769,1.0701129,8,138
da02,1706845590394380,7.0670228,0.82895952,1.0716131,10,139
da02,1706845590494435,7.0581622,0.83260715,1.0693649,8,140
da02,1706845590594427,7.0494795,0.82068419,1.0674831,8,141
da02,1706845590694353,7.0500307,0.82040781,1.0795207,8,142
da02,1706845590794436,7.05744,0.81358153,1.0808948,9,143
da02,1706845590894377,7.0513334,0.82289463,1.0819173,8,144
da02,1706845590994310,7.05601,0.82328117,1.0819421,9,145
da02,1706845591094454,7.0654159,0.81469393,1.0740042,10,146
da02,1706845591194372,7.0791564,0.82179368,1.0744755,11,147
da02,1706845591294342,7.0734458,0.82242852,1.0734295,9,148
da02,1706845591394441,7.0688362,0.81875384,1.0777565,8,149
da02,1706845591494420,7.0586267,0.81029147,1.0772591,7,150
da02,1706845591594366,7.0576582,0.81415284,1.0782627,9,151
da02,1706845591694420,7.0703521,0.81536853,1.077698,11,152
da02,1706845591794376,7.0760355,0.81546503,1.0804551,10,153
da02,1706845591894319,7.06417,0.82209,1.0773422,8,154
da02,1706845591994348,7.070312,0.81828278,1.0722002,10,155
da02,1706845592094462,7.0722079,0.816869,1.0719715,10,156
da02,1706845592194358,7.056088,0.81705421,1.0755597,8,157
da02,1706845592294406,7.0624928,0.82598859,1.0850942,9,158
da02,1706845592394373,7.0472326,0.82652533,1.0815825,8,159
da02,1706845592494360,7.0656877,0.81719494,1.0834407,11,160
da02,1706845592594382,7.05726,0.8181265,1.084024,8,161
da02,1706845592694394,7.0634995,0.8201111,1.08542,9,162
da02,1706845592794475,7.0718827,0.82909292,1.0892766,10,163
da02,1706845592894376,7.0671186,0.83428967,1.0804625,9,164
da02,1706845592994406,7.0743742,0.8311854,1.0777801,10,165
da02,1706845593094382,7.0710354,0.82722449,1.0786954,9,166
da02,1706845593194440,7.0760708,0.83146209,1.0785397,10,167
da02,1706845593294418,7.0607214,0.83738929,1.0779341,8,168
da02,1706845593394386,7.0717506,0.84255433,1.0707015,11,169
da02,1706845593494400,7.0689588,0.84246486,1.0755633,9,170
da02,1706845593594540,7.0673985,0.83193123,1.0808139,8,171
da02,1706845593694468,7.0665479,0.82935387,1.0724239,10,172
da02,1706845593794399,7.0797205,0.82417721,1.0769132,11,173
da02,1706845593894396,7.0861764,0.82141793,1.0701064,11,174
da02,1706845593994527,7.0786567,0.82550472,1.0712385,9,175
da02,1706845594094455,7.0695992,0.8274321,1.0688061,9,176
da02,1706845594194449,7.0719428,0.83125174,1.0654218,10,177
da02,1706845594294998,7.0660725,0.832536,1.0617676,9,178
da02,1706845594394460,7.0688839,0.83661956,1.0556805,10,179
da02,1706845594494490,7.0747948,0.84163535,1.0483043,11,180
da02,1706845594594465,7.0843558,0.83714,1.0515486,11,181
da02,1706845594694482,7.0872421,0.83786285,1.0499798,11,182
da02,1706845594794488,7.0692706,0.83208734,1.0570389,7,183
da02,1706845594894483,7.069993,0.82082021,1.0615243,9,184
da02,1706845594994458,7.0659943,0.83226562,1.054593,10,185
da02,1706845595094600,7.0726171,0.83943808,1.0516326,11,186
da02,1706845595194551,7.0828071,0.83109891,1.0413779,12,187
da02,1706845595294542,7.0800667,0.825743,1.0439572,10,188
da02,1706845595394495,7.0683532,0.82869673,1.0493025,8,189
da02,1706845595494518,7.0630364,0.82869208,1.0554929,8,190
da02,1706845595594512,7.0537271,0.82822847,1.0626814,7,191
da02,1706845595694508,7.0571795,0.81905079,1.0626063,9,192
da02,1706845595794518,7.0478444,0.81911653,1.066557,7,193
da02,1706845595894518,7.0588493,0.81532347,1.0624433,10,194
da02,1706845595994500,7.0659342,0.81358504,1.0599765,10,195
da02,1706845596094518,7.0603704,0.8225283,1.0704895,8,196
da02,1706845596194532,7.0735736,0.82056737,1.0674793,11,197
da02,1706845596294552,7.0642791,0.822912,1.0724746,8,198
da02,1706845596394541,7.0768366,0.82384181,1.0710851,11,199
da02,1706845596494510,7.07398,0.82514966,1.0668865,10,200
da02,1706845596594599,7.0768213,0.82582045,1.0636721,10,201
da02,1706845596694555,7.0583572,0.82711166,1.0707369,8,202
da02,1706845596794552,7.0582333,0.82604057,1.0716732,9,203
da02,1706845596894515,7.063436,0.82908952,1.0672089,10,204
da02,1706845596994530,7.0589757,0.82706541,1.0785631,8,205
da02,1706845597094549,7.0724168,0.828411,1.0825239,10,206
da02,1706845597194510,7.0641832,0.82809615,1.0782512,8,207
da02,1706845597294530,7.0790696,0.8289119,1.0714903,12,208
da02,1706845597394548,7.0664454,0.8321752,1.0706185,8,209
da02,1706845597494512,7.0598769,0.84290856,1.0668327,9,210
da02,1706845597594701,7.0572891,0.84864604,1.0740763,8,211
da02,1706845597695062,7.0535231,0.84811014,1.0758322,8,212
da02,1706845597794593,7.0587988,0.84220988,1.0770954,9,213
da02,1706845597894573,7.0536194,0.83652943,1.080011,8,214
da02,1706845597994558,7.0567064,0.84677595,1.0635326,11,215
da02,1706845598094662,7.06633,0.8307966,1.0646721,10,216
da02,1706845598194594,7.0754294,0.82267481,1.0536911,11,217
da02,1706845598294581,7.0669656,0.83865207,1.0639683,8,218
da02,1706845598394598,7.0630136,0.84399515,1.0687816,9,219
da02,1706845598494562,7.0449281,0.84367168,1.0776849,8,220
da02,1706845598594548,7.0438771,0.84367484,1.0733232,9,221
da02,1706845598694546,7.048162,0.83659154,1.0753527,9,222
da02,1706845598794561,7.0627389,0.84046024,1.0694451,11,223
da02,1706845598894564,7.0652947,0.83914727,1.064407,10,224
da02,1706845598994647,7.0505166,0.83413941,1.0688409,8,225
da02,1706845599094572,7.0742249,0.8327617,1.065538,12,226
da02,1706845599194595,7.0816069,0.83042777,1.0687782,10,227
da02,1706845599294569,7.0782752,0.83266175,1.0721296,9,228
da02,1706845599394577,7.0640845,0.8267296,1.0702381,8,229
da02,1706845599494581,7.05063,0.82943606,1.0629386,8,230
da02,1706845599594890,7.0436506,0.82951355,1.0699822,7,231
da02,1706845599694588,7.0391192,0.83226776,1.0670334,8,232
da02,1706845599794566,7.05541,0.82336718,1.0602635,11,233
da02,1706845599894568,7.0574675,0.82849574,1.0626,9,234
da02,1706845599994557,7.0583243,0.82750225,1.0604495,9,235
da02,1706845600094561,7.0494175,0.82804269,1.071931,8,236
da02,1706845600194594,7.0519414,0.82410294,1.0766965,8,237
da02,1706845600294596,7.0587325,0.82648516,1.0743978,10,238
da02,1706845600394589,7.0703197,0.8253262,1.0840527,10,239
da02,1706845600494598,7.0741615,0.82031626,1.0785562,10,240
da02,1706845600594598,7.072731,0.82290208,1.071161,10,241
da02,1706845600694607,7.0805378,0.82081282,1.0685089,11,242
da02,1706845600794560,7.0748863,0.82019567,1.0696448,9,243
da02,1706845600894575,7.0753069,0.81531024,1.0679559,10,244
da02,1706845600994573,7.0708742,0.8216961,1.0672429,9,245
da02,1706845601094706,7.0542283,0.82697368,1.0793973,8,246
da02,1706845601194578,7.0594549,0.81850153,1.0773044,9,247
da02,1706845601294563,7.0624046,0.8252269,1.07756,9,248
da02,1706845601394570,7.0604038,0.83097363,1.076517,9,249
da02,1706845601494574,7.071712,0.82542211,1.0657011,11,250
da02,1706845601594563,7.063252,0.82732189,1.0687475,8,251
da02,1706845601694570,7.0758319,0.81401223,1.0743704,10,252
da02,1706845601794583,7.0809455,0.813735,1.0725017,10,253
da02,1706845601894586,7.0863185,0.81437814,1.0609386,11,254
da02,1706845601994580,7.0887589,0.81623209,1.0669192,10,255
da02,1706845602094583,7.0839777,0.82501757,1.0690935,9,256
da02,1706845602194570,7.0780373,0.8349973,1.0648189,10,257
da02,1706845602294573,7.0709872,0.83724445,1.0592984,9,258
da02,1706845602394580,7.0771856,0.83899432,1.0637199,10,259
da02,1706845602494583,7.0856481,0.83883214,1.0744988,10,260
da02,1706845602594808,7.0620275,0.8308931,1.0714483,7,261
da02,1706845602695094,7.0635595,0.83527422,1.0710722,9,262
da02,1706845602794600,7.0582504,0.83580047,1.0804627,8,263
da02,1706845602896245,7.07697,0.83019787,1.0787528,11,264
da02,1706845602994672,7.0790038,0.83293355,1.0774404,10,265
da02,1706845603094583,7.0749016,0.82820797,1.0719188,9,266
da02,1706845603194584,7.0779734,0.82324845,1.0670832,10,267
da02,1706845603294591,7.0694804,0.82304657,1.0812346,7,268
da02,1706845603394574,7.0747547,0.81412429,1.0747944,10,269
da02,1706845603494586,7.0691543,0.80659837,1.0632871,9,270
da02,1706845603594581,7.0707221,0.82303965,1.0652143,10,271
da02,1706845603694588,7.0655274,0.82589829,1.0778688,8,272
da02,1706845603794592,7.0582628,0.8257907,1.079904,8,273
da02,1706845603894585,7.0650353,0.82062632,1.0905899,9,274
da02,1706845603994558,7.088223,0.82308871,1.0763189,13,275
da02,1706845604094806,7.0836096,0.82676238,1.0826365,9,276
da02,1706845604194672,7.082,0.83441067,1.0834428,10,277
da02,1706845604294593,7.0873079,0.84062606,1.0813541,11,278
da02,1706845604394597,7.0849013,0.8370868,1.0685748,10,279
da02,1706845604494605,7.0851707,0.84793049,1.059058,11,280
da02,1706845604594610,7.0773072,0.83490175,1.0610925,9,281
da02,1706845604694604,7.0715137,0.84165955,1.0576868,10,282
da02,1706845604794606,7.0837197,0.83750904,1.0721376,10,283
da02,1706845604894586,7.0816646,0.84510934,1.0714732,10,284
da02,1706845604994640,7.0937443,0.83904767,1.070258,12,285
da02,1706845605094647,7.0778947,0.8360402,1.0696499,8,286
da02,1706845605194630,7.0648708,0.83373958,1.0732992,7,287
da02,1706845605295240,7.0745988,0.83236748,1.0636399,11,288
da02,1706845605394644,7.0677752,0.82808268,1.0651723,8,289
da02,1706845605494646,7.0646205,0.81849116,1.0777532,8,290
da02,1706845605594833,7.0740376,0.818979,1.0765303,10,291
da02,1706845605694638,7.0746441,0.81436783,1.0806816,9,292
da02,1706845605794632,7.0727758,0.81427425,1.0778465,9,293
da02,1706845605894639,7.0640116,0.82117069,1.0823991,8,294
da02,1706845605994662,7.0608339,0.82865363,1.0818557,9,295
da02,1706845606094663,7.0634961,0.82951689,1.0760891,10,296
da02,1706845606194645,7.0697966,0.8238318,1.0750337,10,297
da02,1706845606294648,7.0737019,0.82374549,1.0656552,11,298
da02,1706845606394642,7.0649238,0.81481963,1.0689713,8,299
da02,1706845606494634,7.0688634,0.81800437,1.0730801,9,300
da02,1706845606594650,7.0792856,0.83429557,1.0739015,11,301
da02,1706845606694651,7.0830483,0.83607239,1.0694724,11,302
da02,1706845606794659,7.0909677,0.8303498,1.0677681,11,303
da02,1706845606894609,7.0842266,0.828136,1.06642,9,304
da02,1706845606994632,7.0734038,0.82858449,1.0751885,8,305
da02,1706845607094820,7.067842,0.83644444,1.0771967,9,306
da02,1706845607194682,7.0654168,0.827399,1.0823295,8,307
da02,1706845607294566,7.0723519,0.82336712,1.083573,10,308
da02,1706845607394610,7.0751472,0.82702243,1.0872283,9,309
da02,1706845607494621,7.0708265,0.82600152,1.0802537,9,310
da02,1706845607594605,7.071547,0.84024143,1.0738561,10,311
da02,1706845607694525,7.0673332,0.83776164,1.0722773,9,312
da02,1706845607795079,7.0695772,0.83183354,1.0747637,9,313
da02,1706845607894576,7.0740271,0.82257289,1.0719475,10,314
da02,1706845607994556,7.0699239,0.82597059,1.0774685,8,315
da02,1706845608094538,7.0668321,0.82737339,1.0888641,8,316
da02,1706845608194544,7.0625615,0.83368289,1.0856578,9,317
da02,1706845608294561,7.0709205,0.83296973,1.0823951,10,318
da02,1706845608394532,7.0840993,0.83026671,1.0852022,11,319
da02,1706845608494535,7.0652828,0.83341795,1.0925481,8,320
da02,1706845608594658,7.06968,0.82147908,1.0886475,9,321
da02,1706845608694589,7.0636578,0.82256848,1.0798053,9,322
da02,1706845608794544,7.0472317,0.8313902,1.0815598,8,323
da02,1706845608894522,7.0497403,0.838263,1.0751268,9,324
da02,1706845608994534,7.0621686,0.83121967,1.0676321,11,325
da02,1706845609094535,7.0433817,0.83836865,1.0605775,8,326
da02,1706845609194547,7.048481,0.83754432,1.0583186,10,327
da02,1706845609294547,7.0584769,0.83439171,1.0555691,10,328
da02,1706845609394581,7.0663438,0.83046335,1.0655433,9,329
da02,1706845609494569,7.0794978,0.83290756,1.0629364,12,330
da02,1706845609594598,7.1922474,0.83267474,1.0514334,67,331
da02,1706845609694593,7.1632371,0.830281,1.0560582,10,332
da02,1706845609794562,7.1367483,0.83735728,1.0636041,9,333
da02,1706845609894687,7.1072516,0.82538313,1.0600249,8,334
da02,1706845609994570,7.1037245,0.82416654,1.0562247,11,335
da02,1706845610094627,7.100184,0.830777,1.049661,11,336
da02,1706845610194599,7.08878,0.83185673,1.0469198,10,337
da02,1706845610294676,7.0881667,0.83945107,1.0488853,11,338
da02,1706845610394573,7.0965858,0.84110367,1.0570569,11,339
da02,1706845610494675,7.0924835,0.84553176,1.0667336,9,340
da02,1706845610594642,7.0865273,0.83844906,1.0612292,10,341
da02,1706845610694541,7.078198,0.83564675,1.0651925,9,342
da02,1706845610794552,7.0888877,0.828551,1.0650009,11,343
da02,1706845610894547,7.1046028,0.81920558,1.0719451,12,344
da02,1706845610994581,7.0951724,0.82238442,1.0727267,9,345
da02,1706845611094584,7.0958166,0.82197082,1.0617205,11,346
da02,1706845611194588,7.0778289,0.82918769,1.0643325,8,347
da02,1706845611294549,7.0736675,0.8235305,1.0603415,9,348
da02,1706845611394585,7.0727677,0.82378215,1.0619715,9,349
da02,1706845611494593,7.0751796,0.82213229,1.0643764,10,350
da02,1706845611594589,7.0696445,0.82562333,1.0720828,8,351
da02,1706845611694620,7.062346,0.83225161,1.088956,8,352
da02,1706845611794565,7.0662694,0.82510024,1.0838367,10,353
da02,1706845611894540,7.0686269,0.83242494,1.0829198,10,354
da02,1706845611994562,7.0562139,0.8425163,1.0900838,8,355
da02,1706845612094532,7.056787,0.82633018,1.0902658,8,356
da02,1706845612194586,7.0539746,0.82729441,1.0851686,9,357
da02,1706845612294557,7.0495253,0.83131075,1.0868435,8,358
da02,1706845612394600,7.0660009,0.84103978,1.0752497,12,359
da02,1706845612494591,7.0684352,0.84210283,1.0833424,9,360
da02,1706845612594605,7.07452,0.83886111,1.0895658,9,361
da02,1706845612694596,7.0483007,0.83389926,1.0788604,8,362
da02,1706845612794611,7.0487537,0.83298808,1.0763215,9,363
da02,1706845612895131,7.0668745,0.82320487,1.0685544,11,364
da02,1706845612994565,7.0641389,0.82905215,1.0746146,9,365
da02,1706845613094535,7.0546227,0.824039,1.0717978,8,366
da02,1706845613194618,7.0675955,0.82989448,1.0701913,11,367
da02,1706845613294558,7.0560961,0.82348746,1.0760299,7,368
da02,1706845613394588,7.060997,0.83121538,1.0770648,10,369
da02,1706845613494585,7.0567989,0.82794696,1.0769386,8,370
da02,1706845613594576,7.0455728,0.83093357,1.0884453,8,371
da02,1706845613694564,7.051599,0.83489954,1.0886673,9,372
da02,1706845613794584,7.06312,0.83126795,1.0849844,10,373
da02,1706845613894559,7.0537753,0.83022326,1.0772015,8,374
da02,1706845613994587,7.0562234,0.83475482,1.0756718,9,375
da02,1706845614094591,7.0549908,0.83887637,1.0730085,9,376
da02,1706845614194590,7.0614319,0.8349275,1.0757471,9,377
da02,1706845614294599,7.0562978,0.83379805,1.0669955,9,378
da02,1706845614394618,7.0624046,0.83226067,1.0678098,10,379
da02,1706845614494601,7.0587077,0.82235253,1.0741282,8,380
da02,1706845614594618,7.0516109,0.82247186,1.0646174,9,381
da02,1706845614694674,7.0578218,0.81812239,1.0683124,9,382
da02,1706845614794631,7.063107,0.82423615,1.0688385,10,383
da02,1706845614894553,7.0587134,0.825697,1.072897,8,384
da02,1706845614994586,7.05744,0.8193332,1.0756043,8,385
da02,1706845615094553,7.0608568,0.82808262,1.0770278,9,386
da02,1706845615194596,7.0657387,0.83359575,1.0733689,10,387
da02,1706845615294565,7.0668221,0.83136147,1.0679605,10,388
da02,1706845615394575,7.0747752,0.83604467,1.0768577,10,389
da02,1706845615494666,7.0839219,0.8344183,1.0760456,11,390
da02,1706845615594609,7.0831823,0.82939005,1.0697531,10,391
da02,1706845615694588,7.0924273,0.83616245,1.0723989,11,392
da02,1706845615794616,7.0814605,0.83503431,1.0742247,8,393
da02,1706845615894595,7.0816631,0.83281219,1.0742811,10,394
da02,1706845615994972,7.0749564,0.82994884,1.0718788,9,395
da02,1706845616094674,7.0717168,0.83496565,1.0668409,10,396
da02,1706845616194658,7.0736728,0.82796603,1.05734,10,397
da02,1706845616295160,7.0765543,0.83020854,1.0534546,11,398
da02,1706845616394649,7.0764694,0.82849354,1.0500189,10,399
da02,1706845616494661,7.090189,0.82731575,1.0593517,11,400
da02,1706845616594665,7.0750837,0.8361811,1.0644201,8,401
da02,1706845616694664,7.0814915,0.833768,1.0620617,11,402
da02,1706845616794676,7.0905323,0.83125705,1.0616069,11,403
da02,1706845616894688,7.0778584,0.82457596,1.0683752,8,404
da02,1706845616994723,7.0621986,0.824341,1.0753626,8,405
da02,1706845617094634,7.0779343,0.82681167,1.0745071,11,406
da02,1706845617194650,7.0854506,0.8315717,1.0770602,11,407
da02,1706845617294689,7.0913563,0.84373724,1.0754527,11,408
da02,1706845617394562,7.0745807,0.83986449,1.0804145,7,409
da02,1706845617494651,7.0753794,0.83535522,1.071286,10,410
da02,1706845617594556,7.0785742,0.83719522,1.0705166,10,411
da02,1706845617694626,7.0752583,0.83622754,1.0744021,9,412
da02,1706845617794547,7.0794592,0.82362062,1.0744878,10,413
da02,1706845617894563,7.0686684,0.8263818,1.0704939,8,414
da02,1706845617994532,7.0717263,0.8233158,1.0731462,9,415
da02,1706845618094518,7.0557051,0.82297397,1.0844401,8,416
da02,1706845618194534,7.0657778,0.824938,1.0814818,10,417
da02,1706845618296136,7.0545893,0.82875222,1.083577,8,418
da02,1706845618394554,7.0588179,0.82841963,1.0845977,9,419
da02,1706845618494512,7.06121,0.8277657,1.0904999,8,420
da02,1706845618594555,7.0619063,0.82622975,1.0796885,10,421
da02,1706845618694548,7.077271,0.82743907,1.0876873,10,422
da02,1706845618794562,7.0736184,0.82293844,1.0830333,9,423
da02,1706845618894537,7.0727997,0.816562,1.0882311,8,424
da02,1706845618994560,7.0701561,0.82150322,1.0855911,9,425
da02,1706845619094587,7.0639615,0.8247292,1.0934503,8,426
da02,1706845619194608,7.0732875,0.81503147,1.0882332,10,427
da02,1706845619294555,7.0779991,0.80659765,1.0845212,10,428
da02,1706845619394537,7.0695429,0.80954379,1.0749556,9,429
da02,1706845619494539,7.0719547,0.81447756,1.0689507,10,430
da02,1706845619594549,7.0791144,0.81631052,1.0764449,10,431
da02,1706845619694527,7.0657272,0.82232869,1.0756825,8,432
da02,1706845619794544,7.0705953,0.82598054,1.0672114,11,433
da02,1706845619894668,7.0832834,0.81684804,1.0576351,12,434
da02,1706845619994524,7.0708418,0.81749135,1.0657171,8,435
da02,1706845620094547,7.0926323,0.817373,1.0566093,13,436
da02,1706845620194548,7.0933108,0.83077747,1.0639523,10,437
da02,1706845620294560,7.094861,0.82331455,1.0660905,10,438
da02,1706845620394551,7.093163,0.82474631,1.0807092,9,439
da02,1706845620494530,7.0907521,0.82692647,1.088515,9,440
da02,1706845620594548,7.0835457,0.83381587,1.0796865,10,441
da02,1706845620694610,7.0816922,0.83225691,1.0776068,10,442
da02,1706845620794578,7.0952172,0.835787,1.0740554,12,443
da02,1706845620894522,7.0866003,0.83521152,1.0697581,9,444
da02,1706845620994611,7.0782886,0.83097774,1.0708717,9,445
da02,1706845621094618,7.06701,0.83158493,1.0615463,9,446
da02,1706845621194595,7.066999,0.83057821,1.0607796,10,447
da02,1706845621294583,7.0810909,0.83636248,1.0602056,12,448
da02,1706845621394671,7.0728679,0.84076983,1.0669248,8,449
da02,1706845621494621,7.075933,0.84089345,1.0647833,10,450
da02,1706845621594862,7.0630307,0.83663595,1.0682421,8,451
da02,1706845621694590,7.0662436,0.836568,1.0773442,9,452
da02,1706845621794551,7.0729818,0.83140391,1.0726315,10,453
da02,1706845621894529,7.078227,0.8371734,1.0810108,10,454
da02,1706845621994570,7.0850105,0.8322432,1.081077,10,455
da02,1706845622094522,7.0843143,0.83186537,1.0759966,10,456
da02,1706845622194604,7.0711021,0.83698475,1.077198,8,457
da02,1706845622294524,7.0731707,0.83050495,1.0805554,9,458
da02,1706845622394558,7.0628891,0.82701266,1.0777038,8,459
da02,1706845622494514,7.0524254,0.829256,1.0727645,8,460
da02,1706845622594544,7.0518632,0.82835937,1.0751842,8,461
da02,1706845622694514,7.0535135,0.84110343,1.0809067,9,462
da02,1706845622794566,7.0557113,0.8388201,1.0759434,9,463
da02,1706845622894542,7.0498319,0.83098066,1.0773324,8,464
da02,1706845622994540,7.0590186,0.83426195,1.0777919,10,465
da02,1706845623094514,7.0697041,0.83990204,1.0643586,12,466
da02,1706845623194561,7.0765891,0.84290826,1.0617303,11,467
da02,1706845623294556,7.0637965,0.844512,1.0653844,8,468
da02,1706845623394618,7.0634,0.84130704,1.0756947,8,469
da02,1706845623494548,7.0662289,0.83485031,1.0800663,9,470
da02,1706845623594550,7.0633774,0.83150917,1.0724338,9,471
da02,1706845623694590,7.0558047,0.83522403,1.0751996,8,472
da02,1706845623794554,7.0624938,0.82846981,1.0735914,10,473
da02,1706845623894526,7.0703864,0.82492423,1.0936328,8,474
da02,1706845623994564,7.0618277,0.82959747,1.0855808,8,475
da02,1706845624094501,7.0687857,0.83368737,1.0750879,11,476
da02,1706845624194567,7.0702457,0.83139277,1.0765371,9,477
da02,1706845624294524,7.066545,0.84305865,1.0756269,9,478
da02,1706845624394554,7.0693822,0.83545089,1.0745417,10,479
da02,1706845624494543,7.069407,0.840495,1.0827985,9,480
da02,1706845624594554,7.0725179,0.84134024,1.0897722,9,481
da02,1706845624694528,7.063798,0.84264779,1.0840976,8,482
da02,1706845624794546,7.0637927,0.84075373,1.0759587,10,483
da02,1706845624894544,7.0692482,0.83301,1.0728353,10,484
da02,1706845624994552,7.0598383,0.83560985,1.0740852,8,485
da02,1706845625094534,7.0605359,0.829047,1.0766186,9,486
da02,1706845625194620,7.0648222,0.82840252,1.0650231,10,487
da02,1706845625294553,7.0652852,0.83266729,1.0648379,10,488
da02,1706845625394588,7.0610433,0.83583558,1.0620567,9,489
da02,1706845625494550,7.06565,0.82968062,1.0616351,10,490
da02,1706845625594589,7.0639706,0.83427703,1.0718957,8,491
da02,1706845625694549,7.0641017,0.8231945,1.0708505,9,492
da02,1706845625794642,7.0725336,0.81910944,1.0743381,10,493
da02,1706845625894599,7.0795789,0.82096428,1.0695002,11,494
da02,1706845625994563,7.0607586,0.8253926,1.0692556,8,495
da02,1706845626094557,7.0628285,0.84087956,1.0662713,10,496
da02,1706845626194580,7.0458345,0.84689945,1.0812166,9,497
da02,1706845626294578,7.0649447,0.84112316,1.0757154,11,498
da02,1706845626394616,7.0547528,0.83799583,1.0692059,8,499
da02,1706845626494542,7.0605621,0.82939196,1.0728045,9,500
da02,1706845626594575,7.0518231,0.82997864,1.0646348,8,501
da02,1706845626694596,7.0667968,0.82312739,1.0685234,10,502
da02,1706845626794585,7.0604968,0.81479442,1.0622199,9,503
da02,1706845626894534,7.0559363,0.82060194,1.0548288,9,504
da02,1706845626994564,7.0564213,0.82013732,1.0480477,10,505
da02,1706845627094618,7.0555987,0.82074666,1.0663593,8,506
da02,1706845627194577,7.0732608,0.83157974,1.0676104,12,507
da02,1706845627295091,7.0721431,0.82568526,1.0687397,9,508
da02,1706845627394533,7.0605426,0.82603627,1.0650179,8,509
da02,1706845627494570,7.05371,0.82891661,1.0650979,8,510
da02,1706845627594578,7.0642276,0.83274847,1.0680695,10,511
da02,1706845627694546,7.0544038,0.84465379,1.0766222,8,512
da02,1706845627794594,7.0407581,0.84308112,1.0825491,8,513
da02,1706845627894602,7.0366135,0.84051615,1.0822909,8,514
da02,1706845627994589,7.0467048,0.84809995,1.0805146,10,515
da02,1706845628094565,7.0621338,0.83969373,1.0828099,10,516
da02,1706845628194621,7.050046,0.83378321,1.0920551,8,517
da02,1706845628294583,7.0632968,0.84353197,1.0851523,11,518
da02,1706845628394597,7.0633788,0.84358996,1.0850645,9,519
da02,1706845628494583,7.0696464,0.83889544,1.0794034,10,520
da02,1706845628594616,7.0797081,0.83581191,1.0765437,11,521
da02,1706845628694610,7.0735598,0.82773668,1.0683923,9,522
da02,1706845628794626,7.0654106,0.82833248,1.069059,8,523
da02,1706845628894615,7.0654283,0.82736659,1.0687932,9,524
da02,1706845628994622,7.0702934,0.83415908,1.0710799,10,525
da02,1706845629094609,7.0644193,0.83726174,1.0732889,8,526
da02,1706845629194639,7.0606008,0.82460374,1.0827372,7,527
da02,1706845629294552,7.0598445,0.82866621,1.0783288,9,528
da02,1706845629394596,7.0623641,0.82987338,1.0761826,9,529
da02,1706845629494550,7.0605435,0.82321519,1.0794686,8,530
da02,1706845629594574,7.0517106,0.83302671,1.0874614,8,531
da02,1706845629694638,7.043632,0.83526707,1.0794029,8,532
da02,1706845629794601,7.0559506,0.83491,1.0756041,10,533
da02,1706845629894560,7.0492568,0.82767707,1.0746323,8,534
da02,1706845629994571,7.0495877,0.820428,1.0782484,8,535
da02,1706845630094549,7.0522823,0.8292169,1.0823426,9,536
da02,1706845630194592,7.0578403,0.83030349,1.0789114,10,537
da02,1706845630294568,7.0792394,0.83470541,1.0772587,12,538
da02,1706845630394822,7.0768704,0.83434469,1.0867808,8,539
da02,1706845630494575,7.0671549,0.83175057,1.0876354,8,540
da02,1706845630594583,7.0762286,0.83528429,1.083385,11,541
da02,1706845630694551,7.0649981,0.83967781,1.0713375,9,542
da02,1706845630794581,7.0583234,0.83126569,1.0746248,8,543
da02,1706845630894594,7.0685096,0.82927269,1.0796479,10,544
da02,1706845630994633,7.0741763,0.83299822,1.0792542,10,545
da02,1706845631094596,7.0800347,0.83096194,1.0782826,10,546
da02,1706845631194666,7.07714,0.82968652,1.0819616,9,547
da02,1706845631294576,7.05872,0.82108742,1.0740149,7,548
da02,1706845631394631,7.0511651,0.82742476,1.0728797,8,549
da02,1706845631494666,7.0566454,0.82707077,1.0738317,9,550
da02,1706845631594612,7.0496092,0.83191228,1.0727422,8,551
da02,1706845631694590,7.0599504,0.83718497,1.0786152,10,552
da02,1706845631794610,7.05318,0.84282768,1.0809582,8,553
da02,1706845631894664,7.0626469,0.84425676,1.0844033,10,554
da02,1706845631994613,7.0628266,0.84745508,1.0894338,9,555
da02,1706845632094587,7.0632567,0.83202946,1.0723705,10,556
da02,1706845632194610,7.0668497,0.83052123,1.0769601,9,557
da02,1706845632294760,7.0567322,0.82061875,1.0759571,7,558
da02,1706845632394547,7.0694504,0.81049508,1.068045,11,559
da02,1706845632494546,7.0559192,0.8115899,1.0667886,7,560
da02,1706845632594628,7.0583096,0.81480968,1.0670904,9,561
da02,1706845632694666,7.0582519,0.81344938,1.0678729,9,562
da02,1706845632794738,7.0476384,0.82698774,1.0606749,8,563
da02,1706845632894724,7.0463548,0.827369,1.0681193,8,564
da02,1706845632994574,7.0433497,0.83623773,1.0706939,8,565
da02,1706845633094548,7.0580659,0.83340895,1.0715936,10,566
da02,1706845633194583,7.0598655,0.83456445,1.067989,10,567
da02,1706845633294591,7.0593987,0.82823288,1.0761312,8,568
da02,1706845633394572,7.0704923,0.82820225,1.0695302,11,569
da02,1706845633494555,7.0665669,0.82644653,1.0759043,8,570
da02,1706845633594580,7.0693808,0.82411343,1.075104,10,571
da02,1706845633696178,7.0623422,0.82108873,1.0802559,8,572
da02,1706845633794634,7.0652738,0.83098632,1.0719733,10,573
da02,1706845633894593,7.0622516,0.8300274,1.0770496,8,574
da02,1706845633994603,7.0703015,0.83060378,1.0748887,10,575
da02,1706845634094581,7.0686889,0.83060068,1.0686926,10,576
da02,1706845634194651,7.065197,0.82710683,1.08253,8,577
da02,1706845634294586,7.0657663,0.81935829,1.0740644,10,578
da02,1706845634394582,7.0679312,0.82286459,1.0802923,9,579
da02,1706845634494590,7.0496011,0.81363493,1.0802962,7,580
da02,1706845634594587,7.0419793,0.82622957,1.0835165,8,581
da02,1706845634694563,7.051693,0.82318741,1.0867019,9,582
da02,1706845634794598,7.0650868,0.82174087,1.0891285,10,583
da02,1706845634894577,7.0666647,0.82542145,1.0856942,9,584
da02,1706845634994608,7.0755458,0.8230288,1.0896957,10,585
da02,1706845635094589,7.0798931,0.824587,1.0867454,10,586
da02,1706845635194629,7.070581,0.82338136,1.0793618,9,587
da02,1706845635294642,7.0807638,0.82725567,1.0673307,12,588
da02,1706845635394626,7.0764146,0.83470422,1.0766293,9,589
da02,1706845635494610,7.0846362,0.832628,1.0934289,9,590
da02,1706845635594635,7.085597,0.82952976,1.0891,10,591
da02,1706845635694688,7.0900974,0.82910657,1.0905962,10,592
da02,1706845635794622,7.0812244,0.83056378,1.0814043,9,593
da02,1706845635894616,7.0721889,0.837212,1.0769261,9,594
da02,1706845635994630,7.0707793,0.84047484,1.0665599,10,595
da02,1706845636094608,7.087141,0.835237,1.0636103,12,596
da02,1706845636194694,7.0866923,0.83338594,1.061215,10,597
da02,1706845636294662,7.073308,0.83548778,1.0702279,8,598
da02,1706845636394643,7.0756283,0.82869107,1.0660887,10,599
da02,1706845636494650,7.0639734,0.82528681,1.0644081,8,600
da02,1706845636594708,7.0593014,0.82981557,1.0744877,8,601
da02,1706845636694636,7.06171,0.8221153,1.0731996,9,602
da02,1706845636794671,7.0717821,0.82735068,1.0673629,11,603
da02,1706845636894853,7.0714736,0.81876719,1.0685601,9,604
da02,1706845636994676,7.0692906,0.81533635,1.0645597,9,605
da02,1706845637094674,7.0624661,0.82651079,1.0660063,9,606
da02,1706845637194720,7.0421696,0.83501863,1.0739273,9,607
da02,1706845637294646,7.0479794,0.83350128,1.0728036,9,608
da02,1706845637394619,7.0470538,0.82853973,1.0733871,8,609
da02,1706845637494682,7.0526223,0.83878785,1.0678484,10,610
da02,1706845637594675,7.0472641,0.82005847,1.0819559,7,611
da02,1706845637694638,7.0575681,0.82010257,1.0804952,10,612
da02,1706845637794658,7.058383,0.8200053,1.0886905,8,613
da02,1706845637894597,7.0624576,0.82014179,1.071282,11,614
da02,1706845637994655,7.0650835,0.82390839,1.0657847,10,615
da02,1706845638094712,7.0713844,0.81927013,1.0645821,10,616
da02,1706845638194636,7.0706773,0.81991321,1.0561966,10,617
da02,1706845638295162,7.0781364,0.82496011,1.0531995,11,618
da02,1706845638394742,7.0661073,0.82998794,1.0545105,8,619
da02,1706845638494620,7.0593581,0.83481377,1.0666904,8,620
da02,1706845638594613,7.0708323,0.83387995,1.0638572,11,621
da02,1706845638694752,7.068922,0.84303778,1.0713507,9,622
da02,1706845638794640,7.067935,0.84625584,1.0692757,10,623
da02,1706845638894630,7.0819044,0.83912492,1.0712271,11,624
da02,1706845638994646,7.0701494,0.8339904,1.0580192,9,625
da02,1706845639094671,7.0613403,0.83226395,1.0601705,8,626
da02,1706845639194628,7.0687518,0.6966567,1.0338243,70,627
da02,1706845639294671,7.0603647,0.72477585,1.040604,8,628
da02,1706845639394689,7.0502081,0.749561,1.0466127,8,629
da02,1706845639494688,7.057879,0.76686937,1.0480305,10,630
da02,1706845639594652,7.0732636,0.7773428,1.0510769,11,631
da02,1706845639694712,7.0579262,0.79197043,1.0534079,8,632
da02,1706845639794650,7.0608892,0.80458796,1.0582215,9,633
da02,1706845639894615,7.074676,0.81086838,1.0580328,11,634
da02,1706845639994661,7.0756588,0.81983852,1.0767251,8,635
da02,1706845640094719,7.0860853,0.82528567,1.074047,11,636
da02,1706845640194692,7.0764971,0.81605047,1.0671172,9,637
da02,1706845640294757,7.0690422,0.82487196,1.0630885,9,638
da02,1706845640394752,7.0835061,0.82347792,1.065277,11,639
da02,1706845640494648,7.0754728,0.82926774,1.068643,9,640
da02,1706845640594754,7.07192,0.82128215,1.0742227,8,641
da02,1706845640694722,7.0726719,0.81533676,1.0813378,9,642
da02,1706845640794582,7.0799317,0.82677621,1.0711583,11,643
da02,1706845640894732,7.074749,0.82879907,1.0703274,9,644
da02,1706845640994713,7.0713043,0.82541841,1.0769007,8,645
da02,1706845641094638,7.0810428,0.82009649,1.0729015,11,646
da02,1706845641194760,7.0847268,0.82613337,1.0739222,10,647
da02,1706845641294761,7.0788431,0.81892431,1.0819756,8,648
da02,1706845641394668,7.0682788,0.81837481,1.0746804,8,649
da02,1706845641494719,7.074913,0.81626034,1.0713322,10,650
da02,1706845641594734,7.0710835,0.81301212,1.0793345,8,651
da02,1706845641694775,7.0622482,0.82731956,1.08091,8,652
da02,1706845641794778,7.0655589,0.83750886,1.0742568,10,653
da02,1706845641894740,7.0716372,0.8339206,1.0799195,9,654
da02,1706845641994630,7.0745721,0.83830673,1.0818005,10,655
da02,1706845642094749,7.0884781,0.83172578,1.073536,12,656
da02,1706845642194865,7.074594,0.83761847,1.0767725,8,657
da02,1706845642294627,7.0779953,0.83661103,1.0814825,10,658
da02,1706845642394774,7.0706673,0.83310968,1.0841138,8,659
da02,1706845642494749,7.0757947,0.835876,1.0826036,10,660
da02,1706845642594651,7.06484,0.83213729,1.0833962,8,661
da02,1706845642694993,7.0676656,0.83106172,1.0728297,10,662
da02,1706845642794737,7.0715485,0.83953577,1.0738094,10,663
da02,1706845642894713,7.0699229,0.84247828,1.0745456,9,664
da02,1706845642994758,7.0751462,0.84847659,1.0772972,10,665
da02,1706845643095237,7.0539336,0.85156339,1.0779134,8,666
da02,1706845643194674,7.0434294,0.84866393,1.0853454,8,667
da02,1706845643294755,7.0435529,0.8443538,1.0918474,8,668
da02,1706845643394730,7.0418668,0.8340084,1.0924047,7,669
da02,1706845643494622,7.0401745,0.82894504,1.0811054,9,670
da02,1706845643594750,7.0418453,0.83226717,1.0766398,9,671
da02,1706845643694770,7.0453343,0.83814389,1.0738156,9,672
da02,1706845643794668,7.0426559,0.83979833,1.0810976,8,673
da02,1706845643894747,7.04718,0.83702582,1.0860634,8,674
da02,1706845643994677,7.0482426,0.83828467,1.0876685,8,675
da02,1706845644094689,7.0447836,0.84330964,1.0849795,8,676
da02,1706845644194653,7.0504813,0.82921988,1.0827632,9,677
da02,1706845644294808,7.0630317,0.82738072,1.0830171,10,678
da02,1706845644394692,7.0613327,0.82776982,1.0764062,9,679
da02,1706845644494667,7.049427,0.82595968,1.087616,8,680
da02,1706845644594762,7.05329,0.83460528,1.078054,10,681
da02,1706845644694716,7.0491204,0.83010465,1.0755281,8,682
da02,1706845644794674,7.0632305,0.82244426,1.0793316,10,683
da02,1706845644894665,7.0591865,0.82299155,1.0663041,9,684
da02,1706845644994644,7.062613,0.8271302,1.066198,10,685
da02,1706845645094653,7.0580063,0.82486224,1.0725871,8,686
da02,1706845645194743,7.0566559,0.83436215,1.0804876,8,687
da02,1706845645294655,7.0605083,0.82481688,1.0722522,10,688
da02,1706845645394667,7.072783,0.828586,1.0760521,11,689
da02,1706845645494666,7.077364,0.83132708,1.0837822,9,690
da02,1706845645594925,7.075098,0.83336478,1.0795884,9,691
da02,1706845645694796,7.0657315,0.83545369,1.091349,8,692
da02,1706845645794772,7.0659561,0.83789843,1.0921801,9,693
da02,1706845645894657,7.0685773,0.83085984,1.0817803,10,694
da02,1706845645994763,7.0735326,0.82705593,1.0875831,9,695
da02,1706845646094752,7.0768161,0.82906175,1.0885395,10,696
da02,1706845646194692,7.0681648,0.83345574,1.0828764,9,697
da02,1706845646294753,7.0689912,0.83308911,1.0806416,9,698
da02,1706845646394719,7.0712171,0.82797372,1.0783026,10,699
da02,1706845646494674,7.0679321,0.82332247,1.0762821,9,700
da02,1706845646594662,7.0793962,0.83654445,1.066656,12,701
da02,1706845646694698,7.0851126,0.8302511,1.0750594,10,702
da02,1706845646794638,7.0824084,0.8344326,1.0745461,10,703
da02,1706845646894682,7.0855336,0.8260386,1.0743059,10,704
da02,1706845646994666,7.0841727,0.83656532,1.0690267,10,705
da02,1706845647094774,7.0757608,0.8270849,1.0778406,8,706
da02,1706845647194686,7.0584965,0.83824253,1.0729498,8,707
da02,1706845647294694,7.0724573,0.83872437,1.0687499,11,708
da02,1706845647394787,7.0638633,0.83391529,1.0737518,8,709
da02,1706845647494619,7.0623736,0.83000159,1.0773699,8,710
da02,1706845647594660,7.0554285,0.83163875,1.0640398,9,711
da02,1706845647694781,7.0522904,0.82527387,1.0650622,8,712
da02,1706845647794669,7.0668321,0.81434196,1.069836,10,713
da02,1706845647894813,7.0638762,0.81268889,1.0750614,8,714
da02,1706845647994771,7.06241,0.81300747,1.0704204,9,715
da02,1706845648094685,7.0688953,0.81719071,1.0574678,11,716
da02,1706845648194697,7.0646214,0.81786793,1.0568198,9,717
da02,1706845648294681,7.0721207,0.81810278,1.0624207,10,718
da02,1706845648394878,7.0742755,0.81708437,1.074676,9,719
da02,1706845648494659,7.0618238,0.81547588,1.0670123,8,720
da02,1706845648594650,7.0570297,0.81649566,1.0721495,8,721
da02,1706845648694658,7.0644388,0.82114154,1.0769643,10,722
da02,1706845648794638,7.05671,0.82073456,1.076413,8,723
da02,1706845648894767,7.0788121,0.82721305,1.0688974,13,724
da02,1706845648994716,7.0831938,0.82369053,1.0608616,11,725
da02,1706845649096316,7.0670795,0.81621218,1.065888,7,726
da02,1706845649194738,7.0690107,0.81606817,1.0651392,10,727
da02,1706845649295222,7.0648737,0.80687577,1.0632421,9,728
da02,1706845649394606,7.0515804,0.81852162,1.0716376,8,729
da02,1706845649494668,7.0496492,0.8217364,1.0853866,8,730
da02,1706845649594674,7.0384369,0.819191,1.086625,8,731
da02,1706845649694668,7.045053,0.82945013,1.0849051,9,732
da02,1706845649794622,7.0534968,0.83500016,1.0782295,10,733
da02,1706845649894677,7.0576406,0.83241475,1.0716059,10,734
da02,1706845649994652,7.0565166,0.83014935,1.0574975,10,735
da02,1706845650094678,7.0656176,0.82765961,1.0694547,9,736
da02,1706845650194680,7.0629554,0.82387072,1.0637708,9,737
da02,1706845650294676,7.0604048,0.8314901,1.061702,9,738
da02,1706845650394636,7.0608978,0.83049005,1.0611802,9,739
da02,1706845650494816,7.04936,0.83554393,1.0645417,8,740
da02,1706845650594826,7.0526447,0.83010519,1.0736119,8,741
da02,1706845650694704,7.05395,0.82831359,1.0700414,9,742
da02,1706845650794804,7.0472965,0.82759494,1.0708354,8,743
da02,1706845650894849,7.0408354,0.82400674,1.0772239,7,744
da02,1706845650994653,7.0369372,0.83153647,1.069767,8,745
da02,1706845651095050,7.0315075,0.82956141,1.0764065,8,746
da02,1706845651194807,7.06254,0.83566749,1.0777402,12,747
da02,1706845651294666,7.07094,0.82994634,1.0825913,10,748
da02,1706845651394794,7.0748754,0.83239788,1.0775816,10,749
da02,1706845651494824,7.0607014,0.83065712,1.0733014,8,750
da02,1706845651594688,7.0587144,0.83657986,1.06885,9,751
da02,1706845651694722,7.0615358,0.83472031,1.0649283,10,752
da02,1706845651794724,7.063509,0.84124154,1.0569719,10,753
da02,1706845651894856,7.0661516,0.84602219,1.0620978,10,754
da02,1706845651994780,7.06393,0.84923697,1.0605302,9,755
da02,1706845652094797,7.0758281,0.84324825,1.0559003,11,756
da02,1706845652194774,7.0904865,0.84105355,1.0556333,12,757
da02,1706845652294794,7.102438,0.8195284,1.0667263,11,758
da02,1706845652394795,7.0910926,0.8314684,1.0800059,8,759
da02,1706845652494667,7.0798922,0.84304261,1.08263,8,760
da02,1706845652595004,7.0831504,0.84077352,1.074247,11,761
da02,1706845652694790,7.0734277,0.83397394,1.0782659,8,762
da02,1706845652794671,7.0714231,0.83274877,1.0722721,10,763
da02,1706845652894697,7.0668879,0.83025146,1.0731148,9,764
da02,1706845652994685,7.0699553,0.8288151,1.0785689,9,765
da02,1706845653094799,7.0639224,0.82464939,1.0787588,8,766
da02,1706845653194651,7.0742769,0.82171738,1.0828137,10,767
da02,1706845653294700,7.0624294,0.82831889,1.0746342,8,768
da02,1706845653394800,7.0639515,0.82775068,1.071643,9,769
da02,1706845653494705,7.0581255,0.83276242,1.0805877,8,770
da02,1706845653594741,7.0668654,0.82851046,1.0826224,10,771
da02,1706845653694784,7.0577264,0.82817185,1.0751294,8,772
da02,1706845653794870,7.0615354,0.82989693,1.0724534,10,773
da02,1706845653897292,7.0613389,0.830794,1.0685565,9,774
da02,1706845653994758,7.0680842,0.83156973,1.0639623,10,775
da02,1706845654094818,7.0831194,0.83262569,1.0646495,12,776
da02,1706845654194813,7.07107,0.831212,1.0689424,8,777
da02,1706845654294686,7.0819054,0.82891345,1.075636,10,778
da02,1706845654394801,7.0681643,0.83367383,1.0730511,8,779
da02,1706845654494799,7.0721569,0.82241821,1.0829862,9,780
da02,1706845654594748,7.0696759,0.82592553,1.0778648,9,781
da02,1706845654694828,7.0614586,0.82018721,1.0819178,7,782
da02,1706845654794797,7.0704231,0.82700509,1.0745325,11,783
da02,1706845654894702,7.0713787,0.83211887,1.0627998,11,784
da02,1706845654994796,7.0688934,0.84546441,1.0668517,9,785
da02,1706845655094811,7.0656362,0.84589481,1.0581609,10,786
da02,1706845655194747,7.0743556,0.8444463,1.0546727,11,787
da02,1706845655294806,7.0712705,0.8458001,1.0577283,9,788
da02,1706845655394837,7.0651703,0.84487545,1.0629061,8,789
da02,1706845655494684,7.0627394,0.85313165,1.0692172,9,790
da02,1706845655594704,7.0696077,0.84231067,1.0675058,10,791
da02,1706845655694672,7.0701094,0.83749086,1.0683933,9,792
da02,1706845655794769,7.0685267,0.83688605,1.0641805,10,793
da02,1706845655894705,7.06787,0.85026407,1.0603757,10,794
da02,1706845655994696,7.0664406,0.84789771,1.0650657,9,795
da02,1706845656094825,7.0700011,0.8428129,1.0701509,9,796
da02,1706845656194716,7.0650148,0.83974594,1.0622168,9,797
da02,1706845656294711,7.0731769,0.83263487,1.0720017,10,798
da02,1706845656394779,7.0747037,0.82963121,1.0584917,11,799
da02,1706845656494683,7.0755262,0.8243112,1.0537935,10,800
da02,1706845656594686,7.0751209,0.83552033,1.0642792,9,801
da02,1706845656694778,7.06244,0.83148527,1.0675051,8,802
da02,1706845656794838,7.0658588,0.82598317,1.0822171,8,803
da02,1706845656894855,7.0631361,0.82261342,1.0733426,9,804
da02,1706845656994695,7.0588078,0.81999809,1.0748391,8,805
da02,1706845657094828,7.0571103,0.81660432,1.068795,9,806
da02,1706845657194842,7.0563946,0.82670718,1.0744959,9,807
da02,1706845657294719,7.0669336,0.83594525,1.0752882,11,808
da02,1706845657394817,7.055912,0.83218122,1.074716,8,809
da02,1706845657494760,7.0631924,0.83553809,1.0747803,10,810
da02,1706845657594767,7.0563831,0.8387664,1.0642229,9,811
da02,1706845657694710,7.0495443,0.8327927,1.0706031,7,812
da02,1706845657794682,7.1606669,0.83734959,1.0505325,66,813
da02,1706845657894780,7.1446543,0.82676578,1.0494685,11,814
da02,1706845657994682,7.1233234,0.82652551,1.0571297,9,815
da02,1706845658094696,7.1054626,0.82371807,1.0599974,9,816
da02,1706845658194768,7.1088443,0.82788384,1.0550082,12,817
da02,1706845658294803,7.093822,0.82544428,1.0638982,8,818
da02,1706845658394704,7.09668,0.8268528,1.061763,11,819
da02,1706845658494818,7.0721264,0.82460755,1.0571284,7,820
da02,1706845658594675,7.0603042,0.81539947,1.071085,7,821
da02,1706845658694726,7.041122,0.81403023,1.0709258,8,822
da02,1706845658794786,7.0457468,0.81248909,1.0717981,9,823
da02,1706845658894706,7.066473,0.81045294,1.0718057,11,824
da02,1706845658994726,7.0665751,0.81581992,1.0726222,9,825
da02,1706845659094858,7.0601358,0.82160455,1.076764,8,826
da02,1706845659194720,7.0691829,0.81945366,1.0705259,11,827
da02,1706845659294695,7.0686207,0.82029378,1.0785317,9,828
da02,1706845659394767,7.0716472,0.82213247,1.076462,10,829
da02,1706845659494742,7.0723639,0.82499015,1.074501,10,830
da02,1706845659594670,7.0635834,0.83494115,1.0665302,9,831
da02,1706845659694775,7.0688429,0.84433115,1.0670912,10,832
da02,1706845659794864,7.0635676,0.8303104,1.0656745,8,833
da02,1706845659894864,7.0556145,0.83134866,1.0679817,8,834
da02,1706845659994738,7.0443525,0.8294934,1.0639645,8,835
da02,1706845660094860,7.0380406,0.837087,1.0632573,8,836
da02,1706845660194863,7.02506,0.83741915,1.0658467,8,837
da02,1706845660295332,7.0411134,0.84518331,1.0583519,11,838
da02,1706845660394836,7.059535,0.83606076,1.059077,11,839
da02,1706845660494840,7.0501461,0.84566867,1.0670136,8,840
da02,1706845660594796,7.0585442,0.84153241,1.0702834,10,841
da02,1706845660694747,7.0541058,0.84086674,1.0788225,8,842
da02,1706845660794674,7.054234,0.83935,1.0763643,9,843
da02,1706845660894823,7.0505023,0.83857596,1.0705602,9,844
da02,1706845660994698,7.0645595,0.83744377,1.0681697,11,845
da02,1706845661094709,7.0533934,0.83175159,1.0779895,8,846
da02,1706845661194866,7.061419,0.82622534,1.0819213,9,847
da02,1706845661294764,7.067781,0.82622266,1.0797775,10,848
da02,1706845661394722,7.0804329,0.81321448,1.0748609,11,849
da02,1706845661494850,7.0714941,0.82981825,1.0701009,9,850
da02,1706845661594709,7.0722775,0.828491,1.0727968,9,851
da02,1706845661694748,7.07855,0.83208162,1.0711071,11,852
da02,1706845661794809,7.067183,0.83562583,1.0780189,8,853
da02,1706845661894708,7.0742416,0.84335452,1.0796291,10,854
da02,1706845661994682,7.0752006,0.85534281,1.0891402,9,855
da02,1706845662094807,7.057529,0.84781617,1.0828992,7,856
da02,1706845662194707,7.0539026,0.83515871,1.0785109,8,857
da02,1706845662294754,7.0659451,0.83605367,1.0672144,11,858
da02,1706845662394773,7.0579033,0.827394,1.0752815,7,859
da02,1706845662494890,7.0667086,0.825645,1.0714383,10,860
da02,1706845662594860,7.0681748,0.83366907,1.0639442,10,861
da02,1706845662694784,7.06246,0.83612525,1.0703269,8,862
da02,1706845662794898,7.0429974,0.83487988,1.0655708,8,863
da02,1706845662894867,7.0502696,0.82403994,1.0682664,9,864
da02,1706845662994721,7.0590382,0.82502323,1.0609341,11,865
da02,1706845663094850,7.0614214,0.8241325,1.0647964,9,866
da02,1706845663194844,7.0723686,0.82584167,1.0662129,11,867
da02,1706845663294760,7.0714421,0.82365042,1.0646152,9,868
da02,1706845663395403,7.0643373,0.81703436,1.0647979,8,869
da02,1706845663494870,7.0582123,0.81390893,1.0707685,8,870
da02,1706845663594773,7.0605378,0.8071599,1.0758864,9,871
da02,1706845663694778,7.0505724,0.81888461,1.0690662,8,872
da02,1706845663794740,7.05943,0.8098436,1.0693679,10,873
da02,1706845663894796,7.0432272,0.82487959,1.06858,8,874
da02,1706845663994732,7.0497341,0.83715689,1.0646201,10,875
da02,1706845664094970,7.062078,0.83144361,1.0752153,10,876
da02,1706845664194819,7.057447,0.83817869,1.0788543,8,877
da02,1706845664294726,7.0596242,0.84784639,1.0740325,10,878
da02,1706845664394721,7.055326,0.84413153,1.0785023,8,879
da02,1706845664496390,7.0675197,0.83448958,1.0733148,11,880
da02,1706845664594759,7.0674148,0.83048719,1.0726762,9,881
da02,1706845664694736,7.0551367,0.8280459,1.0768695,7,882
da02,1706845664794772,7.05195,0.82937574,1.06924,9,883
da02,1706845664894750,7.0488696,0.82657731,1.067574,8,884
da02,1706845664994943,7.0470753,0.81622869,1.0649424,8,885
da02,1706845665094794,7.0634851,0.82370985,1.0620586,11,886
da02,1706845665194872,7.0658741,0.82313186,1.0729455,9,887
da02,1706845665294874,7.0551538,0.82032728,1.0722479,8,888
da02,1706845665394799,7.0620108,0.8161577,1.0748066,9,889
da02,1706845665494751,7.0663385,0.81723142,1.0643584,10,890
da02,1706845665594713,7.0672889,0.81793714,1.0646273,9,891
da02,1706845665694824,7.0556321,0.82907969,1.07281,8,892
da02,1706845665794848,7.0518146,0.83831269,1.0715253,9,893
da02,1706845665894860,7.05754,0.83260453,1.0769393,9,894
da02,1706845665994786,7.047009,0.82595813,1.0689684,8,895
da02,1706845666094869,7.0510907,0.83487052,1.0744227,9,896
da02,1706845666194918,7.070127,0.82423025,1.0754448,11,897
da02,1706845666294776,7.0533834,0.82258528,1.0746721,7,898
da02,1706845666394770,7.0561981,0.81217295,1.0722524,9,899
da02,1706845666494767,7.0555053,0.81257725,1.0723871,9,900
da02,1706845666594784,7.04859,0.80793113,1.0701307,8,901
da02,1706845666694812,7.0516481,0.81319958,1.0664549,9,902
da02,1706845666794807,7.0528927,0.80584466,1.0832226,7,903
da02,1706845666894880,7.0561056,0.805992,1.0817828,9,904
da02,1706845666994804,7.0554724,0.80569613,1.0788311,9,905
da02,1706845667094818,7.0586214,0.81650406,1.0652562,10,906
da02,1706845667194981,7.0553856,0.81765854,1.0694878,8,907
da02,1706845667294846,7.0705223,0.81837809,1.0770988,10,908
da02,1706845667394839,7.0657363,0.82202494,1.0916551,8,909
da02,1706845667494894,7.0598736,0.82700044,1.0924555,8,910
da02,1706845667594827,7.0548825,0.82026035,1.0911604,8,911
da02,1706845667694793,7.0659671,0.8199144,1.0879055,10,912
da02,1706845667794885,7.0605078,0.82061976,1.0816339,9,913
da02,1706845667894800,7.0661016,0.83498204,1.0891834,9,914
da02,1706845667994777,7.0684223,0.84441841,1.0770481,11,915
da02,1706845668094898,7.0652676,0.84725732,1.0741218,9,916
da02,1706845668194865,7.0674806,0.84938985,1.0783879,9,917
da02,1706845668294817,7.0671263,0.83417231,1.0729958,9,918
da02,1706845668394914,7.0671916,0.82581306,1.06349,10,919
da02,1706845668494860,7.076838,0.81585425,1.0692647,10,920
da02,1706845668594820,7.0804238,0.820662,1.0783222,9,921
da02,1706845668694932,7.0700054,0.83338624,1.086453,8,922
da02,1706845668794805,7.0807981,0.82643348,1.086291,10,923
da02,1706845668894804,7.0597343,0.83243573,1.0846313,8,924
da02,1706845668994912,7.0639653,0.82338923,1.0750818,10,925
da02,1706845669094812,7.0567594,0.8209222,1.0756917,8,926
da02,1706845669194806,7.076972,0.82129759,1.0756338,12,927
da02,1706845669294879,7.0702753,0.82241678,1.0735414,9,928
da02,1706845669394795,7.0588603,0.81826997,1.0771873,7,929
da02,1706845669494804,7.0681291,0.82138884,1.0798284,10,930
da02,1706845669594922,7.0678992,0.81839824,1.0806392,9,931
da02,1706845669694779,7.0635028,0.81803083,1.0727987,9,932
da02,1706845669794791,7.059236,0.83073992,1.0764573,8,933
da02,1706845669894895,7.0519414,0.83428532,1.0757563,8,934
da02,1706845669994839,7.0498576,0.83916831,1.0827005,8,935
da02,1706845670094809,7.0511904,0.82907891,1.0802193,9,936
da02,1706845670194936,7.0554886,0.82939273,1.0837777,9,937
da02,1706845670294850,7.0637507,0.82715642,1.0743092,10,938
da02,1706845670394818,7.0648737,0.82905328,1.0835177,8,939
da02,1706845670495142,7.0641727,0.833176,1.0752037,10,940
da02,1706845670594851,7.0641303,0.83025575,1.0719967,9,941
da02,1706845670694889,7.0605755,0.83256888,1.0643193,9,942
da02,1706845670794943,7.0608125,0.84367132,1.0596176,10,943
da02,1706845670894836,7.0565305,0.84411567,1.0546439,9,944
da02,1706845670994873,7.0462008,0.83901942,1.0612532,7,945
da02,1706845671094899,7.0379572,0.8422839,1.0673683,8,946
da02,1706845671194872,7.0502081,0.83724254,1.0571887,11,947
da02,1706845671295412,7.0758433,0.83769131,1.0635171,12,948
da02,1706845671394921,7.07447,0.82875681,1.070154,9,949
da02,1706845671494797,7.0737925,0.82508308,1.0696681,9,950
da02,1706845671594879,7.078589,0.82615262,1.0679424,10,951
da02,1706845671695017,7.0790181,0.83330405,1.0631377,10,952
da02,1706845671794859,7.0733423,0.8310613,1.064926,9,953
da02,1706845671894850,7.0605831,0.83638513,1.0656925,8,954
da02,1706845671994894,7.0633774,0.83080435,1.066322,9,955
da02,1706845672094820,7.0704575,0.82517213,1.0701619,10,956
da02,1706845672194829,7.07149,0.82615054,1.0694147,10,957
da02,1706845672294852,7.0691371,0.83092958,1.0722134,9,958
da02,1706845672394862,7.0669684,0.83600664,1.0736356,9,959
da02,1706845672494813,7.0684433,0.836863,1.0754889,9,960
da02,1706845672594880,7.0694828,0.84200066,1.0745631,10,961
da02,1706845672694860,7.0606151,0.85170704,1.0732362,9,962
da02,1706845672794846,7.0681362,0.85774559,1.0656904,11,963
da02,1706845672894829,7.0655131,0.85237396,1.068974,9,964
da02,1706845672994910,7.0750008,0.84960973,1.0728084,10,965
da02,1706845673094854,7.0764537,0.8395946,1.0821084,9,966
da02,1706845673194894,7.0633783,0.83469468,1.0657293,9,967
da02,1706845673294900,7.0601869,0.82570678,1.0677822,8,968
da02,1706845673394864,7.0518937,0.8301509,1.066793,8,969
da02,1706845673494868,7.0578632,0.83509731,1.0697647,10,970
da02,1706845673594914,7.2020445,0.69354761,1.5146128,71,971
da02,1706845673695072,7.1659007,0.73143506,1.4102069,8,972
da02,1706845673794890,7.1522536,0.75829589,1.3154645,12,973
da02,1706845673895058,7.12299,0.77096063,1.2594228,8,974
da02,1706845673995004,7.1017447,0.78421253,1.217117,8,975
da02,1706845674094858,7.0884962,0.79277188,1.1741114,9,976
da02,1706845674195016,7.0743847,0.79868841,1.1516685,8,977
da02,1706845674295060,7.0854793,0.81128067,1.1320404,11,978
da02,1706845674394860,7.087359,0.81583208,1.1109464,11,979
da02,1706845674494819,7.0930657,0.81402981,1.0987842,11,980
da02,1706845674594856,7.08177,0.82855344,1.089751,9,981
da02,1706845674694890,7.0863252,0.83921427,1.0847402,11,982
da02,1706845674794830,7.0853262,0.83142918,1.09211,9,983
da02,1706845674894816,7.0868363,0.832443,1.0803088,11,984
da02,1706845674994844,7.0839877,0.841245,1.0852147,9,985
da02,1706845675094814,7.0868092,0.82552171,1.0805959,10,986
da02,1706845675194856,7.0941372,0.82430422,1.0778706,11,987
da02,1706845675294861,7.1024857,0.81522977,1.0664289,12,988
da02,1706845675394858,7.0908327,0.82424951,1.0657865,9,989
da02,1706845675494896,7.0912786,0.8311165,1.066856,10,990
da02,1706845675594977,7.0857964,0.84067661,1.0667464,10,991
da02,1706845675694888,7.085237,0.841169,1.0673867,10,992
da02,1706845675794966,7.0858526,0.848379,1.0584614,11,993
da02,1706845675894924,7.088347,0.84741062,1.0555271,11,994
da02,1706845675995057,7.0717368,0.85529304,1.0647371,8,995
da02,1706845676095070,7.0659795,0.84714282,1.0677561,8,996
da02,1706845676194914,7.06142,0.83241916,1.0661731,8,997
da02,1706845676295008,7.0517755,0.82949239,1.0754948,8,998
da02,1706845676394940,7.0618072,0.82195872,1.0725681,10,999
da02,1706845676495020,7.0664825,0.826737,1.0730789,10,1000
da02,1706845676594982,7.0628538,0.82159567,1.0788367,8,1001
da02,1706845676694921,7.0527177,0.82713985,1.0677949,9,1002
da02,1706845676794862,7.069355,0.82364964,1.0700201,11,1003
da02,1706845676894994,7.0577283,0.82295954,1.070765,8,1004
da02,1706845676994959,7.059721,0.82000017,1.0652308,10,1005
da02,1706845677094831,7.0465941,0.82618493,1.0650643,8,1006
da02,1706845677194962,7.0547318,0.82690245,1.0690999,9,1007
da02,1706845677294993,7.0685163,0.82796395,1.0654014,11,1008
da02,1706845677394792,7.070374,0.83008188,1.071412,9,1009
da02,1706845677494911,7.0687542,0.82451344,1.0870701,8,1010
da02,1706845677594905,7.0622554,0.82101613,1.0902796,8,1011
da02,1706845677694872,7.0765662,0.83874434,1.0946678,11,1012
da02,1706845677794864,7.0752773,0.83820432,1.0860596,10,1013
da02,1706845677894835,7.0731235,0.84005642,1.0768272,10,1014
da02,1706845677994828,7.0645704,0.84573573,1.0807406,8,1015
da02,1706845678095002,7.0738907,0.84161377,1.0908668,9,1016
da02,1706845678195012,7.0710831,0.83356947,1.085418,9,1017
da02,1706845678294898,7.0762444,0.82844043,1.0735195,11,1018
da02,1706845678394973,7.0633922,0.81941622,1.0761218,7,1019
da02,1706845678495473,7.0585904,0.81907678,1.0800298,8,1020
da02,1706845678594796,7.0670247,0.83169484,1.0790386,10,1021
da02,1706845678694889,7.0688753,0.832117,1.0840231,9,1022
da02,1706845678794916,7.0609932,0.84019428,1.0812773,8,1023
da02,1706845678894874,7.0535007,0.84888935,1.0754215,9,1024
da02,1706845678995005,7.0584383,0.8409844,1.0674659,10,1025
da02,1706845679094988,7.0721488,0.8287586,1.0747787,10,1026
da02,1706845679194947,7.0682797,0.82206714,1.0681154,9,1027
da02,1706845679295003,7.06447,0.82557446,1.0748869,8,1028
da02,1706845679394996,7.0608621,0.82786387,1.0737036,9,1029
da02,1706845679494842,7.0662589,0.82524973,1.0656258,10,1030
da02,1706845679594972,7.063436,0.82206333,1.0608991,9,1031
da02,1706845679694992,7.0593357,0.823674,1.0717975,8,1032
da02,1706845679794870,7.0551009,0.82598323,1.0806373,8,1033
da02,1706845679896592,7.04329,0.82161421,1.0889732,8,1034
da02,1706845679994995,7.0634952,0.81729597,1.0811793,11,1035
da02,1706845680094841,7.0581412,0.82682961,1.0819049,8,1036
da02,1706845680195020,7.056499,0.82840258,1.0838141,8,1037
da02,1706845680294967,7.0495176,0.83179319,1.0798614,8,1038
da02,1706845680394867,7.0585961,0.82291824,1.0747204,10,1039
da02,1706845680494957,7.0695677,0.82007909,1.0697767,11,1040
da02,1706845680594925,7.063808,0.82999516,1.081071,8,1041
da02,1706845680694968,7.0691934,0.82828373,1.0815161,10,1042
da02,1706845680794943,7.0714121,0.8221761,1.0707161,10,1043
da02,1706845680894895,7.0741487,0.81977624,1.0781534,9,1044
da02,1706845680994906,7.0743089,0.81758147,1.0815538,9,1045
da02,1706845681094951,7.0663471,0.82040668,1.0723948,9,1046
da02,1706845681194928,7.0576806,0.82503945,1.0733874,8,1047
da02,1706845681294977,7.0570946,0.81623238,1.0725442,9,1048
da02,1706845681394900,7.0466256,0.81808335,1.0784894,8,1049
da02,1706845681495041,7.0570087,0.82424128,1.0759192,10,1050
da02,1706845681595020,7.0604615,0.83621854,1.0787765,9,1051
da02,1706845681694886,7.0721197,0.83007175,1.0725543,11,1052
da02,1706845681794906,7.0777807,0.82501328,1.0735123,10,1053
da02,1706845681895033,7.0669937,0.82997566,1.0770546,8,1054
da02,1706845681994939,7.0646129,0.833756,1.0820383,8,1055
da02,1706845682094862,7.0759449,0.8319841,1.0747476,11,1056
da02,1706845682195015,7.0744734,0.82896113,1.0799992,9,1057
da02,1706845682295479,7.0711517,0.82333332,1.0758684,9,1058
da02,1706845682394903,7.0822926,0.82598752,1.0829761,10,1059
da02,1706845682494995,7.0914097,0.83061516,1.0839373,11,1060
da02,1706845682594944,7.1004272,0.81994051,1.0747255,12,1061
da02,1706845682694934,7.0916481,0.82328647,1.0775588,9,1062
da02,1706845682794950,7.0649066,0.8241291,1.0706359,8,1063
da02,1706845682894898,7.0559568,0.8196516,1.0633343,8,1064
da02,1706845682994880,7.0502963,0.82192564,1.0593206,9,1065
da02,1706845683094997,7.0628505,0.82646942,1.0555425,11,1066
da02,1706845683194899,7.0527411,0.83178818,1.0620942,8,1067
da02,1706845683294863,7.057755,0.83481616,1.0672009,9,1068
da02,1706845683394990,7.0770044,0.83024782,1.0626862,12,1069
da02,1706845683494976,7.0767159,0.83412331,1.0587381,10,1070
da02,1706845683594918,7.0572286,0.82665,1.0576016,7,1071
da02,1706845683695072,7.0584335,0.83127874,1.0671579,9,1072
da02,1706845683794936,7.05086,0.84064633,1.069609,8,1073
da02,1706845683894900,7.0566831,0.84446096,1.071201,10,1074
da02,1706845683994946,7.0518718,0.84830141,1.0750961,8,1075
da02,1706845684094921,7.0686131,0.8473742,1.0742428,11,1076
da02,1706845684194905,7.0689692,0.84164083,1.0761862,9,1077
da02,1706845684294950,7.0665784,0.83656174,1.0768083,9,1078
da02,1706845684394948,7.0690236,0.83101308,1.0668315,10,1079
da02,1706845684495042,7.0673647,0.82557833,1.0825818,8,1080
da02,1706845684594901,7.061121,0.82752508,1.0735241,9,1081
da02,1706845684694968,7.0503044,0.83256334,1.0758884,8,1082
da02,1706845684794954,7.0483623,0.83052146,1.0677898,9,1083
da02,1706845684894965,7.0404429,0.82956737,1.0725198,8,1084
da02,1706845684995080,7.0513215,0.8260963,1.0733376,10,1085
da02,1706845685095074,7.0486422,0.83165342,1.0666351,9,1086
da02,1706845685194993,7.0614114,0.84602839,1.0651381,11,1087
da02,1706845685295114,7.0601177,0.84175557,1.062997,9,1088
da02,1706845685395030,7.0647593,0.84646118,1.0625407,10,1089
da02,1706845685494946,7.0556288,0.84984618,1.0615826,8,1090
da02,1706845685595034,7.0606222,0.85221976,1.0552301,11,1091
da02,1706845685695061,7.0744209,0.849948,1.0568749,11,1092
da02,1706845685794919,7.0725131,0.845401,1.069023,9,1093
da02,1706845685895081,7.0661712,0.84007633,1.0737208,8,1094
da02,1706845685995008,7.0705624,0.83507055,1.0821781,9,1095
da02,1706845686094943,7.0677366,0.83387345,1.0820237,9,1096
da02,1706845686195016,7.07137,0.83194155,1.0801305,10,1097
da02,1706845686295107,7.065299,0.83112568,1.0786139,8,1098
da02,1706845686394916,7.0710945,0.828403,1.0779887,10,1099
da02,1706845686494940,7.0678005,0.82594866,1.0691899,9,1100
da02,1706845686595037,7.0681825,0.81244552,1.0709556,9,1101
da02,1706845686695018,7.0715003,0.80501229,1.0672939,10,1102
da02,1706845686795030,7.0654044,0.80863714,1.0796771,7,1103
da02,1706845686895074,7.071228,0.808172,1.0777247,10,1104
da02,1706845686994944,7.0731926,0.81337404,1.0823895,9,1105
da02,1706845687095100,7.06948,0.8078596,1.0817385,8,1106
da02,1706845687195324,7.0693221,0.80685854,1.0676744,10,1107
da02,1706845687295033,7.0622325,0.81267387,1.0685207,8,1108
da02,1706845687395027,7.0615263,0.81489378,1.0634881,9,1109
da02,1706845687495044,7.0606256,0.81460071,1.0731127,8,1110
da02,1706845687594888,7.065228,0.820477,1.0720732,10,1111
da02,1706845687695086,7.0733366,0.81818318,1.079394,10,1112
da02,1706845687795028,7.0527897,0.81650054,1.0792769,8,1113
da02,1706845687894948,7.0483484,0.81693727,1.0716114,9,1114
da02,1706845687995052,7.056673,0.82931972,1.0718476,10,1115
da02,1706845688095057,7.0635214,0.82481092,1.0687023,10,1116
da02,1706845688194930,7.0624743,0.82505929,1.071555,9,1117
da02,1706845688295096,7.0575905,0.81919545,1.0741383,8,1118
da02,1706845688395014,7.03857,0.82510287,1.074699,8,1119
da02,1706845688494955,7.0338326,0.82701588,1.0767105,7,1120
da02,1706845688595526,7.0513539,0.82504714,1.0692555,11,1121
da02,1706845688694936,7.0437813,0.82767528,1.0816807,8,1122
da02,1706845688794919,7.0603156,0.7092604,1.0478563,70,1123
da02,1706845688895074,7.069973,0.74231339,1.0496703,11,1124
da02,1706845688994948,7.0806422,0.76947451,1.0434302,12,1125
da02,1706845689094946,7.0747132,0.79735309,1.0522269,9,1126
da02,1706845689195034,7.2760024,0.61913079,1.5146555,73,1127
da02,1706845689294994,7.2261481,0.66453588,1.3979434,10,1128
da02,1706845689394979,7.1891642,0.69708633,1.3111149,10,1129
da02,1706845689495112,7.15628,0.73194587,1.2454605,9,1130
da02,1706845689594978,7.1381655,0.75398368,1.2071875,9,1131
da02,1706845689695060,7.1268735,0.77285928,1.1673068,11,1132
da02,1706845689795073,7.1278658,0.79340422,1.1498928,11,1133
da02,1706845689894927,7.1084275,0.80261683,1.1295958,9,1134
da02,1706845689994928,7.1054015,0.80521286,1.1101497,11,1135
da02,1706845690094945,7.0955124,0.80441535,1.0978481,9,1136
da02,1706845690194978,7.0774574,0.80177242,1.0933206,7,1137
da02,1706845690294923,7.0649738,0.80435425,1.0834348,8,1138
da02,1706845690395044,7.0577927,0.81301683,1.0813667,8,1139
da02,1706845690494954,7.0693078,0.81111509,1.0867908,10,1140
da02,1706845690594938,7.0741534,0.80776274,1.089922,9,1141
da02,1706845690695080,7.0608191,0.81817448,1.0830257,8,1142
da02,1706845690794968,7.055687,0.83124793,1.0795654,9,1143
da02,1706845690894993,7.0585313,0.82803494,1.0811535,9,1144
da02,1706845690995050,7.0540862,0.82979572,1.0676273,9,1145
da02,1706845691094934,7.0567837,0.83737379,1.0744652,9,1146
da02,1706845691194973,7.0569587,0.8393994,1.0686996,9,1147
da02,1706845691295142,7.04902,0.84522718,1.071735,8,1148
da02,1706845691395030,7.0540838,0.85237294,1.0707848,10,1149
da02,1706845691495064,7.0442672,0.850839,1.0713747,8,1150
da02,1706845691595101,7.0429006,0.85501248,1.0694045,9,1151
da02,1706845691694999,7.036911,0.85952675,1.072287,8,1152
da02,1706845691794958,7.0429616,0.84738064,1.0704348,9,1153
da02,1706845691895152,7.04029,0.85940856,1.0740834,8,1154
da02,1706845691994966,7.0553155,0.854495,1.077961,10,1155
da02,1706845692094994,7.0544968,0.84129196,1.0821455,8,1156
da02,1706845692195052,7.049531,0.8421846,1.0835295,8,1157
da02,1706845692294991,7.0541329,0.84708965,1.0812511,9,1158
da02,1706845692394876,7.0559268,0.8346619,1.0798924,9,1159
da02,1706845692495034,7.0568871,0.825716,1.0778242,9,1160
da02,1706845692594987,7.0524817,0.82943296,1.0758146,8,1161
da02,1706845692695036,7.0514121,0.83441114,1.08589,8,1162
da02,1706845692795022,7.0545235,0.83342284,1.0807281,9,1163
da02,1706845692895008,7.0538969,0.82667291,1.0732117,9,1164
da02,1706845692994940,7.0690136,0.8289004,1.0723594,11,1165
da02,1706845693095026,7.0551939,0.82686442,1.0731351,7,1166
da02,1706845693194961,7.0589776,0.82177389,1.0739328,9,1167
da02,1706845693295537,7.0467558,0.83115715,1.0828193,8,1168
da02,1706845693395010,7.0586128,0.83477879,1.0841026,10,1169
da02,1706845693495010,7.0561724,0.82951468,1.0815669,8,1170
da02,1706845693595006,7.0566125,0.82672209,1.0794383,9,1171
da02,1706845693695004,7.0489798,0.822247,1.0830117,7,1172
da02,1706845693795055,7.0469213,0.82757109,1.0811183,8,1173
da02,1706845693895067,7.050745,0.82982647,1.0726782,10,1174
da02,1706845693995154,7.048594,0.83508354,1.0789682,8,1175
da02,1706845694095068,7.0494475,0.82787037,1.0794594,8,1176
da02,1706845694195039,7.0683613,0.83175474,1.0707618,12,1177
da02,1706845694294964,7.0726261,0.82848346,1.0734258,10,1178
da02,1706845694394984,7.0617452,0.82395881,1.077149,7,1179
da02,1706845694494931,7.0531754,0.82103026,1.0675228,8,1180
da02,1706845694594976,7.0555024,0.82035476,1.0724087,9,1181
da02,1706845694694976,7.0632391,0.82738483,1.0782676,10,1182
da02,1706845694794935,7.0681834,0.83897167,1.0824554,10,1183
da02,1706845694894928,7.0670819,0.83799666,1.0747271,10,1184
da02,1706845694994981,7.0743465,0.83169323,1.0803314,10,1185
da02,1706845695094953,7.0757785,0.84072912,1.081141,10,1186
da02,1706845695194964,7.06892,0.84181279,1.0818815,8,1187
da02,1706845695296564,7.0822778,0.83504522,1.0792736,11,1188
da02,1706845695395080,7.0757313,0.83575761,1.0743204,9,1189
da02,1706845695494958,7.0629096,0.83057004,1.070884,8,1190
da02,1706845695595077,7.06549,0.82718891,1.0716192,9,1191
da02,1706845695695106,7.0592318,0.8357414,1.0740649,8,1192
da02,1706845695794959,7.0489326,0.83540559,1.0713847,8,1193
da02,1706845695895050,7.0421343,0.84749037,1.0693709,8,1194
da02,1706845695995048,7.0414171,0.84576368,1.0694746,8,1195
da02,1706845696094969,7.037138,0.84031856,1.0679609,8,1196
da02,1706845696195091,7.0445819,0.8372044,1.0580379,10,1197
da02,1706845696295191,7.0463295,0.83618361,1.0659139,8,1198
da02,1706845696395008,7.042686,0.83575362,1.0681614,8,1199
da02,1706845696495030,7.0438404,0.83062226,1.0685635,8,1200
da02,1706845696595033,7.0385585,0.83040321,1.0742009,7,1201
da02,1706845696694971,7.0422511,0.82735062,1.0779985,8,1202
da02,1706845696795046,7.0503869,0.82448578,1.0666771,10,1203
da02,1706845696895082,7.054915,0.82484949,1.0694628,9,1204
da02,1706845696995029,7.0648589,0.82221818,1.0715473,10,1205
da02,1706845697095068,7.0688305,0.82360458,1.0674423,10,1206
da02,1706845697195110,7.0647626,0.83456057,1.0731919,9,1207
da02,1706845697295138,7.0847187,0.839718,1.0823416,11,1208
da02,1706845697395038,7.0816298,0.84745038,1.0846415,9,1209
da02,1706845697495012,7.0782785,0.84661067,1.0768096,10,1210
da02,1706845697594916,7.0620956,0.84242094,1.0733893,8,1211
da02,1706845697694982,7.0779161,0.83362478,1.0784321,11,1212
da02,1706845697794989,7.07516,0.83322811,1.0738032,10,1213
da02,1706845697894933,7.0872707,0.83385187,1.0722853,11,1214
da02,1706845697994978,7.0868073,0.83122635,1.0673648,10,1215
da02,1706845698094995,7.0883007,0.83414924,1.0635215,11,1216
da02,1706845698194972,7.0906086,0.83412081,1.0596474,11,1217
da02,1706845698295014,7.0984173,0.837106,1.0651284,11,1218
da02,1706845698394985,7.1001196,0.831054,1.0763789,10,1219
da02,1706845698495044,7.0811291,0.83145171,1.0852939,8,1220
da02,1706845698595623,7.0863829,0.83211511,1.0757109,11,1221
da02,1706845698695222,7.0795875,0.83280325,1.0737418,9,1222
da02,1706845698795074,7.0763879,0.83254242,1.0816733,9,1223
da02,1706845698894961,7.0769763,0.83847749,1.0723894,10,1224
da02,1706845698994988,7.0679727,0.83636129,1.0758575,8,1225
da02,1706845699095081,7.0617352,0.82656753,1.0732296,8,1226
da02,1706845699195026,7.0665808,0.82008815,1.0741425,9,1227
da02,1706845699295039,7.0689368,0.8242293,1.0703859,10,1228
da02,1706845699395112,7.070631,0.83180487,1.0690356,10,1229
da02,1706845699495030,7.0693188,0.83106625,1.0729276,9,1230
da02,1706845699595019,7.0633574,0.83091897,1.0645889,9,1231
da02,1706845699695156,7.067596,0.83683938,1.0644097,10,1232
da02,1706845699795006,7.0532351,0.84137082,1.0714685,8,1233
da02,1706845699895044,7.0740871,0.82463664,1.0751201,11,1234
da02,1706845699995114,7.0683165,0.83574867,1.0740927,9,1235
da02,1706845700095078,7.0718131,0.83340722,1.0666243,10,1236
da02,1706845700195042,7.0643945,0.83783191,1.0668094,9,1237
da02,1706845700295139,7.0662394,0.83191592,1.0633811,10,1238
da02,1706845700395001,7.0815678,0.81978941,1.0589715,12,1239
da02,1706845700495036,7.08147,0.81161785,1.0699726,9,1240
da02,1706845700594992,7.0753617,0.82667023,1.0789996,8,1241
da02,1706845700694996,7.0764346,0.81941557,1.077072,9,1242
da02,1706845700794968,7.0658875,0.80817521,1.0768133,8,1243
da02,1706845700894976,7.0603909,0.81413335,1.0664591,9,1244
da02,1706845700994978,7.0745625,0.82547045,1.0678257,11,1245
da02,1706845701095024,7.0641923,0.8306675,1.0755578,8,1246
da02,1706845701194996,7.0542431,0.82678694,1.0680238,8,1247
da02,1706845701295122,7.0562849,0.82579225,1.0731438,9,1248
da02,1706845701395066,7.0646825,0.82743967,1.0684512,10,1249
da02,1706845701495042,7.0692964,0.83797044,1.0671059,10,1250
da02,1706845701595084,7.0568342,0.83893579,1.067939,8,1251
da02,1706845701695143,7.0697856,0.82945603,1.0723196,10,1252
da02,1706845701795017,7.0695071,0.82519686,1.0764122,9,1253
da02,1706845701895099,7.0738964,0.8186909,1.0848737,9,1254
da02,1706845701995092,7.0587912,0.82260114,1.0797991,8,1255
da02,1706845702095034,7.0643163,0.82164943,1.0729202,10,1256
da02,1706845702195084,7.0735841,0.81278139,1.0615642,11,1257
da02,1706845702295111,7.0700946,0.81160533,1.0572183,9,1258
da02,1706845702395070,7.0730557,0.82089627,1.0557736,10,1259
da02,1706845702495104,7.0698709,0.83071214,1.0620539,9,1260
da02,1706845702595084,7.0779333,0.83152848,1.0620551,11,1261
da02,1706845702695056,7.0905943,0.82585466,1.0648485,11,1262
da02,1706845702795079,7.0793481,0.82581776,1.0657455,9,1263
da02,1706845702895358,7.0747285,0.82553011,1.0590303,10,1264
da02,1706845702995042,7.065414,0.8329367,1.0732338,8,1265
da02,1706845703095094,7.0716128,0.82375944,1.0808073,9,1266
da02,1706845703195135,7.0681024,0.82800227,1.080678,9,1267
da02,1706845703295056,7.065444,0.832276,1.0847559,8,1268
da02,1706845703395105,7.0608597,0.830215,1.0893255,8,1269
da02,1706845703495099,7.060605,0.82125634,1.084553,9,1270
da02,1706845703595037,7.0675659,0.82214522,1.0790198,10,1271
da02,1706845703695586,7.0696812,0.82346505,1.084694,9,1272
da02,1706845703795074,7.0830512,0.83208537,1.0860841,11,1273
da02,1706845703895088,7.0781446,0.83838338,1.0830773,9,1274
da02,1706845703995086,7.0649171,0.84339,1.0783306,8,1275
da02,1706845704095105,7.0631142,0.83933079,1.08533,8,1276
da02,1706845704195055,7.0717731,0.83468062,1.071173,11,1277
da02,1706845704295636,7.0792756,0.84012586,1.0669435,11,1278
da02,1706845704395072,7.069356,0.83467311,1.0620657,9,1279
da02,1706845704495051,7.0748115,0.83704853,1.0660675,10,1280
da02,1706845704595100,7.0641208,0.83189589,1.0706357,8,1281
da02,1706845704695170,7.0615611,0.84381557,1.0701555,9,1282
da02,1706845704795046,7.0558968,0.84858936,1.0719216,8,1283
da02,1706845704895048,7.0630436,0.85447705,1.0825622,9,1284
da02,1706845704995034,7.0655789,0.84510046,1.0841664,9,1285
da02,1706845705095176,7.0707641,0.84934509,1.0806113,10,1286
da02,1706845705195063,7.0712595,0.84913033,1.0776622,10,1287
da02,1706845705295106,7.06608,0.83765727,1.0770805,8,1288
da02,1706845705395156,7.0788302,0.84197122,1.0792068,11,1289
da02,1706845705495109,7.0824666,0.83092934,1.0801771,10,1290
da02,1706845705595057,7.0829153,0.84687781,1.0792531,10,1291
da02,1706845705695194,7.07782,0.83523607,1.0911819,8,1292
da02,1706845705794986,7.0757403,0.84051132,1.0762938,10,1293
da02,1706845705895096,7.0601039,0.84236437,1.0706569,8,1294
da02,1706845705995132,7.06272,0.82889032,1.074466,9,1295
da02,1706845706095084,7.0718794,0.82300943,1.0781021,10,1296
da02,1706845706195114,7.0745788,0.81718731,1.0600308,11,1297
da02,1706845706295226,7.0631371,0.81999296,1.0647342,8,1298
da02,1706845706395040,7.0860672,0.81542522,1.0673764,12,1299
da02,1706845706495120,7.0786653,0.81540978,1.0673923,9,1300
da02,1706845706595182,7.0641041,0.80739224,1.0673554,7,1301
da02,1706845706695134,7.0681224,0.82024819,1.0744574,9,1302
da02,1706845706795034,7.0606647,0.81674123,1.0693862,8,1303
da02,1706845706895071,7.0663371,0.82660204,1.0666844,10,1304
da02,1706845706995027,7.0795164,0.82774621,1.0668422,11,1305
da02,1706845707095037,7.0823421,0.83515519,1.0783753,9,1306
da02,1706845707195140,7.0715909,0.83539379,1.0758631,8,1307
da02,1706845707295136,7.0820637,0.82458085,1.0735377,11,1308
da02,1706845707395047,7.069891,0.82553041,1.0783676,8,1309
da02,1706845707495118,7.0658116,0.82037479,1.0724883,9,1310
da02,1706845707595001,7.0726032,0.82262135,1.0700576,10,1311
da02,1706845707695139,7.075736,0.82497424,1.0777756,9,1312
da02,1706845707795108,7.0738254,0.83078116,1.0834221,9,1313
da02,1706845707895164,7.0580544,0.82785839,1.0865995,8,1314
da02,1706845707995077,7.0535388,0.81982028,1.0788472,8,1315
da02,1706845708095231,7.0699358,0.82154053,1.0756048,11,1316
da02,1706845708195101,7.0530586,0.83175045,1.0784695,8,1317
da02,1706845708295126,7.0454335,0.833514,1.0785513,8,1318
da02,1706845708395221,7.0566339,0.82645547,1.0779313,10,1319
da02,1706845708495182,7.0584178,0.82854766,1.0789144,9,1320
da02,1706845708595084,7.0593171,0.83387613,1.0759096,9,1321
da02,1706845708695745,7.0697656,0.8252812,1.0723407,10,1322
da02,1706845708795092,7.0668731,0.81903821,1.0748961,8,1323
da02,1706845708895155,7.0676908,0.81932169,1.068751,10,1324
da02,1706845708995056,7.0533371,0.82495511,1.0659845,8,1325
da02,1706845709095172,7.0720568,0.82652479,1.0695794,11,1326
da02,1706845709195124,7.0578012,0.828097,1.0693723,7,1327
da02,1706845709295073,7.0668087,0.83923256,1.0686768,11,1328
da02,1706845709395019,7.0671659,0.83924294,1.0758549,9,1329
da02,1706845709495018,7.0785513,0.83417666,1.0869859,10,1330
da02,1706845709595040,7.0851631,0.8355884,1.087369,10,1331
da02,1706845709695033,7.0751052,0.81999695,1.0774405,9,1332
da02,1706845709795005,7.0901561,0.81128591,1.0642214,12,1333
da02,1706845709895070,7.08664,0.81533694,1.0697981,9,1334
da02,1706845709995029,7.07985,0.81576884,1.0640931,9,1335
da02,1706845710095089,7.0916843,0.8087756,1.0711201,11,1336
da02,1706845710195124,7.0900283,0.8168419,1.0755092,10,1337
da02,1706845710295134,7.08519,0.832892,1.0792388,9,1338
da02,1706845710395130,7.0817242,0.83497077,1.0710672,10,1339
da02,1706845710495129,7.071229,0.82855988,1.0644573,9,1340
da02,1706845710595077,7.0724187,0.83055282,1.0669093,10,1341
da02,1706845710696700,7.0637097,0.83563977,1.0711272,8,1342
da02,1706845710795122,7.0718565,0.828816,1.0734935,10,1343
da02,1706845710895072,7.068645,0.8326425,1.0652308,10,1344
da02,1706845710995075,7.0584893,0.84176248,1.0605465,9,1345
da02,1706845711095094,7.0619645,0.84671164,1.0751641,9,1346
da02,1706845711195126,7.06151,0.82914126,1.0688021,9,1347
da02,1706845711295112,7.1682563,0.81728971,1.0562856,67,1348
da02,1706845711395072,7.1614118,0.81904984,1.0485008,13,1349
da02,1706845711495168,7.1394086,0.81632823,1.0503477,10,1350
da02,1706845711595145,7.1182837,0.8164643,1.0535733,9,1351
da02,1706845711695189,7.1026454,0.82740736,1.0568889,9,1352
da02,1706845711795118,7.0987592,0.82260716,1.063362,10,1353
da02,1706845711895098,7.0880923,0.82642907,1.0623868,9,1354
da02,1706845711995055,7.084384,0.82181114,1.0721152,9,1355
da02,1706845712095170,7.0694237,0.81895947,1.0726712,8,1356
da02,1706845712195149,7.0668464,0.82402658,1.0756239,9,1357
da02,1706845712295089,7.0778627,0.83324927,1.0739101,11,1358
da02,1706845712395146,7.08587,0.83275777,1.0652412,11,1359
da02,1706845712495102,7.0818624,0.83289719,1.0739602,9,1360
da02,1706845712595068,7.0669913,0.83664495,1.0720979,8,1361
da02,1706845712695157,7.0623474,0.83763266,1.0747303,8,1362
da02,1706845712795100,7.065074,0.83251071,1.0707222,10,1363
da02,1706845712895100,7.0711842,0.83810723,1.0646766,11,1364
da02,1706845712995159,7.0654554,0.84099495,1.0660999,9,1365
da02,1706845713095159,7.0635037,0.83984113,1.0654867,9,1366
da02,1706845713195079,7.0721693,0.8282572,1.0617347,11,1367
da02,1706845713295140,7.0759077,0.82443893,1.0560269,11,1368
da02,1706845713395524,7.0660114,0.82696182,1.0604458,8,1369
da02,1706845713495180,7.0548534,0.82465267,1.0697906,7,1370
da02,1706845713595100,7.0551376,0.82912111,1.0637841,10,1371
da02,1706845713695220,7.0665503,0.82735229,1.061229,11,1372
da02,1706845713795090,7.0593243,0.8320955,1.0703077,8,1373
da02,1706845713895162,7.0557327,0.84055233,1.0731624,9,1374
da02,1706845713995178,7.0658526,0.83248925,1.0788025,10,1375
da02,1706845714095207,7.0741253,0.834735,1.0728799,11,1376
da02,1706845714195065,7.0660648,0.84221756,1.068818,9,1377
da02,1706845714295273,7.0603976,0.8474952,1.0630171,9,1378
da02,1706845714395196,7.05052,0.84685588,1.0624789,8,1379
da02,1706845714495156,7.0416169,0.84450293,1.0606081,8,1380
da02,1706845714595348,7.0566406,0.84860826,1.0593913,11,1381
da02,1706845714695266,7.0530233,0.8481555,1.0572195,9,1382
da02,1706845714795125,7.0546913,0.83695996,1.0611677,9,1383
da02,1706845714895292,7.0496297,0.84123957,1.0609248,9,1384
da02,1706845714995208,7.0505242,0.83773959,1.0649641,9,1385
da02,1706845715095182,7.0588307,0.83444834,1.072176,9,1386
da02,1706845715195201,7.0551696,0.83035082,1.0770705,8,1387
da02,1706845715295774,7.0641437,0.8360697,1.0742702,10,1388
da02,1706845715395146,7.0728388,0.83511209,1.0801089,10,1389
da02,1706845715495198,7.0714688,0.82418263,1.0870275,8,1390
da02,1706845715595243,7.0745091,0.82768065,1.0822324,10,1391
da02,1706845715695120,7.0795751,0.82438868,1.0735776,11,1392
da02,1706845715795094,7.070333,0.82326818,1.0657028,9,1393
da02,1706845715895254,7.0748158,0.82586777,1.0693872,10,1394
da02,1706845715995064,7.0616813,0.83353776,1.0770465,8,1395
da02,1706845716095171,7.0532479,0.84461164,1.0739731,8,1396
da02,1706845716195191,7.0563178,0.83843189,1.0759099,9,1397
da02,1706845716295136,7.0525331,0.83296686,1.0774169,8,1398
da02,1706845716395148,7.0623393,0.82681143,1.074706,10,1399
da02,1706845716495257,7.0619054,0.8307178,1.070972,9,1400
da02,1706845716595062,7.0692163,0.83526522,1.0655439,11,1401
da02,1706845716695220,7.0553455,0.83163804,1.0680236,7,1402
da02,1706845716795200,7.05368,0.82938,1.0740197,8,1403
da02,1706845716895186,7.0588984,0.82928163,1.0760971,9,1404
da02,1706845716995129,7.0593977,0.82809168,1.0705724,9,1405
da02,1706845717095286,7.0529928,0.82142252,1.0777999,7,1406
da02,1706845717195103,7.0535231,0.81694466,1.0693344,9,1407
da02,1706845717295201,7.0650363,0.81068116,1.0732073,10,1408
da02,1706845717395189,7.0627279,0.82195437,1.0712413,9,1409
da02,1706845717495112,7.0684857,0.81666362,1.0686003,10,1410
da02,1706845717595117,7.0578461,0.81699306,1.0679935,8,1411
da02,1706845717695128,7.049726,0.82615918,1.0742705,8,1412
da02,1706845717795100,7.0601878,0.82509613,1.0696305,10,1413
da02,1706845717895119,7.0637383,0.8284477,1.0584024,11,1414
da02,1706845717995107,7.0633421,0.8315354,1.0635858,9,1415
da02,1706845718095128,7.0664711,0.83505118,1.0631975,10,1416
da02,1706845718195136,7.07404,0.84474677,1.0741364,10,1417
da02,1706845718295130,7.0634322,0.84441245,1.075061,8,1418
da02,1706845718395096,7.0677786,0.83912951,1.069721,10,1419
da02,1706845718495201,7.076406,0.83445776,1.0705062,10,1420
da02,1706845718595178,7.0801978,0.83132005,1.0668073,10,1421
da02,1706845718695245,7.0664005,0.83930779,1.0588988,9,1422
da02,1706845718795752,7.0711727,0.83423024,1.053202,11,1423
da02,1706845718895188,7.0649772,0.84297067,1.0541421,9,1424
da02,1706845718995237,7.0742807,0.839603,1.0557611,11,1425
da02,1706845719095213,7.0748935,0.82763875,1.0530881,10,1426
da02,1706845719195243,7.0652452,0.82931268,1.0658584,7,1427
da02,1706845719295243,7.0609765,0.83555466,1.063558,9,1428
da02,1706845719395212,7.0735507,0.83631372,1.0630172,11,1429
da02,1706845719495223,7.0776858,0.83079916,1.066986,10,1430
da02,1706845719595272,7.0699062,0.83805883,1.0751549,8,1431
da02,1706845719695268,7.079535,0.83216286,1.0787902,10,1432
da02,1706845719795241,7.0702949,0.83013093,1.0813432,8,1433
da02,1706845719895223,7.0743933,0.83257133,1.0728652,11,1434
da02,1706845719995230,7.0823741,0.838496,1.0755219,11,1435
da02,1706845720095330,7.0536613,0.8230266,1.0741898,7,1436
da02,1706845720195172,7.0634952,0.82464153,1.0675584,11,1437
da02,1706845720295162,7.0604649,0.83014041,1.0703541,9,1438
da02,1706845720395098,7.0579939,0.82227552,1.0750399,8,1439
da02,1706845720495210,7.0454469,0.81996781,1.0813153,8,0
da02,1706845720595133,7.0497117,0.81963933,1.0714006,10,1
da02,1706845720695118,7.05164,0.82714552,1.0743625,9,2
da02,1706845720795179,7.0699515,0.83456224,1.0680373,12,3
da02,1706845720895160,7.0649228,0.83691818,1.0617123,9,4
da02,1706845720995104,7.0608449,0.83445942,1.0696484,8,5
da02,1706845721095224,7.0663648,0.82227373,1.0677024,10,6
da02,1706845721195234,7.0680161,0.82317334,1.0775417,9,7
da02,1706845721295134,7.066236,0.82348025,1.075441,9,8
da02,1706845721395190,7.0723267,0.81217253,1.0773054,9,9
da02,1706845721495156,7.0782747,0.81577706,1.0682225,11,10
da02,1706845721595128,7.0750947,0.81685871,1.0640273,10,11
da02,1706845721695208,7.069407,0.83287436,1.0679657,9,12
da02,1706845721795143,7.0725212,0.83792788,1.0679902,10,13
da02,1706845721895150,7.0721974,0.83863622,1.0778106,9,14
da02,1706845721995228,7.0669732,0.84175277,1.0784143,9,15
da02,1706845722095181,7.0814109,0.84318376,1.0854729,11,16
da02,1706845722195121,7.0812111,0.84039593,1.0858194,9,17
da02,1706845722295248,7.08219,0.84065038,1.0751752,11,18
da02,1706845722395182,7.0905972,0.84127092,1.0718336,11,19
da02,1706845722495158,7.0864015,0.82622135,1.0695586,9,20
da02,1706845722595241,7.0746231,0.82862222,1.0806781,8,21
da02,1706845722695234,7.0767961,0.83431047,1.0861733,9,22
da02,1706845722795144,7.0804181,0.83568823,1.0799954,10,23
da02,1706845722895264,7.0652552,0.83271545,1.0799578,7,24
da02,1706845722995105,7.063581,0.81898761,1.0788904,8,25
da02,1706845723095123,7.0714083,0.81559682,1.0741405,10,26
da02,1706845723195212,7.0664515,0.820035,1.0703977,9,27
da02,1706845723295199,7.072247,0.82644564,1.0712669,10,28
da02,1706845723395130,7.0624752,0.83030927,1.0739547,8,29
da02,1706845723495221,7.0558643,0.83583444,1.0753653,8,30
da02,1706845723595159,7.0463977,0.83656037,1.0765307,8,31
da02,1706845723695132,7.0522,0.84023529,1.0801039,9,32
da02,1706845723795150,7.0534892,0.84374118,1.0774598,9,33
da02,1706845723895181,7.0588284,0.83557075,1.0772462,9,34
da02,1706845723995121,7.0670719,0.82881767,1.0670433,11,35
da02,1706845724095222,7.06878,0.83890015,1.0742165,9,36
da02,1706845724195229,7.0879641,0.82619685,1.0814673,11,37
da02,1706845724295148,7.0906024,0.83675325,1.0733132,11,38
da02,1706845724395192,7.097239,0.84132063,1.0725935,11,39
da02,1706845724495262,7.0853467,0.84522754,1.0776386,8,40
da02,1706845724595169,7.0751514,0.83286393,1.0718323,9,41
da02,1706845724695204,7.0619874,0.835438,1.0777562,8,42
da02,1706845724795205,7.0728669,0.82869935,1.0779275,10,43
da02,1706845724895200,7.0701084,0.83616036,1.0835279,9,44
da02,1706845724995388,7.0897079,0.83240694,1.0783048,12,45
da02,1706845725095258,7.0828314,0.83110046,1.0888289,8,46
da02,1706845725195165,7.0907269,0.83224934,1.0802974,11,47
da02,1706845725295259,7.0835834,0.83438665,1.080007,9,48
da02,1706845725395475,7.071136,0.82620382,1.0734981,8,49
da02,1706845725495338,7.079783,0.81840461,1.0736881,10,50
da02,1706845725595184,7.08236,0.81736732,1.0749892,10,51
da02,1706845725695412,7.0695567,0.830609,1.0741359,8,52
da02,1706845725795278,7.0723567,0.828727,1.0765927,9,53
da02,1706845725895166,7.0751028,0.83555579,1.0758809,10,54
da02,1706845725995280,7.0714717,0.8373155,1.0680665,10,55
da02,1706845726096863,7.0691075,0.840452,1.0677736,9,56
da02,1706845726195171,7.0735192,0.83915859,1.0661054,10,57
da02,1706845726295856,7.0680728,0.83543533,1.0674423,9,58
da02,1706845726395230,7.0571847,0.82914096,1.076775,7,59
da02,1706845726495169,7.0503855,0.83414525,1.0839964,8,60
da02,1706845726595245,7.0649257,0.83044541,1.0706966,12,61
da02,1706845726695304,7.0715971,0.82716417,1.0703709,10,62
da02,1706845726795137,7.0697021,0.8245818,1.0755944,9,63
da02,1706845726895188,7.0650558,0.83352077,1.0698961,9,64
da02,1706845726995264,7.0548005,0.83555567,1.0773506,8,65
da02,1706845727095210,7.0674939,0.82880509,1.0738511,11,66
da02,1706845727195313,7.0695491,0.83523673,1.0716345,10,67
da02,1706845727295230,7.0513806,0.83453405,1.0759825,8,68
da02,1706845727395078,7.054955,0.82871526,1.0653735,10,69
da02,1706845727495331,7.0589938,0.83519167,1.0617661,10,70
da02,1706845727595245,7.0708656,0.83843333,1.0475917,12,71
da02,1706845727695188,7.0630665,0.83228058,1.0472001,9,72
da02,1706845727795276,7.0634317,0.82055771,1.0557648,9,73
da02,1706845727895302,7.067378,0.82156265,1.0617642,9,74
da02,1706845727995132,7.0678477,0.83466923,1.0595083,10,75
da02,1706845728095318,7.0638642,0.82876557,1.0538702,9,76
da02,1706845728195240,7.053997,0.82536048,1.0517581,8,77
da02,1706845728295185,7.0453858,0.82830185,1.0636863,8,78
da02,1706845728395298,7.0546436,0.82552207,1.0656624,10,79
da02,1706845728495343,7.0558882,0.82110804,1.0678505,9,80
da02,1706845728595183,7.0577679,0.83011878,1.0732068,9,81
da02,1706845728695352,7.0598598,0.81859225,1.0687709,9,82
da02,1706845728795422,7.069592,0.82663107,1.0585377,11,83
da02,1706845728895213,7.0651183,0.82610607,1.054196,9,84
da02,1706845728995234,7.0644956,0.8219192,1.0617017,9,85
da02,1706845729095260,7.0638394,0.83113676,1.0637437,9,86
da02,1706845729195155,7.0618515,0.83497965,1.0748192,8,87
da02,1706845729295276,7.0621004,0.82520527,1.0761181,9,88
da02,1706845729395202,7.058589,0.83463091,1.0796131,8,89
da02,1706845729495234,7.0560279,0.83723915,1.0807356,8,90
da02,1706845729595214,7.060647,0.83638996,1.0701447,10,91
da02,1706845729695182,7.0671735,0.83611208,1.0678836,10,92
da02,1706845729795200,7.0715661,0.84294713,1.0711484,10,93
da02,1706845729895198,7.0740066,0.830164,1.064353,10,94
da02,1706845729995196,7.0627446,0.82748467,1.0672563,8,95
da02,1706845730095255,7.0689206,0.81818587,1.0659742,10,96
da02,1706845730195253,7.06537,0.82005364,1.0735993,8,97
da02,1706845730295252,7.07114,0.82124323,1.0708045,10,98
da02,1706845730395263,7.0829377,0.8348791,1.0736496,11,99
da02,1706845730495311,7.07861,0.830063,1.067745,10,100
da02,1706845730595222,7.0870781,0.83287978,1.0789422,10,101
da02,1706845730695188,7.07564,0.82658195,1.075192,8,102
da02,1706845730795336,7.0716758,0.81967789,1.0705204,9,103
da02,1706845730895160,7.0783992,0.82953125,1.0757276,10,104
da02,1706845730995184,7.06563,0.82745647,1.0671591,8,105
da02,1706845731095210,7.0828328,0.82692742,1.0708988,11,106
da02,1706845731195190,7.0902896,0.83288991,1.0631187,12,107
da02,1706845731295251,7.1012917,0.83323884,1.0685928,11,108
da02,1706845731395193,7.1012988,0.819155,1.0726789,10,109
da02,1706845731495188,7.1081915,0.8120811,1.0714297,11,110
da02,1706845731595284,7.1011119,0.80509788,1.0703659,9,111
da02,1706845731695302,7.0974045,0.81367981,1.0874206,9,112
da02,1706845731795217,7.0837512,0.81295556,1.079163,9,113
da02,1706845731895278,7.0677147,0.81786144,1.087693,8,114
da02,1706845731995206,7.0815916,0.82905525,1.0811338,12,115
da02,1706845732095206,7.07921,0.82083672,1.0727367,10,116
da02,1706845732195297,7.0868983,0.82232761,1.0640057,11,117
da02,1706845732295234,7.0663013,0.82411629,1.0720326,8,118
da02,1706845732395214,7.0699487,0.82278579,1.0670954,10,119
da02,1706845732495298,7.0668941,0.82402062,1.0579522,10,120
da02,1706845732595250,7.0588808,0.82590669,1.060481,8,121
da02,1706845732695247,7.0697141,0.82452321,1.0673574,10,122
da02,1706845732795294,7.0666385,0.83087939,1.0637352,9,123
da02,1706845732895333,7.0768433,0.82044476,1.0595518,11,124
da02,1706845732995185,7.0797343,0.82151234,1.0640504,10,125
da02,1706845733095261,7.0688024,0.82927352,1.064131,8,126
da02,1706845733195307,7.07721,0.82482344,1.0656048,10,127
da02,1706845733295240,7.0761418,0.82746,1.0577506,10,128
da02,1706845733395228,7.0842304,0.82537025,1.05854,11,129
da02,1706845733495287,7.0797873,0.83374208,1.0610871,10,130
da02,1706845733595232,7.0833993,0.83674324,1.0640115,10,131
da02,1706845733695245,7.0838623,0.83560616,1.0656562,10,132
da02,1706845733795334,7.0877886,0.82695436,1.0635996,11,133
da02,1706845733895888,7.0803404,0.82252532,1.0728393,8,134
da02,1706845733995199,7.0941758,0.82732689,1.0776706,11,135
da02,1706845734095370,7.080152,0.82536715,1.0804424,8,136
da02,1706845734195338,7.0768371,0.82703495,1.0753109,10,137
da02,1706845734295242,7.0725517,0.82111955,1.0747364,9,138
da02,1706845734395336,7.0710797,0.82717335,1.0759181,9,139
da02,1706845734495352,7.0631003,0.83168143,1.0709535,9,140
da02,1706845734595212,7.0648422,0.82989538,1.0699306,9,141
da02,1706845734695449,7.0692768,0.82333374,1.0730686,9,142
da02,1706845734795348,7.067327,0.81461316,1.0692906,9,143
da02,1706845734895288,7.0661077,0.8167116,1.0665145,9,144
da02,1706845734995291,7.0760036,0.81357193,1.0616117,11,145
da02,1706845735095403,7.0778675,0.82079232,1.0711271,9,146
da02,1706845735195246,7.0768766,0.83288115,1.0772793,9,147
da02,1706845735295447,7.0761232,0.84309196,1.0784657,10,148
da02,1706845735395333,7.0649695,0.84432441,1.0748719,8,149
da02,1706845735495224,7.0797367,0.83545172,1.0709515,11,150
da02,1706845735595333,7.082108,0.84355295,1.0773572,10,151
da02,1706845735695289,7.0688386,0.83640474,1.0766531,8,152
da02,1706845735795238,7.0679626,0.83566022,1.0752096,9,153
da02,1706845735895240,7.07006,0.83027774,1.0731792,10,154
da02,1706845735995300,7.0711932,0.83001083,1.0678957,10,155
da02,1706845736095338,7.0614424,0.82439667,1.0675031,8,156
da02,1706845736195316,7.0615454,0.83303487,1.0642983,10,157
da02,1706845736295274,7.06793,0.82796741,1.0654917,10,158
da02,1706845736395263,7.0804172,0.82239985,1.0665368,11,159
da02,1706845736495264,7.0673361,0.83403069,1.0653307,8,160
da02,1706845736595263,7.0546927,0.8300181,1.0623574,8,161
da02,1706845736695268,7.0722871,0.83218735,1.0651169,11,162
da02,1706845736795283,7.0721121,0.82874167,1.0738269,9,163
da02,1706845736895284,7.0621428,0.82234967,1.0678174,8,164
da02,1706845736995275,7.0477834,0.82079679,1.0699962,7,165
da02,1706845737095334,7.051394,0.82467932,1.0719148,9,166
da02,1706845737195312,7.0475187,0.831527,1.0891367,8,167
da02,1706845737295836,7.0749073,0.84127915,1.0822858,13,168
da02,1706845737395257,7.0836544,0.83759969,1.0787054,11,169
da02,1706845737495233,7.0799632,0.82793766,1.0801446,9,170
da02,1706845737595300,7.0728679,0.82929057,1.0749007,9,171
da02,1706845737695584,7.0630269,0.82687545,1.0710714,8,172
da02,1706845737795314,7.0748711,0.81894112,1.067839,11,173
da02,1706845737895245,7.0720592,0.82514679,1.0720797,9,174
da02,1706845737995264,7.072691,0.82613152,1.070853,10,175
da02,1706845738095256,7.0785632,0.82509273,1.0667979,11,176
da02,1706845738195247,7.0753651,0.820449,1.0656824,9,177
da02,1706845738295308,7.06632,0.82654387,1.0746953,8,178
da02,1706845738395299,7.0707746,0.82160592,1.0704885,10,179
da02,1706845738495234,7.079257,0.831761,1.0730643,11,180
da02,1706845738595275,7.0616913,0.83126712,1.0708901,7,181
da02,1706845738695259,7.0564175,0.83538228,1.0838479,8,182
da02,1706845738795256,7.0524464,0.83973587,1.0748851,9,183
da02,1706845738895273,7.0553074,0.83636761,1.0645571,10,184
da02,1706845738995312,7.0597339,0.83489728,1.0679508,9,185
da02,1706845739095278,7.0565825,0.83120817,1.0574169,9,186
da02,1706845739195352,7.0510569,0.83688658,1.0619166,8,187
da02,1706845739295292,7.0600314,0.83195895,1.0678426,10,188
da02,1706845739395279,7.0589933,0.83676171,1.0706468,9,189
da02,1706845739495286,7.0540996,0.83545017,1.0735034,8,190
da02,1706845739595286,7.0561771,0.83228964,1.0772535,9,191
da02,1706845739695258,7.0769067,0.8328523,1.0713995,12,192
da02,1706845739795291,7.0741954,0.82176912,1.0677545,9,193
da02,1706845739895277,7.0643592,0.824189,1.0716342,8,194
da02,1706845739995288,7.0589862,0.81966579,1.0745488,8,195
da02,1706845740095314,7.0548315,0.82414,1.0754503,8,196
da02,1706845740195287,7.0487137,0.82483107,1.0773451,8,197
da02,1706845740295372,7.0525036,0.82507133,1.0815458,9,198
da02,1706845740395303,7.0575819,0.82984352,1.0742075,10,199
da02,1706845740495282,7.0589261,0.82026774,1.0677636,9,200
da02,1706845740595361,7.0575337,0.81979692,1.0655882,9,201
da02,1706845740695365,7.047976,0.8275407,1.0675393,8,202
da02,1706845740795270,7.0472674,0.83373648,1.0775858,8,203
da02,1706845740895321,7.0430589,0.83090836,1.078586,8,204
da02,1706845740995302,7.0450869,0.83702052,1.0869998,8,205
da02,1706845741095379,7.0540004,0.83474135,1.0752572,10,206
da02,1706845741195338,7.0447078,0.83049148,1.0773997,7,207
da02,1706845741295346,7.0629086,0.83103895,1.0738271,11,208
da02,1706845741395301,7.0744777,0.81340021,1.0774418,10,209
da02,1706845741496954,7.0907044,0.81420356,1.0701188,12,210
da02,1706845741595398,7.0785894,0.82123351,1.0649002,9,211
da02,1706845741695397,7.0732226,0.83287591,1.0633805,9,212
da02,1706845741795302,7.0612078,0.84037513,1.0639327,8,213
da02,1706845741895629,7.0678868,0.83977371,1.0798324,9,214
da02,1706845741995346,7.0717721,0.84276009,1.0741491,10,215
da02,1706845742095330,7.0778279,0.83977759,1.0737635,10,216
da02,1706845742195444,7.0711579,0.84487545,1.0723219,9,217
da02,1706845742295428,7.0775495,0.83013755,1.0688909,10,218
da02,1706845742395461,7.08783,0.83713,1.0669165,12,219
da02,1706845742495432,7.0868645,0.83063096,1.072565,9,220
da02,1706845742595504,7.079977,0.82844371,1.0589777,10,221
da02,1706845742695315,7.0874367,0.83031422,1.0506364,12,222
da02,1706845742795366,7.0735273,0.83026516,1.052543,8,223
da02,1706845742895386,7.0692077,0.82874048,1.0645753,8,224
da02,1706845742995280,7.0831733,0.83122915,1.0667803,11,225
da02,1706845743095396,7.0756955,0.82917356,1.0614234,9,226
da02,1706845743195346,7.0635328,0.83271587,1.0658294,8,227
da02,1706845743295304,7.0697117,0.83413053,1.0622777,10,228
da02,1706845743395370,7.075078,0.83664155,1.0662265,10,229
da02,1706845743495394,7.0764041,0.840015,1.065268,10,230
da02,1706845743595287,7.0602937,0.83569795,1.0553958,8,231
da02,1706845743695400,7.0609035,0.82800949,1.0584642,9,232
da02,1706845743795410,7.0747333,0.82165962,1.0674073,10,233
da02,1706845743895382,7.079751,0.81531882,1.0761617,9,234
da02,1706845743995909,7.0663357,0.81371373,1.0767525,7,235
da02,1706845744095444,7.0857487,0.81217414,1.0761729,12,236
da02,1706845744195315,7.0736847,0.82300663,1.0746394,8,237
da02,1706845744295448,7.0758758,0.82160681,1.0663277,10,238
da02,1706845744395414,7.0764403,0.81372076,1.0733845,9,239
da02,1706845744495356,7.0713458,0.81980276,1.0661174,10,240
da02,1706845744595383,7.0714164,0.82063794,1.0635693,10,241
da02,1706845744695395,7.0725675,0.82346946,1.0696723,9,242
da02,1706845744795275,7.0569377,0.830349,1.063607,8,243
da02,1706845744895462,7.0543666,0.83663619,1.0684291,8,244
da02,1706845744995354,7.05669,0.69638741,1.045011,70,245
da02,1706845745095301,7.0527768,0.72870046,1.0511627,8,246
da02,1706845745195442,7.061471,0.74299157,1.0498016,10,247
da02,1706845745295416,7.0588641,0.75021172,1.0462588,9,248
da02,1706845745395290,7.0570412,0.77093911,1.0570796,8,249
da02,1706845745495351,7.0599055,0.78468949,1.0622647,9,250
da02,1706845745595342,7.0607891,0.80166543,1.0724523,9,251
da02,1706845745695318,7.0764561,0.81241477,1.0720019,11,252
da02,1706845745795346,7.0755835,0.81691164,1.0773296,9,253
da02,1706845745895482,7.0923276,0.81156671,1.0782684,12,254
da02,1706845745995324,7.0851903,0.81744289,1.0715868,10,255
da02,1706845746095331,7.0970392,0.8277002,1.064402,12,256
da02,1706845746195324,7.0962811,0.83215338,1.0778952,9,257
da02,1706845746295429,7.0928693,0.82504374,1.0752634,10,258
da02,1706845746395422,7.0762248,0.817659,1.0712416,8,259
da02,1706845746495388,7.0773916,0.81794286,1.0665021,10,260
da02,1706845746595430,7.0736542,0.81918091,1.0682093,9,261
da02,1706845746695443,7.0786028,0.81271291,1.0715822,10,262
da02,1706845746795378,7.08027,0.81764871,1.0637774,11,263
da02,1706845746895392,7.0766273,0.81601703,1.0599903,10,264
da02,1706845746995317,7.0802836,0.81966704,1.0709991,9,265
da02,1706845747095332,7.095366,0.81848341,1.0776409,11,266
da02,1706845747195384,7.0794063,0.82479161,1.0700896,9,267
da02,1706845747295364,7.0696597,0.81072152,1.0719908,8,268
da02,1706845747395320,7.0608492,0.82260364,1.0770359,8,269
da02,1706845747495384,7.0515847,0.83077866,1.0761914,8,270
da02,1706845747595349,7.0522857,0.83517367,1.0716939,9,271
da02,1706845747695334,7.0670323,0.83602804,1.0691192,11,272
da02,1706845747795510,7.0656929,0.84297425,1.0583075,10,273
da02,1706845747895322,7.0664721,0.83425444,1.0579834,9,274
da02,1706845747995299,7.0733037,0.82069266,1.0516081,11,275
da02,1706845748095384,7.0789852,0.81870943,1.0667838,9,276
da02,1706845748195372,7.0737238,0.8407132,1.0616902,10,277
da02,1706845748295906,7.0895185,0.84844017,1.0654101,12,278
da02,1706845748395417,7.0815244,0.84648812,1.0729342,8,279
da02,1706845748495359,7.0642495,0.837022,1.0790639,7,280
da02,1706845748595367,7.0703797,0.82833749,1.0769154,10,281
da02,1706845748695412,7.0559454,0.818982,1.0692694,8,282
da02,1706845748795349,7.0526962,0.81465757,1.0686353,8,283
da02,1706845748895340,7.0612335,0.81414878,1.0801089,9,284
da02,1706845748995442,7.0700154,0.81271517,1.0764542,10,285
da02,1706845749095921,7.0436921,0.82423037,1.084138,9,286
da02,1706845749195336,7.0676632,0.81667483,1.0809186,12,287
da02,1706845749295332,7.08633,0.81814986,1.075539,12,288
da02,1706845749395297,7.0798445,0.82753754,1.0765028,9,289
da02,1706845749495320,7.0791993,0.831605,1.0853332,9,290
da02,1706845749595363,7.0745311,0.83332896,1.0672452,10,291
da02,1706845749695442,7.0664907,0.83438742,1.0699726,8,292
da02,1706845749795334,7.071569,0.83119124,1.0780356,9,293
da02,1706845749895368,7.065114,0.82755315,1.0787144,8,294
da02,1706845749995356,7.0599179,0.70530838,1.047909,70,295
da02,1706845750095360,7.070117,0.73561347,1.0496784,11,296
da02,1706845750195331,7.0623679,0.764091,1.055442,8,297
da02,1706845750295377,7.0660391,0.78970712,1.0562021,10,298
da02,1706845750395322,7.0781388,0.80127937,1.0482972,12,299
da02,1706845750495360,7.0689359,0.8028816,1.0522082,8,300
da02,1706845750595355,7.0513368,0.80550539,1.0496109,7,301
da02,1706845750695445,7.0613418,0.81296593,1.0522108,10,302
da02,1706845750795324,7.0603051,0.82319421,1.0717984,8,303
da02,1706845750895484,7.0572782,0.83092648,1.0718125,9,304
da02,1706845750995445,7.0592566,0.83382112,1.0685171,10,305
da02,1706845751095350,7.0576658,0.83662331,1.0759281,8,306
da02,1706845751195492,7.0653353,0.83362824,1.0801214,10,307
da02,1706845751295818,7.0550218,0.8345772,1.0770295,8,308
da02,1706845751395369,7.0484333,0.83527339,1.0782118,8,309
da02,1706845751495484,7.0633249,0.837918,1.0798388,11,310
da02,1706845751595729,7.0729938,0.8392027,1.0723423,11,311
da02,1706845751695392,7.0773206,0.68779969,1.0481673,70,312
da02,1706845751795477,7.0874772,0.71729314,1.0497792,11,313
da02,1706845751895546,7.0842381,0.74639237,1.0507047,10,314
da02,1706845751995428,7.086503,0.76150566,1.0557226,10,315
da02,1706845752095376,7.0837679,0.78703362,1.0549917,10,316
da02,1706845752195431,7.06992,0.80405372,1.0669885,8,317
da02,1706845752295676,7.0614471,0.81510466,1.0621684,9,318
da02,1706845752395283,7.06738,0.82049572,1.0646368,10,319
da02,1706845752495442,7.0607038,0.8273747,1.0677066,8,320
da02,1706845752595310,7.0651107,0.816943,1.0665228,10,321
da02,1706845752695540,7.0736518,0.81744772,1.0656502,11,322
da02,1706845752795430,7.0804095,0.8185516,1.0701823,10,323
da02,1706845752895361,7.0722218,0.81212664,1.0645589,9,324
da02,1706845752995436,7.0797753,0.81317186,1.0549816,11,325
da02,1706845753095447,7.0806494,0.82508314,1.0524662,11,326
da02,1706845753195308,7.0689588,0.81807536,1.0562809,8,327
da02,1706845753295528,7.0582008,0.81805187,1.0587541,8,328
da02,1706845753395504,7.0531225,0.82074261,1.0555891,9,329
da02,1706845753495404,7.0387821,0.81731325,1.0607495,7,330
da02,1706845753595362,7.0577445,0.8185488,1.0581654,11,331
da02,1706845753695412,7.0490565,0.81689,1.0611628,8,332
da02,1706845753795366,7.0568509,0.8274734,1.0584229,10,333
da02,1706845753895415,7.05706,0.82852811,1.0669587,8,334
da02,1706845753995413,7.0542831,0.82223994,1.0617816,9,335
da02,1706845754095368,7.0489864,0.82722712,1.0592388,9,336
da02,1706845754195476,7.0698771,0.83271319,1.0657326,11,337
da02,1706845754295348,7.0887508,0.82829422,1.0696689,12,338
da02,1706845754395325,7.085916,0.83224225,1.0688076,10,339
da02,1706845754495339,7.0779471,0.84180945,1.0718302,9,340
da02,1706845754595352,7.0752549,0.83033007,1.0849682,8,341
da02,1706845754695323,7.0709429,0.82621193,1.0816342,9,342
da02,1706845754795326,7.06188,0.82973307,1.0865897,8,343
da02,1706845754895344,7.0713644,0.81919605,1.0745167,11,344
da02,1706845754995456,7.079433,0.82370061,1.0652668,11,345
da02,1706845755095331,7.0780163,0.81303084,1.0684053,9,346
da02,1706845755195350,7.0900559,0.82690614,1.0695219,12,347
da02,1706845755295462,7.0862083,0.82636136,1.0647957,10,348
da02,1706845755395371,7.0924826,0.82945174,1.0601726,11,349
da02,1706845755495344,7.0964804,0.82804745,1.05318,12,350
da02,1706845755595434,7.0944443,0.82833374,1.0596322,10,351
da02,1706845755695424,7.0876627,0.82250333,1.0613567,9,352
da02,1706845755795354,7.0829887,0.81435907,1.0702244,8,353
da02,1706845755895441,7.0833392,0.80568194,1.0763922,9,354
da02,1706845755995350,7.0850277,0.80899459,1.0698187,10,355
da02,1706845756095328,7.0820789,0.81100732,1.0708202,9,356
da02,1706845756195439,7.0758986,0.8218202,1.070497,9,357
da02,1706845756295392,7.0709085,0.82704222,1.0605326,10,358
da02,1706845756395377,7.072546,0.8301568,1.0653803,10,359
da02,1706845756495467,7.0720153,0.82198286,1.0712016,9,360
da02,1706845756595353,7.0559058,0.82207137,1.0677323,7,361
da02,1706845756695398,7.060864,0.82787651,1.0777044,9,362
da02,1706845756795493,7.0643997,0.82028973,1.080161,9,363
da02,1706845756897026,7.0745587,0.82634264,1.075047,11,364
da02,1706845756995393,7.0734148,0.82471919,1.0840247,8,365
da02,1706845757095488,7.0783019,0.82599187,1.0674039,11,366
da02,1706845757195416,7.0658584,0.82894951,1.0596014,9,367
da02,1706845757295366,7.0495777,0.83884346,1.06198,8,368
da02,1706845757395428,7.0474005,0.83781576,1.0608169,9,369
da02,1706845757495314,7.05828,0.84398252,1.0552539,11,370
da02,1706845757595393,7.0604668,0.83872765,1.0594876,9,371
da02,1706845757695452,7.0663519,0.83301806,1.0560118,10,372
da02,1706845757795388,7.046587,0.84065223,1.0675287,9,373
da02,1706845757895512,7.0532727,0.83248949,1.0721803,9,374
da02,1706845757995462,7.0543661,0.833462,1.0700469,9,375
da02,1706845758095373,7.0616317,0.83802629,1.06681,10,376
da02,1706845758195380,7.0653968,0.84971386,1.0586588,11,377
da02,1706845758295449,7.0584774,0.84775037,1.0680083,8,378
da02,1706845758395423,7.0739312,0.84884679,1.0669345,11,379
da02,1706845758495385,7.0660744,0.84376329,1.072814,8,380
da02,1706845758595441,7.0713348,0.83603805,1.0681041,10,381
da02,1706845758695530,7.0625997,0.834515,1.0729432,8,382
da02,1706845758795454,7.0582747,0.83682418,1.0694728,9,383
da02,1706845758895509,7.0505762,0.83173543,1.0696936,8,384
da02,1706845758995390,7.0352583,0.83152765,1.0723948,8,385
da02,1706845759095406,7.0477748,0.83057505,1.0715829,10,386
da02,1706845759195436,7.046845,0.82973605,1.06975,9,387
da02,1706845759296454,7.0445657,0.83279383,1.0725164,8,388
da02,1706845759395406,7.0432873,0.831418,1.0669554,9,389
da02,1706845759495453,7.0435348,0.82697725,1.069001,8,390
da02,1706845759595541,7.049747,0.82781655,1.075364,9,391
da02,1706845759695409,7.0709081,0.82945359,1.0740006,12,392
da02,1706845759795444,7.0706367,0.8315562,1.0770953,9,393
da02,1706845759895365,7.0574708,0.83230662,1.06986,8,394
da02,1706845759995361,7.0624743,0.83416861,1.0648017,10,395
da02,1706845760095479,7.0622368,0.8448711,1.0599794,10,396
da02,1706845760195458,7.0541091,0.84725285,1.0527414,9,397
da02,1706845760295370,7.0523715,0.84148914,1.057712,8,398
da02,1706845760395460,7.0523357,0.82930315,1.0624717,8,399
da02,1706845760495424,7.0560188,0.8243137,1.075213,8,400
da02,1706845760595398,7.0610914,0.8217476,1.0769655,9,401
da02,1706845760695498,7.0630341,0.817188,1.0754057,9,402
da02,1706845760795443,7.0613637,0.81791854,1.0662069,10,403
da02,1706845760895467,7.0707374,0.82375085,1.0710024,10,404
da02,1706845760995415,7.0692248,0.83624858,1.0705191,10,405
da02,1706845761095493,7.0610714,0.83131266,1.073673,8,406
da02,1706845761195410,7.0570421,0.83993226,1.0795032,8,407
da02,1706845761295424,7.0560656,0.83787853,1.07926,9,408
da02,1706845761395423,7.0655589,0.84205025,1.0821785,10,409
da02,1706845761495408,7.0636888,0.83387983,1.0791891,9,410
da02,1706845761595389,7.0633593,0.83225369,1.0780839,9,411
da02,1706845761695540,7.0742245,0.82930082,1.0802916,10,412
da02,1706845761795468,7.0809278,0.82297349,1.075974,10,413
da02,1706845761895638,7.0713854,0.81986111,1.0819575,8,414
da02,1706845761995728,7.0587974,0.82389235,1.0759547,8,415
da02,1706845762095516,7.0559788,0.81835717,1.0733552,8,416
da02,1706845762195384,7.0537014,0.82429326,1.0746262,8,417
da02,1706845762295533,7.039639,0.83834344,1.0719287,8,418
da02,1706845762395512,7.0458083,0.82734597,1.0787889,8,419
da02,1706845762495486,7.046587,0.82284331,1.0734432,9,420
da02,1706845762595506,7.0533638,0.81351382,1.0748782,9,421
da02,1706845762695530,7.0563321,0.81958437,1.0780393,9,422
da02,1706845762795374,7.0516806,0.82518005,1.0787334,8,423
da02,1706845762895829,7.0475435,0.82229149,1.0746377,8,424
da02,1706845762995551,7.03703,0.829449,1.0676402,8,425
da02,1706845763095546,7.0488977,0.69917518,1.0461955,70,426
da02,1706845763195535,7.0573549,0.72304678,1.0545707,9,427
da02,1706845763295435,7.0696959,0.74738449,1.0664433,10,428
da02,1706845763395484,7.0685821,0.77008468,1.0603434,10,429
da02,1706845763495462,7.0590086,0.785409,1.066378,8,430
da02,1706845763595428,7.0530305,0.79249549,1.0615853,9,431
da02,1706845763695521,7.0398731,0.79392338,1.060434,7,432
da02,1706845763795434,7.0370717,0.80475718,1.069577,8,433
da02,1706845763895459,7.048759,0.80859214,1.0752749,9,434
da02,1706845763995478,7.0567741,0.81226432,1.0698816,10,435
da02,1706845764095429,7.0597053,0.81568336,1.0718662,9,436
da02,1706845764195400,7.0656948,0.81789428,1.08115,9,437
da02,1706845764295516,7.0736489,0.82189775,1.0766447,11,438
da02,1706845764395434,7.07048,0.81911224,1.0850817,8,439
da02,1706845764495389,7.0657172,0.82484949,1.0869323,8,440
da02,1706845764595484,7.0685515,0.83425695,1.0718775,11,441
da02,1706845764695483,7.0707603,0.83668488,1.0742568,10,442
da02,1706845764795421,7.0679064,0.83399111,1.0719297,9,443
da02,1706845764895502,7.0783968,0.83328044,1.0675238,11,444
da02,1706845764995390,7.068296,0.8298049,1.0804529,7,445
da02,1706845765095428,7.0675383,0.83186138,1.0746335,10,446
da02,1706845765195483,7.07387,0.83119255,1.0792378,10,447
da02,1706845765295477,7.0664897,0.82571137,1.0740722,9,448
da02,1706845765395429,7.0726361,0.83262742,1.0682365,11,449
da02,1706845765495538,7.077446,0.82548571,1.0599408,11,450
da02,1706845765595425,7.0870028,0.83213073,1.0611427,11,451
da02,1706845765695479,7.0699549,0.821417,1.0657535,7,452
da02,1706845765795532,7.0543189,0.8249737,1.0685331,8,453
da02,1706845765895396,7.0646758,0.8310172,1.0596714,11,454
da02,1706845765995400,7.0635428,0.84061182,1.0581276,10,455
da02,1706845766095516,7.0722952,0.84637374,1.0630119,11,456
da02,1706845766195488,7.0817313,0.83917987,1.0635372,11,457
da02,1706845766295420,7.0709076,0.82869017,1.0605041,8,458
da02,1706845766395503,7.0597372,0.82147765,1.068105,7,459
da02,1706845766495443,7.0569973,0.82068741,1.0661348,9,460
da02,1706845766595610,7.059166,0.81824636,1.0693194,9,461
da02,1706845766695508,7.0770569,0.831948,1.0703321,12,462
da02,1706845766795426,7.0695248,0.83334243,1.0757964,8,463
da02,1706845766895470,7.0589375,0.83255881,1.067922,8,464
da02,1706845766995396,7.0459886,0.83672184,1.0674514,8,465
da02,1706845767095452,7.048605,0.83141094,1.0636659,9,466
da02,1706845767195374,7.0517321,0.82629383,1.0639689,9,467
da02,1706845767295476,7.0639315,0.82856375,1.0662215,10,468
da02,1706845767395460,7.0761194,0.83178693,1.0702127,11,469
da02,1706845767495458,7.0802579,0.71657586,1.0491313,70,470
da02,1706845767595385,7.0634356,0.75383478,1.0555867,8,471
da02,1706845767695562,7.0646291,0.77633405,1.0626042,9,472
da02,1706845767795442,7.06184,0.78455633,1.0685883,8,473
da02,1706845767895566,7.0603232,0.80240238,1.0639821,10,474
da02,1706845767995514,7.0584908,0.81196755,1.0683501,9,475
da02,1706845768095502,7.055676,0.8139044,1.0690607,8,476
da02,1706845768195454,7.0568304,0.82543832,1.0758294,9,477
da02,1706845768295522,7.0593891,0.82367778,1.0783515,9,478
da02,1706845768399084,7.0640769,0.8175962,1.0679991,10,479
da02,1706845768495554,7.0684886,0.82873845,1.0649689,10,480
da02,1706845768595432,7.0691547,0.83285981,1.0759172,9,481
da02,1706845768695470,7.0685859,0.83269006,1.0681354,10,482
da02,1706845768795424,7.0697732,0.82201874,1.0826097,8,483
da02,1706845768895504,7.0694542,0.82299918,1.0814122,9,484
da02,1706845768995443,7.0729294,0.83129549,1.0757037,10,485
da02,1706845769095458,7.077949,0.82966757,1.075891,10,486
da02,1706845769195530,7.0814228,0.82207423,1.0766382,10,487
da02,1706845769295480,7.0733113,0.81433916,1.0894029,7,488
da02,1706845769395516,7.0717764,0.81425279,1.0843875,9,489
da02,1706845769495514,7.0574465,0.8278271,1.0834519,8,490
da02,1706845769595519,7.055892,0.83476156,1.0830187,9,491
da02,1706845769695472,7.0498142,0.83695871,1.0779191,8,492
da02,1706845769795550,7.0624928,0.83656245,1.0766841,10,493
da02,1706845769895570,7.0628886,0.83167392,1.072752,9,494
da02,1706845769995420,7.0585508,0.83130223,1.0720333,9,495
da02,1706845770095615,7.0553322,0.82875717,1.0745707,8,496
da02,1706845770195556,7.0615807,0.83290792,1.08255,9,497
da02,1706845770296025,7.0476618,0.83391309,1.0877219,8,498
da02,1706845770395594,7.0601244,0.83391184,1.0815736,11,499
da02,1706845770495554,7.0660634,0.82820773,1.0873487,9,500
da02,1706845770595409,7.0631819,0.83094591,1.0869226,9,501
da02,1706845770695659,7.0600009,0.82519472,1.0768112,9,502
da02,1706845770795520,7.0600615,0.835087,1.0744047,9,503
da02,1706845770895457,7.0622654,0.82724416,1.0659379,10,504
da02,1706845770995550,7.0552788,0.81291837,1.068127,8,505
da02,1706845771095556,7.0508628,0.82124889,1.0793014,8,506
da02,1706845771195410,7.0570574,0.83068526,1.0760946,10,507
da02,1706845771295564,7.0622,0.82951307,1.0797532,9,508
da02,1706845771395534,7.0518646,0.83444893,1.0792074,8,509
da02,1706845771495460,7.068675,0.83365887,1.0724633,12,510
da02,1706845771595487,7.0696025,0.84293991,1.0734247,10,511
da02,1706845771695468,7.0567288,0.83968443,1.0705431,8,512
da02,1706845771795448,7.0551696,0.83065891,1.0604092,9,513
da02,1706845771895486,7.0427327,0.83898449,1.0657135,8,514
da02,1706845771995524,7.0441895,0.83718,1.0654147,9,515
da02,1706845772095506,7.051765,0.83398271,1.0768774,9,516
da02,1706845772195610,7.0460448,0.83146948,1.0770082,8,517
da02,1706845772297150,7.0587196,0.84319794,1.0810692,10,518
da02,1706845772395504,7.0642033,0.84042996,1.0787261,10,519
da02,1706845772495617,7.0709734,0.84027785,1.0744101,10,520
da02,1706845772595556,7.0774889,0.84084988,1.0875078,9,521
da02,1706845772695521,7.0848227,0.83688539,1.0839376,11,522
da02,1706845772795590,7.0694041,0.82837325,1.0835851,7,523
da02,1706845772895634,7.0810905,0.823054,1.0866005,10,524
da02,1706845772995455,7.0801477,0.82950807,1.0743053,10,525
da02,1706845773095594,7.065352,0.83116978,1.066421,8,526
da02,1706845773195582,7.0648479,0.83877927,1.0725121,9,527
da02,1706845773295474,7.0699735,0.8337369,1.0785277,9,528
da02,1706845773395589,7.0677042,0.8314029,1.0761805,9,529
da02,1706845773495633,7.0673108,0.8172707,1.0816523,8,530
da02,1706845773595512,7.0666356,0.83129179,1.0899521,9,531
da02,1706845773695612,7.0685067,0.83741575,1.0902606,9,532
da02,1706845773795522,7.0588307,0.842681,1.0834161,8,533
da02,1706845773895513,7.0622845,0.845329,1.0725595,10,534
da02,1706845773995541,7.0519824,0.84295738,1.072708,8,535
da02,1706845774095484,7.0611577,0.8350845,1.0653054,10,536
da02,1706845774195558,7.0663452,0.83843893,1.0694184,10,537
da02,1706845774295578,7.0730448,0.83395839,1.0632699,11,538
da02,1706845774395538,7.0749192,0.83345985,1.0729647,9,539
da02,1706845774495598,7.0774713,0.83544832,1.0655341,11,540
da02,1706845774595448,7.0710917,0.82928795,1.0659475,9,541
da02,1706845774695484,7.0656838,0.83957678,1.0699778,9,542
da02,1706845774795546,7.0628791,0.8405897,1.0742632,9,543
da02,1706845774895493,7.0730433,0.83965456,1.0764087,10,544
da02,1706845774995465,7.0771604,0.84225023,1.0799406,10,545
da02,1706845775095553,7.08196,0.83379126,1.0763279,10,546
da02,1706845775195586,7.0748076,0.82875693,1.0830362,8,547
da02,1706845775295486,7.0817142,0.824436,1.0797837,10,548
da02,1706845775395500,7.0835333,0.81552446,1.0764208,10,549
da02,1706845775495524,7.0860219,0.81112772,1.0705462,10,550
da02,1706845775595474,7.0887723,0.8247177,1.0637014,11,551
da02,1706845775695512,7.0754266,0.81747735,1.0581926,9,552
da02,1706845775795483,7.0747566,0.82522953,1.0608482,10,553
da02,1706845775895510,7.07642,0.81458509,1.0634807,9,554
da02,1706845775995470,7.0786653,0.81334317,1.0748316,9,555
da02,1706845776095530,7.0671983,0.82606059,1.0784993,8,556
da02,1706845776195464,7.0529137,0.83336288,1.0744015,8,557
da02,1706845776295508,7.0656018,0.83314008,1.072366,11,558
da02,1706845776395624,7.064147,0.82459652,1.0684009,9,559
da02,1706845776495655,7.0575037,0.83114439,1.0760607,8,560
da02,1706845776595506,7.0537615,0.82945722,1.0679189,9,561
da02,1706845776695694,7.0653911,0.8354342,1.0668672,11,562
da02,1706845776795576,7.0628138,0.82738578,1.0724821,8,563
da02,1706845776895620,7.0596886,0.82477152,1.0666809,9,564
da02,1706845776995458,7.0719452,0.819987,1.064185,11,565
da02,1706845777095505,7.065371,0.82025146,1.072486,8,566
da02,1706845777195568,7.0657797,0.81977278,1.0796404,9,567
da02,1706845777295552,7.0649471,0.82058132,1.0742768,9,568
da02,1706845777395466,7.0608325,0.824467,1.0759976,8,569
da02,1706845777495477,7.0612087,0.82517165,1.0794858,9,570
da02,1706845777595454,7.0640154,0.83542806,1.0821182,9,571
da02,1706845777695490,7.0710874,0.82079881,1.0720778,10,572
da02,1706845777795482,7.07699,0.82034951,1.0663133,11,573
da02,1706845777895561,7.0656428,0.82507175,1.0612307,9,574
da02,1706845777995480,7.0572543,0.82184547,1.0590675,8,575
da02,1706845778095495,7.0486336,0.82268149,1.0705289,8,576
da02,1706845778195647,7.0428481,0.82822484,1.0716133,8,577
da02,1706845778295572,7.0336456,0.82818842,1.0749673,8,578
da02,1706845778395528,7.0351334,0.82572,1.0680834,9,579
da02,1706845778495654,7.0407586,0.82719624,1.0780109,8,580
da02,1706845778595635,7.0569806,0.82141238,1.0739976,11,581
da02,1706845778695540,7.060267,0.81878209,1.0825174,8,582
da02,1706845778795656,7.0690503,0.80756074,1.0744791,10,583
da02,1706845778895685,7.0546947,0.82012308,1.0842754,8,584
da02,1706845778995588,7.0576639,0.82638133,1.0906848,9,585
da02,1706845779095690,7.0549083,0.83369565,1.0849317,9,586
da02,1706845779195662,7.0591297,0.82764536,1.0841823,9,587
da02,1706845779295547,7.0559096,0.81588143,1.088115,8,588
da02,1706845779395610,7.0484,0.81750047,1.086787,7,589
da02,1706845779495592,7.0537786,0.82033628,1.0897536,9,590
da02,1706845779595601,7.0674033,0.82338762,1.0836152,11,591
da02,1706845779695683,7.0733013,0.83196294,1.0795504,10,592
da02,1706845779795520,7.0732903,0.82709408,1.081551,9,593
da02,1706845779895590,7.0781035,0.83436561,1.079051,10,594
da02,1706845779995522,7.09142,0.82947206,1.0841872,11,595
da02,1706845780095519,7.0854125,0.82223332,1.079425,9,596
da02,1706845780195545,7.0856051,0.83446252,1.0740147,11,597
da02,1706845780295541,7.0863419,0.82978487,1.0741832,10,598
da02,1706845780395490,7.0825963,0.83143049,1.0782816,9,599
da02,1706845780495548,7.0835195,0.83906025,1.079996,10,600
da02,1706845780595530,7.07696,0.84394169,1.0815575,9,601
da02,1706845780695532,7.0683904,0.83680981,1.071336,9,602
da02,1706845780795533,7.0603676,0.836191,1.0795444,7,603
da02,1706845780895602,7.0724907,0.82630342,1.0731419,11,604
da02,1706845780995555,7.0670595,0.81718373,1.0688733,9,605
da02,1706845781095566,7.0735211,0.82134748,1.0677068,10,606
da02,1706845781195679,7.0793991,0.83002019,1.0759917,10,607
da02,1706845781296104,7.0805845,0.82421315,1.0714608,10,608
da02,1706845781395519,7.067246,0.82567269,1.068462,8,609
da02,1706845781495578,7.0602169,0.83160323,1.073338,8,610
da02,1706845781595595,7.0630879,0.82836664,1.06863,10,611
da02,1706845781695494,7.0616755,0.83268809,1.0605386,10,612
da02,1706845781795608,7.056107,0.83237189,1.0697292,8,613
da02,1706845781895653,7.0561757,0.82927078,1.0657274,9,614
da02,1706845781995482,7.0649347,0.83302635,1.065026,10,615
da02,1706845782095655,7.0647726,0.82568157,1.0591849,10,616
da02,1706845782195600,7.0635252,0.81900263,1.0585151,9,617
da02,1706845782295502,7.0578594,0.82285231,1.0696269,8,618
da02,1706845782395630,7.0666442,0.82451081,1.0641363,11,619
da02,1706845782495610,7.0583405,0.82208812,1.0816762,8,620
da02,1706845782595476,7.0582023,0.82339293,1.0802373,9,621
da02,1706845782695912,7.0530195,0.83133382,1.0891391,8,622
da02,1706845782795619,7.07105,0.83205628,1.0848395,11,623
da02,1706845782895539,7.0691214,0.83944416,1.086326,9,624
da02,1706845782995554,7.070004,0.84279007,1.0861174,9,625
da02,1706845783095847,7.0684352,0.84077704,1.0888549,9,626
da02,1706845783195644,7.0780997,0.83349067,1.0801133,11,627
da02,1706845783295604,7.0753527,0.82976514,1.0739927,10,628
da02,1706845783395643,7.0750828,0.83177274,1.0844146,9,629
da02,1706845783495527,7.0756474,0.8359682,1.0802346,10,630
da02,1706845783595632,7.0956807,0.83824223,1.0798706,12,631
da02,1706845783695647,7.08039,0.84108418,1.0745822,9,632
da02,1706845783795506,7.0655613,0.83977371,1.0742251,8,633
da02,1706845783895768,7.0594468,0.83281714,1.0872173,7,634
da02,1706845783995628,7.0613265,0.83150238,1.0800328,10,635
da02,1706845784095563,7.060813,0.83122426,1.0766213,9,636
da02,1706845784195814,7.0717735,0.81239283,1.0794744,10,637
da02,1706845784295677,7.060298,0.81488395,1.0803065,7,638
da02,1706845784395574,7.0555005,0.81642669,1.0810724,8,639
da02,1706845784496198,7.0717654,0.82207489,1.0681012,12,640
da02,1706845784595668,7.0744829,0.84172457,1.069541,10,641
da02,1706845784695582,7.0676441,0.83632863,1.0586095,9,642
da02,1706845784795563,7.1847663,0.8274551,1.0384179,67,643
da02,1706845784895567,7.1664472,0.82688123,1.0430828,11,644
da02,1706845784995636,7.1505165,0.81853569,1.0484279,10,645
da02,1706845785095621,7.1261168,0.8240245,1.0643035,8,646
da02,1706845785195558,7.1177139,0.8308965,1.0733372,10,647
da02,1706845785295550,7.1168337,0.83203024,1.080024,10,648
da02,1706845785395558,7.0974016,0.835368,1.0702415,9,649
da02,1706845785495614,7.0879736,0.82285345,1.0847131,7,650
da02,1706845785595559,7.0857339,0.825503,1.0879962,9,651
da02,1706845785696020,7.0853438,0.81968105,1.0838896,10,652
da02,1706845785795742,7.0823045,0.81787086,1.0885988,9,653
da02,1706845785895619,7.0692329,0.824671,1.08106,8,654
da02,1706845785995599,7.0559154,0.83631015,1.0900486,8,655
da02,1706845786095630,7.0599127,0.82850271,1.0838865,9,656
da02,1706845786195534,7.05716,0.823666,1.0848439,8,657
da02,1706845786295644,7.0641475,0.82462966,1.0923009,9,658
da02,1706845786395580,7.0676208,0.8193838,1.0863453,10,659
da02,1706845786495644,7.0728097,0.82186085,1.0807223,10,660
da02,1706845786595560,7.0829821,0.81104243,1.0836904,10,661
da02,1706845786695588,7.0904593,0.81643468,1.0788053,11,662
da02,1706845786795607,7.0827327,0.815469,1.0704978,9,663
da02,1706845786895562,7.0814691,0.818121,1.0717643,10,664
da02,1706845786995539,7.07975,0.82089329,1.0668344,10,665
da02,1706845787095613,7.069056,0.81313449,1.0574777,9,666
da02,1706845787195798,7.0688491,0.82083821,1.0602261,9,667
da02,1706845787295583,7.0801377,0.83133674,1.0534946,12,668
da02,1706845787395560,7.0725989,0.8322596,1.0500826,9,669
da02,1706845787495607,7.0552106,0.83079976,1.0640007,8,670
da02,1706845787595535,7.0622911,0.8325969,1.0725491,9,671
da02,1706845787697133,7.0536265,0.82629657,1.07509,7,672
da02,1706845787795536,7.0551653,0.81946391,1.070444,9,673
da02,1706845787895532,7.0545864,0.82702935,1.0701336,9,674
da02,1706845787995529,7.05236,0.825578,1.0693513,9,675
da02,1706845788095554,7.0566354,0.8342275,1.0754714,9,676
da02,1706845788195473,7.0678616,0.84309256,1.0750796,11,677
da02,1706845788295506,7.06636,0.84705675,1.0699806,10,678
da02,1706845788395445,7.0591955,0.844607,1.0837691,8,679
da02,1706845788495539,7.0561104,0.84395373,1.0862432,8,680
da02,1706845788595507,7.0454521,0.84154826,1.080826,8,681
da02,1706845788699314,7.0595164,0.84521133,1.0817603,10,682
da02,1706845788795501,7.0732102,0.84392208,1.0791349,11,683
da02,1706845788895488,7.0670409,0.84091872,1.0716921,9,684
da02,1706845788995527,7.0742168,0.84289664,1.0695963,11,685
da02,1706845789095566,7.0653505,0.85006219,1.0799086,8,686
da02,1706845789195515,7.0604877,0.83948559,1.0756222,9,687
da02,1706845789295536,7.0601091,0.84172088,1.0709795,9,688
da02,1706845789395560,7.0572886,0.83470124,1.075519,8,689
da02,1706845789495516,7.0609155,0.8283996,1.0771227,9,690
da02,1706845789595536,7.0548511,0.82435811,1.070689,8,691
da02,1706845789695623,7.0481014,0.81674612,1.0726463,7,692
da02,1706845789795520,7.0471244,0.81607068,1.0619226,9,693
da02,1706845789895782,7.0474949,0.81890941,1.0584248,9,694
da02,1706845789995615,7.0580473,0.82448441,1.0619199,10,695
da02,1706845790095602,7.0663481,0.82829,1.065591,10,696
da02,1706845790195611,7.0845523,0.82758856,1.0657009,12,697
da02,1706845790295642,7.0761428,0.81589329,1.062615,9,698
da02,1706845790395542,7.0646944,0.8186239,1.0715272,7,699
da02,1706845790496131,7.0584617,0.81622332,1.076169,8,700
da02,1706845790595593,7.0545626,0.81369156,1.07795,8,701
da02,1706845790696068,7.0594783,0.82312924,1.0770842,10,702
da02,1706845790795560,7.0725765,0.816881,1.0737449,11,703
da02,1706845790896068,7.0665307,0.82278508,1.0797731,8,704
da02,1706845790995658,7.06311,0.82948792,1.0809332,9,705
da02,1706845791095584,7.0698724,0.82005173,1.0900213,9,706
da02,1706845791195634,7.0650415,0.81587082,1.0825657,9,707
da02,1706845791295680,7.0478783,0.82779419,1.090636,9,708
da02,1706845791395604,7.0550756,0.84309691,1.0807029,10,709
da02,1706845791495560,7.0690732,0.84303969,1.0838109,10,710
da02,1706845791595672,7.0602245,0.83385128,1.0729181,9,711
da02,1706845791695544,7.0745111,0.834653,1.0746068,11,712
da02,1706845791795638,7.0502334,0.83104825,1.077376,8,713
da02,1706845791895584,7.050478,0.83714831,1.0822732,8,714
da02,1706845791995583,7.0649371,0.83602631,1.0742314,11,715
da02,1706845792095596,7.0672588,0.83988029,1.0742953,10,716
da02,1706845792195566,7.0638909,0.82658768,1.0794015,8,717
da02,1706845792296095,7.0611672,0.82909739,1.0681807,10,718
da02,1706845792395693,7.0603552,0.82646948,1.0618339,9,719
da02,1706845792495568,7.0750661,0.82540745,1.0624877,11,720
da02,1706845792595793,7.0745893,0.8244378,1.0656786,9,721
da02,1706845792695696,7.0699978,0.82344562,1.0513759,10,722
da02,1706845792795567,7.0754285,0.82081711,1.051754,10,723
da02,1706845792895562,7.0536661,0.81471092,1.0588595,7,724
da02,1706845792995677,7.0566015,0.81827044,1.0615028,9,725
da02,1706845793095602,7.0545673,0.8227101,1.0702226,8,726
da02,1706845793195578,7.056004,0.83210874,1.0690881,9,727
da02,1706845793295800,7.072813,0.8385939,1.07059,11,728
da02,1706845793395714,7.0579748,0.83858538,1.0770756,8,729
da02,1706845793495518,7.051806,0.83715236,1.0813862,8,730
da02,1706845793595582,7.046052,0.83499753,1.0769508,8,731
da02,1706845793695668,7.0487075,0.82674634,1.0697443,9,732
da02,1706845793795541,7.0669928,0.82595688,1.0822363,10,733
da02,1706845793895598,7.073276,0.81365895,1.0834551,9,734
da02,1706845793995637,7.0659528,0.818169,1.0790143,9,735
da02,1706845794095532,7.0678692,0.81229407,1.0721959,10,736
da02,1706845794195647,7.0730686,0.81205893,1.0686901,10,737
da02,1706845794295655,7.0638571,0.81882995,1.0665085,8,738
da02,1706845794395551,7.0745988,0.8203705,1.0681882,11,739
da02,1706845794495688,7.0754113,0.81961244,1.0617639,10,740
da02,1706845794595647,7.0618167,0.82370585,1.0608096,8,741
da02,1706845794695552,7.0626731,0.8273257,1.0561181,10,742
da02,1706845794795698,7.0623865,0.81646311,1.0600119,9,743
da02,1706845794895605,7.0586524,0.813909,1.0617468,8,744
da02,1706845794995568,7.0588222,0.81688291,1.0663384,9,745
da02,1706845795095945,7.0523334,0.82757151,1.0755719,8,746
da02,1706845795195598,7.0546737,0.81443089,1.0663941,9,747
da02,1706845795295556,7.0551562,0.81241864,1.0659519,9,748
da02,1706845795395694,7.0604029,0.81627274,1.0597466,10,749
da02,1706845795495638,7.0617256,0.81379819,1.0679647,9,750
da02,1706845795595604,7.0630865,0.81390607,1.0607551,10,751
da02,1706845795695719,7.0694551,0.81323022,1.0676669,10,752
da02,1706845795795604,7.0662742,0.80925041,1.069993,9,753
da02,1706845795895592,7.0759463,0.81918019,1.0677878,11,754
da02,1706845795995653,7.0623817,0.813274,1.0621554,8,755
da02,1706845796095633,7.0642309,0.82056564,1.064782,9,756
da02,1706845796195590,7.0701404,0.83056682,1.0671215,10,757
da02,1706845796295662,7.0716486,0.82754332,1.0750462,9,758
da02,1706845796395668,7.0673618,0.8304252,1.0815026,8,759
da02,1706845796495640,7.0631666,0.82248914,1.0834012,8,760
da02,1706845796595646,7.0644631,0.8255899,1.082731,9,761
da02,1706845796695634,7.0524645,0.82922459,1.0848236,8,762
da02,1706845796795586,7.0498114,0.83908713,1.0895951,8,763
da02,1706845796895593,7.0410671,0.83979577,1.0813092,8,764
da02,1706845796995598,7.0518208,0.832696,1.0720283,10,765
da02,1706845797095579,7.0551929,0.83285314,1.0755358,9,766
da02,1706845797195583,7.050396,0.8377791,1.072745,8,767
da02,1706845797295607,7.0540948,0.83892745,1.0730085,9,768
da02,1706845797395562,7.0690103,0.82159036,1.0734671,10,769
da02,1706845797495613,7.0578756,0.81989408,1.0778422,7,770
da02,1706845797595605,7.0479722,0.81907207,1.0689961,8,771
da02,1706845797695573,7.0515175,0.82450372,1.0715309,9,772
da02,1706845797795623,7.0513887,0.835649,1.0714009,9,773
da02,1706845797895606,7.0442014,0.8352918,1.0766946,8,774
da02,1706845797995576,7.0471029,0.84037703,1.0776589,9,775
da02,1706845798095586,7.0496979,0.84165186,1.071095,9,776
da02,1706845798195614,7.0597606,0.83824944,1.0627848,11,777
da02,1706845798295579,7.0662489,0.82773179,1.0694633,9,778
da02,1706845798395606,7.0671134,0.832526,1.070631,9,779
da02,1706845798495601,7.0735435,0.83397269,1.0693879,10,780
da02,1706845798595598,7.0652719,0.84082925,1.0723914,8,781
da02,1706845798695614,7.0672312,0.83715057,1.0696796,10,782
da02,1706845798795619,7.0656652,0.83284241,1.069187,9,783
da02,1706845798895561,7.0785513,0.83846074,1.0619435,12,784
da02,1706845798995602,7.07454,0.833509,1.0568719,10,785
da02,1706845799095610,7.0726385,0.83083534,1.0682912,9,786
da02,1706845799195580,7.0804715,0.82562065,1.0697767,10,787
da02,1706845799295636,7.069562,0.81882626,1.0793022,7,788
da02,1706845799395619,7.0675588,0.81012923,1.0698597,9,789
da02,1706845799495589,7.0662274,0.81670886,1.0680199,9,790
da02,1706845799595621,7.0630641,0.81375861,1.0647275,9,791
da02,1706845799695662,7.0659389,0.81529808,1.0759987,9,792
da02,1706845799795608,7.0592346,0.82385451,1.0751822,8,793
da02,1706845799895624,7.0564575,0.83250368,1.0785331,8,794
da02,1706845799995630,7.06175,0.83087689,1.081582,9,795
da02,1706845800095624,7.0780678,0.82803071,1.0716189,12,796
da02,1706845800195668,7.0586634,0.8205474,1.0717547,7,797
da02,1706845800295653,7.0480728,0.82770813,1.0735167,8,798
da02,1706845800395676,7.0486007,0.82722473,1.0719537,9,799
da02,1706845800495634,7.0557857,0.83255714,1.070889,10,800
da02,1706845800595639,7.0570936,0.82825327,1.073527,9,801
da02,1706845800695582,7.1780763,0.83370459,1.060697,67,802
da02,1706845800795648,7.1440196,0.84251595,1.0638635,9,803
da02,1706845800895622,7.1117234,0.84236741,1.0620106,8,804
da02,1706845800995607,7.1128049,0.83805847,1.0642889,11,805
da02,1706845801095664,7.1069217,0.84553742,1.0685554,10,806
da02,1706845801195642,7.0979509,0.84892464,1.0645227,10,807
da02,1706845801295626,7.089797,0.8450501,1.0661119,9,808
da02,1706845801395646,7.085278,0.83728284,1.0704219,9,809
da02,1706845801495658,7.0922279,0.83390397,1.0643691,11,810
da02,1706845801595653,7.0812926,0.83448905,1.0647688,9,811
da02,1706845801695628,7.0693502,0.83074516,1.0672663,8,812
da02,1706845801795641,7.0649862,0.82572341,1.0748327,8,813
da02,1706845801895595,7.046536,0.82211506,1.0834898,8,814
da02,1706845801995636,7.0573168,0.82803762,1.0772994,10,815
da02,1706845802095599,7.0562172,0.83231103,1.0787069,9,816
da02,1706845802195624,7.0449004,0.82566154,1.0781875,7,817
da02,1706845802295676,7.0519705,0.82468587,1.0698929,10,818
da02,1706845802395651,7.0523462,0.82082021,1.0740548,8,819
da02,1706845802495616,7.0464392,0.82386845,1.0718132,8,820
da02,1706845802595648,7.0460329,0.83660793,1.0750546,9,821
da02,1706845802695619,7.0427589,0.84125108,1.0817304,8,822
da02,1706845802795610,7.052753,0.83076531,1.0740227,10,823
da02,1706845802895607,7.0620337,0.83116949,1.0691103,10,824
da02,1706845802995604,7.0594935,0.82722974,1.0651983,9,825
da02,1706845803097193,7.0639548,0.83139116,1.0730474,9,826
da02,1706845803195622,7.0577641,0.83480722,1.0725993,8,827
da02,1706845803296141,7.0597048,0.83107859,1.0748795,9,828
da02,1706845803395616,7.0543375,0.8259601,1.0738401,8,829
da02,1706845803495605,7.0594096,0.82559735,1.0756012,9,830
da02,1706845803595613,7.0704775,0.8261739,1.0766855,10,831
da02,1706845803695603,7.0589395,0.82559627,1.0771687,8,832
da02,1706845803795637,7.0498171,0.83005136,1.0741364,8,833
da02,1706845803895614,7.0554342,0.84143478,1.0674623,10,834
da02,1706845803995622,7.0577412,0.84955621,1.064064,10,835
da02,1706845804095604,7.0672717,0.84597141,1.0703508,10,836
da02,1706845804195605,7.0721784,0.84105879,1.0673189,10,837
da02,1706845804295599,7.0682654,0.83354056,1.0632156,9,838
da02,1706845804395609,7.0729547,0.827196,1.071893,9,839
da02,1706845804495609,7.0675774,0.83093923,1.0732361,9,840
da02,1706845804595612,7.0659184,0.828249,1.0642952,10,841
da02,1706845804695670,7.0630622,0.83108079,1.0582554,10,842
da02,1706845804795682,7.0597606,0.83417779,1.0695758,8,843
da02,1706845804895631,7.0666142,0.82656276,1.0725256,10,844
da02,1706845804995649,7.0564084,0.82660943,1.0792664,7,845
da02,1706845805095649,7.0495386,0.824779,1.0860548,7,846
da02,1706845805195680,7.0531363,0.82507873,1.0804921,9,847
da02,1706845805295697,7.0731988,0.82110667,1.0671544,12,848
da02,1706845805395613,7.0609374,0.82406664,1.0669408,8,849
da02,1706845805495620,7.063271,0.82088184,1.0583129,10,850
da02,1706845805595630,7.0837331,0.82732356,1.0553223,13,851
da02,1706845805695670,7.0871792,0.82555747,1.0675488,10,852
da02,1706845805795687,7.0729251,0.82604486,1.0562576,9,853
da02,1706845805895646,7.0619512,0.82327366,1.0608284,8,854
da02,1706845805995630,7.0727844,0.8240782,1.0628768,11,855
da02,1706845806095655,7.0731082,0.83314967,1.0665264,10,856
da02,1706845806195625,7.0761619,0.83179158,1.0671817,10,857
da02,1706845806295654,7.0696273,0.8325606,1.0641327,9,858
da02,1706845806395652,7.0578961,0.83188361,1.0670695,8,859
da02,1706845806495624,7.04604,0.83201188,1.0830851,8,860
da02,1706845806595624,7.0578556,0.82458293,1.0834348,10,861
da02,1706845806695620,7.0574884,0.82339972,1.0797914,9,862
da02,1706845806795795,7.0556026,0.8261683,1.0888016,8,863
da02,1706845806895646,7.0383582,0.82137889,1.0824957,7,864
da02,1706845806995620,7.0463219,0.81992608,1.0778756,9,865
da02,1706845807095629,7.0684485,0.81681341,1.0737513,12,866
da02,1706845807195627,7.0609455,0.81191528,1.0681646,8,867
da02,1706845807295629,7.0649347,0.82545519,1.0809753,9,868
da02,1706845807395604,7.066925,0.82780987,1.0844253,9,869
da02,1706845807495644,7.0721688,0.83485568,1.085277,10,870
da02,1706845807595667,7.074295,0.83420271,1.0780984,10,871
da02,1706845807695617,7.0808177,0.83673036,1.07755,10,872
da02,1706845807795630,7.0663528,0.83055604,1.0719091,8,873
da02,1706845807895638,7.06358,0.82149518,1.0717795,9,874
da02,1706845807995672,7.062223,0.81734043,1.0710391,9,875
da02,1706845808095670,7.0638533,0.81498855,1.0750972,9,876
da02,1706845808195668,7.0687885,0.82075876,1.0770744,10,877
da02,1706845808295689,7.0702662,0.82057631,1.0776682,9,878
da02,1706845808395671,7.0733109,0.81975281,1.0723706,10,879
da02,1706845808495692,7.07545,0.82812393,1.0675056,10,880
da02,1706845808595679,7.0738435,0.81977051,1.060078,10,881
da02,1706845808695634,7.0698152,0.82175916,1.0526892,10,882
da02,1706845808795641,7.0713062,0.82887471,1.0516062,10,883
da02,1706845808895628,7.0679245,0.82732582,1.0649226,8,884
da02,1706845808995643,7.074616,0.82407546,1.0681421,10,885
da02,1706845809095628,7.0805326,0.83855259,1.0606668,11,886
da02,1706845809195652,7.0743876,0.8405906,1.064894,9,887
da02,1706845809295648,7.0760703,0.83060545,1.0678908,9,888
da02,1706845809395659,7.0634336,0.83308667,1.0654649,8,889
da02,1706845809495649,7.0731835,0.82768327,1.0666052,10,890
da02,1706845809595648,7.0797691,0.8221612,1.0608939,11,891
da02,1706845809695694,7.0718584,0.83123368,1.0678169,8,892
da02,1706845809796086,7.066083,0.82795662,1.0735047,8,893
da02,1706845809895661,7.0802937,0.81797987,1.0596645,12,894
da02,1706845809995659,7.0731497,0.81952733,1.0664074,8,895
da02,1706845810095640,7.0700693,0.81957382,1.0781248,8,896
da02,1706845810195656,7.0563107,0.82288378,1.0757812,7,897
da02,1706845810295651,7.0707097,0.83390105,1.0730919,11,898
da02,1706845810395671,7.0795183,0.82080179,1.072358,10,899
da02,1706845810495646,7.0957336,0.81300914,1.0677409,12,900
da02,1706845810595645,7.0846252,0.82253247,1.0708621,9,901
da02,1706845810695651,7.0883188,0.81599069,1.0784795,10,902
da02,1706845810795654,7.0844989,0.81847507,1.0818244,9,903
da02,1706845810895655,7.07819,0.82148713,1.0741788,9,904
da02,1706845810995665,7.079608,0.82233155,1.0677366,10,905
da02,1706845811095661,7.0737581,0.82402,1.0611638,10,906
da02,1706845811195660,7.0684886,0.83271837,1.0601178,9,907
da02,1706845811295691,7.0531,0.84122956,1.0707494,8,908
da02,1706845811395912,7.0499325,0.84621394,1.0810529,8,909
da02,1706845811495738,7.041254,0.84056956,1.0848709,8,910
da02,1706845811595821,7.0325956,0.82843494,1.0896852,7,911
da02,1706845811695706,7.0365682,0.83038729,1.0837559,9,912
da02,1706845811795889,7.0513706,0.83157897,1.0889153,10,913
da02,1706845811895706,7.0499544,0.82444924,1.1010301,7,914
da02,1706845811995661,7.0564365,0.827428,1.1019353,9,915
da02,1706845812095664,7.0494943,0.82991147,1.0968912,8,916
da02,1706845812195669,7.0415845,0.83435315,1.0934137,8,917
da02,1706845812295970,7.04184,0.83074152,1.0805799,9,918
da02,1706845812395602,7.0413785,0.82198262,1.0743325,8,919
da02,1706845812495602,7.0519962,0.82267272,1.0716285,10,920
da02,1706845812595631,7.0630779,0.82025474,1.0666742,11,921
da02,1706845812695629,7.0643678,0.82500958,1.074353,9,922
da02,1706845812795654,7.0587926,0.83265,1.0729775,9,923
da02,1706845812895640,7.0565763,0.83423841,1.0802461,8,924
da02,1706845812995633,7.0603905,0.828072,1.0768847,9,925
da02,1706845813095629,7.0561595,0.83576971,1.0686957,9,926
da02,1706845813195686,7.0560355,0.84296447,1.0724128,9,927
da02,1706845813295741,7.0664296,0.83729923,1.0765767,10,928
da02,1706845813395678,7.0715122,0.83682817,1.0689294,11,929
da02,1706845813495679,7.0669365,0.83443105,1.0709676,9,930
da02,1706845813595658,7.0680881,0.83270121,1.0713487,9,931
da02,1706845813695648,7.0739145,0.83221614,1.0719348,10,932
da02,1706845813795670,7.0844278,0.83042687,1.0755105,11,933
da02,1706845813895664,7.0839477,0.82485467,1.0776052,9,934
da02,1706845813995838,7.0757217,0.83484113,1.0717777,9,935
da02,1706845814095667,7.0727696,0.83259892,1.0735737,9,936
da02,1706845814195653,7.0724635,0.8313908,1.0657406,10,937
da02,1706845814296243,7.0710578,0.83163017,1.056728,10,938
da02,1706845814395716,7.0768232,0.83742452,1.0576937,11,939
da02,1706845814495724,7.0723453,0.84125507,1.0616988,9,940
da02,1706845814595824,7.0652924,0.8365975,1.0657722,8,941
da02,1706845814695734,7.0696721,0.8261773,1.0579497,10,942
da02,1706845814795692,7.0734653,0.832105,1.0701779,9,943
da02,1706845814895672,7.0683417,0.83431226,1.0654073,9,944
da02,1706845814995688,7.0768104,0.83196479,1.0676286,10,945
da02,1706845815095681,7.0706139,0.82555217,1.0671675,9,946
da02,1706845815195672,7.0634665,0.830962,1.0554812,10,947
da02,1706845815295737,7.0662827,0.82825214,1.0576885,10,948
da02,1706845815395722,7.0621943,0.83094,1.0687793,8,949
da02,1706845815495703,7.0566339,0.846338,1.0746306,8,950
da02,1706845815595702,7.0611238,0.84205604,1.0689842,10,951
da02,1706845815695733,7.0740819,0.83629817,1.0742543,10,952
da02,1706845815795751,7.0705252,0.8258397,1.0694731,9,953
da02,1706845815895686,7.0697236,0.82063282,1.0687374,9,954
da02,1706845815995724,7.0690675,0.82009465,1.0692432,9,955
da02,1706845816095689,7.0666423,0.82038271,1.0753973,8,956
da02,1706845816196131,7.0644035,0.82321012,1.0796895,8,957
da02,1706845816295707,7.0645437,0.82569873,1.0965348,8,958
da02,1706845816395781,7.0609484,0.82453907,1.1002592,8,959
da02,1706845816495774,7.061645,0.82595628,1.1029012,8,960
da02,1706845816595753,7.0718246,0.82463121,1.087849,11,961
da02,1706845816695765,7.0754533,0.83301085,1.0716534,11,962
da02,1706845816795702,7.0698023,0.83718961,1.0710406,9,963
da02,1706845816895752,7.0782771,0.83603978,1.0660702,11,964
da02,1706845816995802,7.0605111,0.83821464,1.0656937,8,965
da02,1706845817095784,7.05937,0.84037113,1.0648664,9,966
da02,1706845817195746,7.0612845,0.83601916,1.0666969,9,967
da02,1706845817296016,7.0523024,0.84040213,1.0771221,8,968
da02,1706845817395860,7.05632,0.8390525,1.0742297,9,969
da02,1706845817495689,7.0623384,0.84064871,1.0784899,9,970
da02,1706845817595692,7.070744,0.83934075,1.0736,11,971
da02,1706845817695720,7.0695128,0.829991,1.0742157,9,972
da02,1706845817795657,7.0773535,0.82691449,1.0649343,11,973
da02,1706845817895735,7.0696397,0.836326,1.0663682,9,974
da02,1706845817995713,7.0716376,0.83494377,1.0614626,10,975
da02,1706845818095702,7.0536947,0.83145982,1.0545075,8,976
da02,1706845818195650,7.0612631,0.82637835,1.0632582,9,977
da02,1706845818295699,7.0675812,0.8319568,1.0638144,10,978
da02,1706845818395695,7.0687075,0.82184768,1.0669491,9,979
da02,1706845818497281,7.0681958,0.82778889,1.0624943,10,980
da02,1706845818595764,7.0712271,0.83331668,1.0700605,9,981
da02,1706845818695758,7.0694714,0.82697093,1.0708621,9,982
da02,1706845818795820,7.0646276,0.82782507,1.0665329,9,983
da02,1706845818895776,7.070456,0.83489656,1.0680605,10,984
da02,1706845818995731,7.0628014,0.82730556,1.0732155,8,985
da02,1706845819095855,7.0607429,0.8292532,1.0645857,10,986
da02,1706845819195802,7.0643353,0.81682044,1.0765117,8,987
da02,1706845819295733,7.0688605,0.8157714,1.0787102,9,988
da02,1706845819395815,7.0608168,0.8148331,1.0794603,8,989
da02,1706845819495822,7.0582395,0.81191814,1.0822202,8,990
da02,1706845819595702,7.0534959,0.81908453,1.0791117,8,991
da02,1706845819695816,7.0652909,0.82091892,1.076856,10,992
da02,1706845819796331,7.0623069,0.82025832,1.0761951,9,993
da02,1706845819895714,7.049325,0.82555938,1.0830103,8,994
da02,1706845819995786,7.0464029,0.83081216,1.0790262,8,995
da02,1706845820095824,7.0554261,0.82064432,1.0902069,8,996
da02,1706845820195654,7.0475049,0.82828009,1.078094,9,997
da02,1706845820295862,7.046299,0.82506359,1.0687385,9,998
da02,1706845820395810,7.0434008,0.82889628,1.0731046,8,999
da02,1706845820495692,7.0538154,0.83193243,1.0769975,10,1000
da02,1706845820595781,7.0441928,0.82766795,1.073503,7,1001
da02,1706845820695822,7.0609808,0.8292802,1.070114,11,1002
da02,1706845820795662,7.0648093,0.82664156,1.0659331,10,1003
da02,1706845820895836,7.0703459,0.8242752,1.070855,10,1004
da02,1706845820995772,7.0783315,0.823317,1.0713567,10,1005
da02,1706845821095712,7.0769153,0.82867175,1.0552446,11,1006
da02,1706845821195720,7.0753856,0.81639647,1.0546806,9,1007
da02,1706845821295716,7.0727077,0.80639195,1.0606953,9,1008
da02,1706845821395714,7.0606961,0.80517435,1.0596151,8,1009
da02,1706845821495732,7.0633984,0.81073624,1.0666263,9,1010
da02,1706845821595704,7.0727539,0.81241691,1.0667784,10,1011
da02,1706845821695765,7.0736609,0.81170344,1.0702852,9,1012
da02,1706845821795904,7.0654087,0.82081658,1.0681407,9,1013
da02,1706845821895833,7.0605121,0.81865048,1.0709376,8,1014
da02,1706845821995721,7.070682,0.81159782,1.0716908,10,1015
da02,1706845822095824,7.0750914,0.81717259,1.066313,10,1016
da02,1706845822195795,7.0687361,0.82711649,1.0729283,8,1017
da02,1706845822295717,7.0617695,0.8290205,1.0690281,9,1018
da02,1706845822395859,7.0687232,0.83315909,1.0740334,10,1019
da02,1706845822495843,7.0801458,0.83379328,1.0692006,11,1020
da02,1706845822595693,7.0672579,0.83577663,1.0765219,8,1021
da02,1706845822695840,7.063539,0.822808,1.0683463,9,1022
da02,1706845822795810,7.0618439,0.81529671,1.0739425,8,1023
da02,1706845822895955,7.178524,0.80595565,1.0593332,67,1024
da02,1706845822995769,7.1384325,0.81188667,1.0675871,8,1025
da02,1706845823095765,7.1162395,0.82322115,1.0662707,9,1026
da02,1706845823195719,7.1054149,0.82615596,1.0695996,9,1027
da02,1706845823295799,7.1022515,0.830313,1.0689793,10,1028
da02,1706845823395733,7.0838008,0.8353985,1.0771025,8,1029
da02,1706845823495832,7.0815825,0.825924,1.0834976,9,1030
da02,1706845823595708,7.0833559,0.82234389,1.0696355,11,1031
da02,1706845823695784,7.0679936,0.836493,1.0753185,8,1032
da02,1706845823795726,7.0620122,0.83298916,1.0835955,8,1033
da02,1706845823895815,7.0601435,0.8345319,1.0841079,9,1034
da02,1706845823995780,7.06642,0.83394766,1.0807285,10,1035
da02,1706845824095920,7.0494304,0.83209944,1.0796686,8,1036
da02,1706845824195740,7.055016,0.82761651,1.0730255,10,1037
da02,1706845824295808,7.0578551,0.83658248,1.0685294,10,1038
da02,1706845824395899,7.059103,0.82640737,1.0714008,9,1039
da02,1706845824495843,7.054606,0.82295966,1.0585531,9,1040
da02,1706845824595776,7.0481687,0.82316107,1.0708829,7,1041
da02,1706845824695863,7.04826,0.82534796,1.0655031,9,1042
da02,1706845824795814,7.0511093,0.819838,1.0711679,8,1043
da02,1706845824895775,7.0504541,0.82390952,1.073666,8,1044
da02,1706845824995821,7.0590811,0.83045059,1.0743625,10,1045
da02,1706845825095788,7.07182,0.82841641,1.0648715,11,1046
da02,1706845825195783,7.0825582,0.82121283,1.0708083,10,1047
da02,1706845825296415,7.0878749,0.82064611,1.0723732,10,1048
da02,1706845825395774,7.0938797,0.816223,1.0592881,12,1049
da02,1706845825495798,7.0906677,0.8146525,1.0530688,10,1050
da02,1706845825595848,7.09449,0.83061987,1.062575,11,1051
da02,1706845825695800,7.0814414,0.83347344,1.066837,8,1052
da02,1706845825795765,7.0886822,0.82388961,1.0646632,11,1053
da02,1706845825895874,7.0763245,0.827023,1.0579971,9,1054
da02,1706845825995731,7.0616708,0.83441883,1.0649908,8,1055
da02,1706845826095812,7.0737815,0.82795233,1.0680881,11,1056
da02,1706845826195871,7.0683022,0.82476586,1.0720077,8,1057
da02,1706845826295821,7.0655141,0.83445734,1.0645425,10,1058
da02,1706845826395744,7.0678911,0.82638288,1.06308,10,1059
da02,1706845826495890,7.0605474,0.81792313,1.0673845,8,1060
da02,1706845826595746,7.0597129,0.829203,1.0724765,9,1061
da02,1706845826695878,7.043663,0.82584506,1.0932692,8,1062
da02,1706845826795890,7.04955,0.82174039,1.0907198,9,1063
da02,1706845826895836,7.0623469,0.81951827,1.0920541,10,1064
da02,1706845826995774,7.055481,0.8202157,1.100571,8,1065
da02,1706845827095792,7.059536,0.819826,1.0890548,10,1066
da02,1706845827195767,7.0555353,0.82943803,1.0930526,8,1067
da02,1706845827295772,7.0586004,0.8397572,1.0891501,9,1068
da02,1706845827395842,7.0560541,0.83999753,1.0837191,9,1069
da02,1706845827495796,7.049202,0.83937085,1.0794246,8,1070
da02,1706845827595740,7.0527754,0.84273183,1.0777098,9,1071
da02,1706845827695784,7.0551519,0.838854,1.0845726,8,1072
da02,1706845827795860,7.0604014,0.83606428,1.0774883,10,1073
da02,1706845827895803,7.0502605,0.8318767,1.0777185,7,1074
da02,1706845827995784,7.0653787,0.84256077,1.0690401,12,1075
da02,1706845828095824,7.0734367,0.83813387,1.070622,10,1076
da02,1706845828196020,7.0593781,0.82525223,1.0601301,8,1077
da02,1706845828295794,7.0591455,0.8156805,1.0571507,9,1078
da02,1706845828396129,7.0626307,0.81826258,1.0620348,9,1079
da02,1706845828495904,7.0840635,0.82122296,1.0628995,12,1080
da02,1706845828595774,7.064693,0.81397986,1.061807,7,1081
da02,1706845828695930,7.0489693,0.8129822,1.070304,8,1082
da02,1706845828795892,7.06496,0.81791925,1.0649936,11,1083
da02,1706845828895887,7.0639381,0.81951565,1.0698221,9,1084
da02,1706845828995894,7.0592461,0.82774216,1.0754805,8,1085
da02,1706845829095856,7.0650649,0.82403535,1.0666084,10,1086
da02,1706845829195760,7.0649161,0.83979756,1.0683756,10,1087
da02,1706845829295932,7.0754943,0.82709682,1.0743265,10,1088
da02,1706845829395905,7.0733247,0.82489592,1.0886357,8,1089
da02,1706845829495812,7.0696354,0.83399743,1.1009352,8,1090
da02,1706845829595812,7.0743208,0.83282107,1.0916648,10,1091
da02,1706845829695818,7.0675173,0.83062381,1.0945072,8,1092
da02,1706845829795796,7.0731006,0.83103383,1.0882539,10,1093
da02,1706845829895816,7.0722518,0.83500254,1.0847241,9,1094
da02,1706845829995872,7.06742,0.8365286,1.0725327,10,1095
da02,1706845830095812,7.0676579,0.83614737,1.0707877,9,1096
da02,1706845830195791,7.0594893,0.8327117,1.0769899,8,1097
da02,1706845830295904,7.0579557,0.82912993,1.0725079,9,1098
da02,1706845830395810,7.0613708,0.82760531,1.0721449,9,1099
da02,1706845830496008,7.0592752,0.82971036,1.0817201,8,1100
da02,1706845830595911,7.0565958,0.82918,1.0694933,9,1101
da02,1706845830695813,7.0562077,0.82383454,1.071013,9,1102
da02,1706845830795945,7.0634027,0.82925242,1.0757985,10,1103
da02,1706845830895951,7.0626664,0.83478349,1.0725262,9,1104
da02,1706845830995840,7.0643682,0.84124023,1.0664552,10,1105
da02,1706845831095970,7.0688124,0.83856493,1.0726064,9,1106
da02,1706845831195948,7.0668521,0.83274275,1.0786101,8,1107
da02,1706845831295876,7.060307,0.83653009,1.0819958,8,1108
da02,1706845831395961,7.0508595,0.83703268,1.0926571,8,1109
da02,1706845831495950,7.049509,0.83641297,1.0911255,8,1110
da02,1706845831595829,7.0597215,0.82752484,1.0832405,10,1111
da02,1706845831695949,7.0496531,0.8311016,1.0800401,8,1112
da02,1706845831795928,7.0535493,0.83277524,1.0819107,9,1113
da02,1706845831895860,7.0633388,0.83642876,1.074796,11,1114
da02,1706845831995828,7.0707536,0.83469313,1.0680131,11,1115
da02,1706845832095814,7.0594788,0.8349672,1.0728003,7,1116
da02,1706845832195834,7.0676813,0.84244359,1.0808451,10,1117
da02,1706845832295840,7.0546627,0.85313487,1.0757303,8,1118
da02,1706845832395780,7.05574,0.8519578,1.0710605,9,1119
da02,1706845832495829,7.0574136,0.8447541,1.0640626,10,1120
da02,1706845832595811,7.05511,0.84706354,1.0698175,8,1121
da02,1706845832695803,7.0622592,0.84379274,1.0614069,11,1122
da02,1706845832795817,7.0604315,0.83476615,1.0725384,8,1123
da02,1706845832895818,7.1851807,0.83088803,1.050028,67,1124
da02,1706845832995815,7.1541457,0.82702386,1.0540932,9,1125
da02,1706845833095948,7.1121206,0.83099043,1.0593411,8,1126
da02,1706845833195801,7.099719,0.82784581,1.0624813,9,1127
da02,1706845833295834,7.0999761,0.82636988,1.0640253,10,1128
da02,1706845833395881,7.0756254,0.83314192,1.0690314,8,1129
da02,1706845833495854,7.0879121,0.84013844,1.0681884,12,1130
da02,1706845833596048,7.0875859,0.84115982,1.0671448,10,1131
da02,1706845833695866,7.0801558,0.8366046,1.065191,9,1132
da02,1706845833795872,7.0832214,0.84376454,1.0637385,11,1133
da02,1706845833897492,7.0739918,0.82797718,1.0689925,8,1134
da02,1706845833995936,7.0691271,0.83083612,1.0655637,9,1135
da02,1706845834095898,7.057024,0.83767331,1.0693126,8,1136
da02,1706845834195844,7.0598612,0.83700591,1.0683726,9,1137
da02,1706845834295837,7.0624237,0.8327446,1.0714245,9,1138
da02,1706845834395868,7.0696206,0.83563173,1.069299,10,1139
da02,1706845834495874,7.0740595,0.82542151,1.0678489,10,1140
da02,1706845834595813,7.0841541,0.82802451,1.060794,12,1141
da02,1706845834695851,7.0909977,0.82737565,1.052338,12,1142
da02,1706845834795804,7.0788474,0.82875943,1.0660427,8,1143
da02,1706845834895853,7.0694304,0.8257125,1.0700165,8,1144
da02,1706845834995824,7.0588703,0.8278836,1.071541,8,1145
da02,1706845835095842,7.0687122,0.8181631,1.0659353,11,1146
da02,1706845835195942,7.0751705,0.81944418,1.0696154,10,1147
da02,1706845835295914,7.0734568,0.822152,1.0796292,8,1148
da02,1706845835395852,7.0641484,0.82639974,1.0747129,8,1149
da02,1706845835495988,7.0605669,0.8318364,1.0746733,9,1150
da02,1706845835595799,7.0694995,0.82596344,1.076153,10,1151
da02,1706845835695822,7.0688014,0.82872921,1.0611244,10,1152
da02,1706845835795915,7.05658,0.82523167,1.0688934,7,1153
da02,1706845835895840,7.0637126,0.82580394,1.080338,9,1154
da02,1706845835995808,7.061811,0.827631,1.0861521,8,1155
da02,1706845836095920,7.0619326,0.82868648,1.0836679,9,1156
da02,1706845836195796,7.0636282,0.82463753,1.0811352,9,1157
da02,1706845836296365,7.0605521,0.82895833,1.0916042,8,1158
da02,1706845836395853,7.0594692,0.82889742,1.0904319,9,1159
da02,1706845836495849,7.0721655,0.82388246,1.0758768,11,1160
da02,1706845836595806,7.0594549,0.82242358,1.0699621,8,1161
da02,1706845836695890,7.0706348,0.81708485,1.066563,11,1162
da02,1706845836795888,7.0769963,0.81826216,1.0711375,10,1163
da02,1706845836895938,7.0742264,0.81307781,1.0682431,9,1164
da02,1706845836995845,7.0778222,0.81379795,1.0623064,10,1165
da02,1706845837095922,7.0629606,0.81440818,1.0687331,7,1166
da02,1706845837195889,7.0809636,0.8104282,1.0662013,12,1167
da02,1706845837295896,7.084022,0.81179905,1.0642743,10,1168
da02,1706845837395924,7.0613003,0.80458552,1.0668948,7,1169
da02,1706845837495875,7.0734787,0.80898547,1.0630345,11,1170
da02,1706845837595831,7.071095,0.81206775,1.0704514,9,1171
da02,1706845837695881,7.0623412,0.82107306,1.068562,8,1172
da02,1706845837795822,7.0456676,0.81976432,1.0788227,8,1173
da02,1706845837895855,7.058332,0.81807345,1.07207,11,1174
da02,1706845837995836,7.0684824,0.82400411,1.0602887,11,1175
da02,1706845838095881,7.0684681,0.8256076,1.065033,9,1176
da02,1706845838195842,7.0577826,0.82703453,1.0701997,7,1177
da02,1706845838295870,7.0523386,0.83341515,1.068743,8,1178
da02,1706845838395842,7.0577574,0.84130353,1.0675033,10,1179
da02,1706845838495865,7.0569153,0.84306735,1.0651778,9,1180
da02,1706845838595836,7.0538421,0.830079,1.0697088,8,1181
da02,1706845838695858,7.0567813,0.82641166,1.0723547,9,1182
da02,1706845838795838,7.0405974,0.83236891,1.0783255,8,1183
da02,1706845838895934,7.04411,0.83180946,1.0832269,8,1184
da02,1706845838995993,7.0527058,0.84116107,1.0860717,9,1185
da02,1706845839095892,7.05941,0.8313933,1.0865049,9,1186
da02,1706845839195941,7.0494738,0.83064491,1.0813975,8,1187
da02,1706845839295938,7.0568953,0.82911021,1.0847809,9,1188
da02,1706845839395891,7.0700183,0.83629245,1.0831424,11,1189
da02,1706845839495952,7.0508485,0.84278172,1.0847611,8,1190
da02,1706845839595883,7.048027,0.8377257,1.0833662,8,1191
da02,1706845839695853,7.0527592,0.83515507,1.0809309,9,1192
da02,1706845839795935,7.0746646,0.83570057,1.08312,12,1193
da02,1706845839895903,7.0628285,0.83208352,1.0727034,8,1194
da02,1706845839996054,7.0520267,0.83225137,1.0752138,7,1195
da02,1706845840095936,7.0507736,0.83247745,1.0752888,8,1196
da02,1706845840195848,7.0482597,0.83519179,1.0829481,8,1197
da02,1706845840295852,7.0487733,0.830626,1.0745304,9,1198
da02,1706845840397240,7.0617285,0.82842189,1.0806297,10,1199
da02,1706845840495892,7.0649972,0.82522541,1.0761954,10,1200
da02,1706845840595819,7.0566072,0.83204162,1.073539,8,1201
da02,1706845840695844,7.0577345,0.8256079,1.0785975,8,1202
da02,1706845840795818,7.0469689,0.83299863,1.0779775,8,1203
da02,1706845840895840,7.0620046,0.82537496,1.0787953,10,1204
da02,1706845840995869,7.0761685,0.83013844,1.0845933,11,1205
da02,1706845841095854,7.072423,0.82421631,1.0793139,9,1206
da02,1706845841195836,7.0748377,0.8280831,1.0753984,10,1207
da02,1706845841295872,7.0670877,0.8312251,1.0736992,9,1208
da02,1706845841395838,7.076684,0.82782608,1.068047,11,1209
da02,1706845841495908,7.0665569,0.83173865,1.0701932,8,1210
da02,1706845841595894,7.0749006,0.81842369,1.065302,11,1211
da02,1706845841695871,7.0856037,0.81635064,1.0705178,11,1212
da02,1706845841795946,7.077713,0.82989073,1.0731128,9,1213
da02,1706845841895902,7.0798464,0.83905196,1.0726975,10,1214
da02,1706845841995888,7.0860982,0.84147686,1.0773927,10,1215
da02,1706845842095998,7.0847917,0.835779,1.0748926,10,1216
da02,1706845842195907,7.0811992,0.82619953,1.0783358,9,1217
da02,1706845842295854,7.081439,0.82848614,1.070522,10,1218
da02,1706845842395914,7.078331,0.81999367,1.0698797,9,1219
da02,1706845842495910,7.0685883,0.82283443,1.0805494,7,1220
da02,1706845842595880,7.06792,0.81650704,1.075302,9,1221
da02,1706845842695931,7.0603757,0.82182485,1.0687191,9,1222
da02,1706845842795934,7.0573673,0.8276661,1.0687628,9,1223
da02,1706845842895900,7.053266,0.82825273,1.0731375,8,1224
da02,1706845842995873,7.0675869,0.8177228,1.0687071,11,1225
da02,1706845843095894,7.0697312,0.81904519,1.0728014,9,1226
da02,1706845843195892,7.0693941,0.82186747,1.0782143,9,1227
da02,1706845843295891,7.0726395,0.82187468,1.069361,10,1228
da02,1706845843395959,7.072866,0.81619865,1.0652993,10,1229
da02,1706845843495940,7.0632968,0.82343358,1.0632863,9,1230
da02,1706845843595893,7.0738659,0.81971353,1.0633029,11,1231
da02,1706845843695926,7.0609508,0.83003628,1.0728626,8,1232
da02,1706845843795906,7.0454097,0.82465291,1.0761483,8,1233
da02,1706845843895940,7.0476575,0.83054316,1.0754582,9,1234
da02,1706845843995892,7.06059,0.82658571,1.064468,11,1235
da02,1706845844095899,7.0637321,0.8253215,1.0671639,9,1236
da02,1706845844195939,7.0680962,0.842239,1.0746343,10,1237
da02,1706845844295914,7.0777683,0.74489784,1.0445172,70,1238
da02,1706845844395860,7.0734954,0.76816404,1.0479662,9,1239
da02,1706845844496315,7.0767879,0.78489286,1.0588268,10,1240
da02,1706845844595913,7.0907855,0.79875356,1.0609082,12,1241
da02,1706845844695900,7.0821486,0.80629945,1.0598246,9,1242
da02,1706845844795917,7.0874953,0.81393683,1.0655797,10,1243
da02,1706845844895920,7.0869522,0.817382,1.0664716,10,1244
da02,1706845844996521,7.0897079,0.81364208,1.0669283,10,1245
da02,1706845845095866,7.0891066,0.81005371,1.0664159,10,1246
da02,1706845845195961,7.088131,0.81556559,1.0712484,10,1247
da02,1706845845295963,7.0851355,0.818598,1.0674951,10,1248
da02,1706845845395889,7.0832233,0.82388711,1.0630281,10,1249
da02,1706845845496180,7.0817461,0.83002377,1.0679898,10,1250
da02,1706845845595968,7.0771976,0.83457512,1.0725633,9,1251
da02,1706845845695940,7.0777206,0.83095568,1.0740044,9,1252
da02,1706845845795930,7.0731883,0.82527179,1.0627794,10,1253
da02,1706845845895930,7.0773773,0.82362342,1.070951,9,1254
da02,1706845845995973,7.0821228,0.81982112,1.0695858,10,1255
da02,1706845846095894,7.0722461,0.81748462,1.0847892,7,1256
da02,1706845846195901,7.0632281,0.82293987,1.0747906,9,1257
da02,1706845846295987,7.0733919,0.82196277,1.0715843,11,1258
da02,1706845846395964,7.0779014,0.82418954,1.0683304,10,1259
da02,1706845846495936,7.0730996,0.83467352,1.0708022,9,1260
da02,1706845846596011,7.0850067,0.83233017,1.0668532,11,1261
da02,1706845846695876,7.0776696,0.84042156,1.0672243,9,1262
da02,1706845846795880,7.0607276,0.84743714,1.070891,8,1263
da02,1706845846895947,7.1875291,0.85531777,1.0559173,67,1264
da02,1706845846995950,7.1695833,0.85338849,1.0577564,11,1265
da02,1706845847095905,7.1611176,0.85275191,1.0595354,12,1266
da02,1706845847195901,7.1456828,0.84320951,1.0562878,11,1267
da02,1706845847296463,7.1249194,0.83474678,1.0632704,9,1268
da02,1706845847395929,7.109704,0.8302874,1.0664769,9,1269
da02,1706845847495922,7.10327,0.82549906,1.0722352,9,1270
da02,1706845847595910,7.077426,0.8275761,1.0827178,8,1271
da02,1706845847695898,7.0732393,0.83014029,1.0804083,9,1272
da02,1706845847795925,7.0773559,0.83290756,1.0784075,10,1273
da02,1706845847896140,7.0722213,0.82292753,1.0701507,9,1274
da02,1706845847995921,7.0765266,0.83203608,1.0646176,11,1275
da02,1706845848095926,7.0806446,0.83139861,1.0603794,11,1276
da02,1706845848195926,7.0719132,0.82769018,1.0692717,8,1277
da02,1706845848295874,7.0752,0.83102781,1.0741229,10,1278
da02,1706845848395919,7.0752387,0.81816411,1.0723261,9,1279
da02,1706845848495904,7.0650849,0.82487017,1.0723569,8,1280
da02,1706845848596038,7.0552311,0.82654577,1.0680898,8,1281
da02,1706845848695890,7.069737,0.82245821,1.0653287,11,1282
da02,1706845848795960,7.06332,0.82246304,1.0761032,8,1283
da02,1706845848895891,7.0765352,0.822034,1.0707316,11,1284
da02,1706845848995920,7.07157,0.81702369,1.06508,9,1285
da02,1706845849095908,7.0721569,0.80126387,1.0775869,8,1286
da02,1706845849195910,7.0758343,0.80750155,1.0765266,10,1287
da02,1706845849297429,7.0766621,0.81288993,1.0776967,9,1288
da02,1706845849395980,7.0683513,0.82532728,1.0887433,8,1289
da02,1706845849495896,7.0652142,0.83293891,1.0828933,9,1290
da02,1706845849595888,7.0701561,0.83725524,1.0774926,10,1291
da02,1706845849695912,7.0707507,0.81792372,1.0786204,9,1292
da02,1706845849795914,7.0678058,0.82548314,1.0808251,9,1293
da02,1706845849896035,7.0621061,0.81126946,1.0759703,8,1294
da02,1706845849995979,7.0484715,0.81505775,1.0869244,8,1295
da02,1706845850095928,7.047864,0.81096226,1.0839722,8,1296
da02,1706845850195908,7.0456657,0.82052469,1.0926104,8,1297
da02,1706845850295982,7.0436244,0.82920533,1.094594,8,1298
da02,1706845850395940,7.0357275,0.82971209,1.0894873,8,1299
da02,1706845850496130,7.0515628,0.82810748,1.0907948,10,1300
da02,1706845850595986,7.0604434,0.82427192,1.0853641,10,1301
da02,1706845850695913,7.0594292,0.82316643,1.0812384,9,1302
da02,1706845850795889,7.0613103,0.82423562,1.0793352,9,1303
da02,1706845850895942,7.0660787,0.83071053,1.0750995,10,1304
da02,1706845850996022,7.0583963,0.82306796,1.0708637,8,1305
da02,1706845851095920,7.050036,0.83529627,1.0664908,8,1306
da02,1706845851196057,7.0573034,0.83488017,1.0667435,10,1307
da02,1706845851296020,7.0692959,0.83396345,1.0601275,11,1308
da02,1706845851395880,7.06752,0.83453047,1.0683132,9,1309
da02,1706845851495980,7.0674143,0.83057839,1.0613673,10,1310
da02,1706845851595979,7.0653429,0.83276922,1.0633482,9,1311
da02,1706845851695904,7.0634007,0.83479035,1.0637871,9,1312
da02,1706845851796005,7.0635676,0.83037597,1.059301,10,1313
da02,1706845851895944,7.0709386,0.82900226,1.0598089,10,1314
da02,1706845851996066,7.0630565,0.82965964,1.0615754,8,1315
da02,1706845852095965,7.0540919,0.83081639,1.0690186,7,1316
da02,1706845852195958,7.0508261,0.82721853,1.0836749,7,1317
da02,1706845852296015,7.0581818,0.83400369,1.0863204,9,1318
da02,1706845852395960,7.0641389,0.83654153,1.0810188,10,1319
da02,1706845852495894,7.053237,0.84315425,1.0736583,8,1320
da02,1706845852596018,7.0544219,0.83581,1.0769426,8,1321
da02,1706845852695954,7.0616994,0.83635461,1.0822555,9,1322
da02,1706845852795927,7.0592628,0.82996762,1.0784886,9,1323
da02,1706845852895995,7.0714569,0.83515257,1.0690709,12,1324
da02,1706845852995938,7.0658717,0.8253541,1.0613425,9,1325
da02,1706845853095947,7.0608373,0.82323086,1.058617,9,1326
da02,1706845853196002,7.0791664,0.82822782,1.0659498,11,1327
da02,1706845853295963,7.0787277,0.83219242,1.0660183,10,1328
da02,1706845853395922,7.0791802,0.83327037,1.0715939,9,1329
da02,1706845853496025,7.0821509,0.8383401,1.0625997,11,1330
da02,1706845853595945,7.0753951,0.82960409,1.0617098,9,1331
da02,1706845853695928,7.0728383,0.83286875,1.057155,10,1332
da02,1706845853796025,7.0769649,0.84053183,1.0628265,10,1333
da02,1706845853895936,7.0663977,0.84052807,1.0648648,8,1334
da02,1706845853995924,7.0714684,0.84033418,1.0642867,10,1335
da02,1706845854096040,7.084044,0.84288162,1.0689784,11,1336
da02,1706845854196022,7.0727568,0.84782636,1.0786769,8,1337
da02,1706845854295987,7.0792961,0.84620678,1.0765668,11,1338
da02,1706845854396009,7.0673413,0.84655374,1.0887166,8,1339
da02,1706845854496258,7.0868134,0.84549737,1.0740033,13,1340
da02,1706845854595946,7.0658617,0.84077811,1.0743084,8,1341
da02,1706845854696004,7.0638614,0.83629042,1.0743518,9,1342
da02,1706845854795989,7.0703769,0.83416438,1.0727767,10,1343
da02,1706845854895957,7.0633745,0.83501393,1.0741212,8,1344
da02,1706845854996030,7.0582013,0.83011395,1.0657588,9,1345
da02,1706845855095992,7.0645046,0.83548033,1.0673834,10,1346
da02,1706845855196053,7.0700994,0.83202428,1.0723011,10,1347
da02,1706845855296018,7.0478482,0.83816868,1.0667981,8,1348
da02,1706845855395976,7.0445595,0.83870065,1.0754627,8,1349
da02,1706845855495964,7.0524225,0.83475363,1.0854652,9,1350
da02,1706845855595989,7.0495768,0.8314237,1.0735739,9,1351
da02,1706845855695950,7.0621471,0.81931508,1.0681732,11,1352
da02,1706845855795964,7.0649056,0.81989419,1.066159,10,1353
da02,1706845855896037,7.0644011,0.81393176,1.0620688,9,1354
da02,1706845855996901,7.0638366,0.82071638,1.058753,10,1355
da02,1706845856096104,7.0639911,0.81300992,1.064773,9,1356
da02,1706845856195960,7.0803938,0.81942821,1.0704534,11,1357
da02,1706845856295968,7.0811338,0.82861722,1.0674847,10,1358
da02,1706845856395927,7.0782046,0.83765107,1.0706421,9,1359
da02,1706845856495966,7.0695047,0.845097,1.0723675,9,1360
da02,1706845856595969,7.070858,0.83546537,1.0730749,9,1361
da02,1706845856695955,7.0797772,0.83731985,1.0745659,11,1362
da02,1706845856795977,7.0751109,0.83075333,1.0683651,9,1363
da02,1706845856895994,7.071558,0.82687396,1.0792313,8,1364
da02,1706845856995996,7.0673833,0.82444167,1.0676794,10,1365
da02,1706845857095956,7.063118,0.8225078,1.070653,8,1366
da02,1706845857196012,7.0598807,0.82335693,1.0660181,9,1367
da02,1706845857295969,7.0753107,0.80806208,1.0659876,11,1368
da02,1706845857395970,7.0725236,0.80801284,1.0715951,9,1369
da02,1706845857495998,7.0583067,0.805187,1.0756429,7,1370
da02,1706845857595984,7.0596538,0.81371415,1.0775642,9,1371
da02,1706845857695946,7.0519252,0.81848234,1.082057,7,1372
da02,1706845857796020,7.0560575,0.82032681,1.0847925,9,1373
da02,1706845857896090,7.0522785,0.82280821,1.0775658,9,1374
da02,1706845857995994,7.0712252,0.8294363,1.0721728,12,1375
da02,1706845858095977,7.0773945,0.83208507,1.0654479,11,1376
da02,1706845858195980,7.055851,0.82580376,1.0684637,8,1377
da02,1706845858296489,7.0618382,0.81651592,1.0684819,9,1378
da02,1706845858396002,7.0617118,0.81175113,1.0665361,9,1379
da02,1706845858495992,7.0699878,0.81129259,1.0652239,10,1380
da02,1706845858595980,7.0657024,0.82086861,1.0700214,9,1381
da02,1706845858696008,7.0554304,0.81606412,1.0628276,8,1382
da02,1706845858796233,7.057157,0.81886953,1.0696083,9,1383
da02,1706845858896017,7.0606456,0.82780737,1.0649421,10,1384
da02,1706845858996034,7.04414,0.8394202,1.069468,8,1385
da02,1706845859095972,7.0468221,0.83277029,1.0562419,10,1386
da02,1706845859195980,7.0533938,0.83110631,1.0575674,10,1387
da02,1706845859296030,7.0655565,0.82953036,1.0693227,10,1388
da02,1706845859395990,7.0685024,0.83432281,1.0651278,10,1389
da02,1706845859495983,7.0661745,0.83449292,1.062016,9,1390
da02,1706845859596063,7.0586324,0.839009,1.0626053,8,1391
da02,1706845859696040,7.0640688,0.8418293,1.058767,10,1392
da02,1706845859795962,7.0721416,0.83347559,1.0604478,10,1393
da02,1706845859895995,7.0661864,0.83634728,1.0701716,8,1394
da02,1706845859995995,7.0633283,0.8336947,1.072947,9,1395
da02,1706845860095980,7.06457,0.8351754,1.0676751,10,1396
da02,1706845860195999,7.0548954,0.83197087,1.071457,7,1397
da02,1706845860295974,7.0563889,0.83014494,1.063314,10,1398
da02,1706845860396001,7.0675673,0.82021034,1.0697452,10,1399
da02,1706845860495989,7.0604839,0.82534063,1.0659589,9,1400
da02,1706845860596004,7.072865,0.82466674,1.0510607,12,1401
da02,1706845860695992,7.0708323,0.83586603,1.0513854,10,1402
da02,1706845860796030,7.0659857,0.8374418,1.0578555,9,1403
da02,1706845860895979,7.0757847,0.83697033,1.0575911,11,1404
da02,1706845860996062,7.065515,0.83782637,1.064744,8,1405
da02,1706845861096039,7.0666461,0.83448,1.0690621,9,1406
da02,1706845861196048,7.0817819,0.82733858,1.064939,12,1407
da02,1706845861296099,7.0811954,0.82328588,1.0675756,9,1408
da02,1706845861396082,7.0838175,0.82067293,1.0676764,10,1409
da02,1706845861496073,7.0915389,0.819947,1.0630075,11,1410
da02,1706845861596146,7.0831304,0.8195253,1.0693117,8,1411
da02,1706845861695994,7.0900755,0.82987338,1.0691761,11,1412
da02,1706845861796005,7.0846853,0.82894915,1.0637687,10,1413
da02,1706845861896056,7.0688419,0.82728463,1.0688338,7,1414
da02,1706845861996006,7.0603046,0.83053762,1.0769894,8,1415
da02,1706845862096028,7.0558572,0.83005589,1.0765533,8,1416
da02,1706845862196064,7.0582809,0.82753843,1.0740569,9,1417
da02,1706845862296046,7.0582595,0.8207311,1.0761832,8,1418
da02,1706845862396000,7.0619159,0.82443732,1.0619147,11,1419
da02,1706845862496010,7.0744233,0.81673759,1.0620238,11,1420
da02,1706845862596016,7.0689569,0.82941031,1.069128,9,1421
da02,1706845862696016,7.0501456,0.83095521,1.0682009,8,1422
da02,1706845862796111,7.0536604,0.82519984,1.0694673,9,1423
da02,1706845862895984,7.055151,0.82086635,1.0707041,9,1424
da02,1706845862996012,7.0585313,0.81875461,1.0752006,9,1425
da02,1706845863096058,7.0582838,0.824224,1.0802768,8,1426
da02,1706845863196015,7.0712409,0.821446,1.0761329,11,1427
da02,1706845863296001,7.0567961,0.82572448,1.0812328,8,1428
da02,1706845863396066,7.0554924,0.8276307,1.0757169,9,1429
da02,1706845863496000,7.0585427,0.8163709,1.0679367,10,1430
da02,1706845863595972,7.0641503,0.814686,1.0708742,9,1431
da02,1706845863695998,7.0583649,0.8173784,1.0781643,8,1432
da02,1706845863796041,7.058744,0.83478785,1.0773292,9,1433
da02,1706845863896010,7.0578008,0.82916266,1.0772429,9,1434
da02,1706845863996046,7.0483084,0.82564169,1.0695901,8,1435
da02,1706845864096038,7.0642209,0.81881136,1.0606089,11,1436
da02,1706845864195998,7.1737757,0.81866789,1.0416135,67,1437
da02,1706845864295988,7.1450567,0.82722461,1.0458415,9,1438
da02,1706845864396025,7.1278982,0.82282877,1.050801,10,1439
da02,1706845864495999,7.0937386,0.81882244,1.0651081,8,0
da02,1706845864595980,7.0889063,0.82359987,1.0701424,9,1
da02,1706845864697589,7.0917921,0.82538867,1.0780655,10,2
da02,1706845864796016,7.0895438,0.81658244,1.0781282,9,3
da02,1706845864895995,7.0765491,0.8251965,1.0757341,8,4
da02,1706845864996104,7.0755796,0.83217233,1.0705827,10,5
da02,1706845865096094,7.0723782,0.82422352,1.0732888,9,6
da02,1706845865196035,7.0634184,0.82344,1.0723103,8,7
da02,1706845865296171,7.0756807,0.83129078,1.075892,11,8
da02,1706845865396104,7.0754538,0.82735455,1.0764246,9,9
da02,1706845865496002,7.0584321,0.83051521,1.0807201,8,10
da02,1706845865596138,7.0461011,0.82917988,1.0800766,8,11
da02,1706845865696119,7.0632391,0.82516217,1.0794922,11,12
da02,1706845865796075,7.062335,0.82083809,1.0782229,9,13
da02,1706845865896161,7.0706725,0.8289898,1.0710802,11,14
da02,1706845865996258,7.0762129,0.83132052,1.0697248,10,15
da02,1706845866096054,7.0745754,0.83179909,1.0849454,8,16
da02,1706845866196044,7.0653954,0.83213609,1.0793823,8,17
da02,1706845866296033,7.0658674,0.8253364,1.0799522,9,18
da02,1706845866396059,7.0647511,0.81726617,1.0710242,9,19
da02,1706845866496030,7.0657244,0.817194,1.0720072,9,20
da02,1706845866596111,7.0640359,0.82493579,1.0758651,9,21
da02,1706845866696007,7.0652056,0.82182455,1.0752831,9,22
da02,1706845866796048,7.0656791,0.82098848,1.0741525,9,23
da02,1706845866896104,7.0538712,0.81867939,1.0772607,7,24
da02,1706845866996011,7.0815287,0.81225741,1.0681098,13,25
da02,1706845867096123,7.0726204,0.81110883,1.0705611,8,26
da02,1706845867196107,7.0552216,0.8138994,1.0675639,7,27
da02,1706845867296000,7.0676608,0.81924766,1.0762279,10,28
da02,1706845867396080,7.0530667,0.8173942,1.0718375,7,29
da02,1706845867496106,7.0673089,0.81862414,1.0629779,11,30
da02,1706845867595987,7.0721803,0.82164109,1.0659306,10,31
da02,1706845867696111,7.073627,0.8182655,1.0669174,10,32
da02,1706845867796117,7.0661993,0.82271332,1.0707735,8,33
da02,1706845867895994,7.0767283,0.8252,1.0656066,11,34
da02,1706845867996121,7.0673647,0.82901537,1.0704554,8,35
da02,1706845868096100,7.0691118,0.83122444,1.0779536,9,36
da02,1706845868195983,7.0652075,0.82346165,1.0869905,8,37
da02,1706845868296113,7.0539,0.81911761,1.0762024,8,38
da02,1706845868396065,7.0594583,0.82123315,1.0749937,10,39
da02,1706845868496011,7.0519242,0.81517124,1.0734774,8,40
da02,1706845868596088,7.0500116,0.8148185,1.0701034,9,41
da02,1706845868696081,7.056633,0.81240106,1.0686475,10,42
da02,1706845868796082,7.0601349,0.80529249,1.0726159,9,43
da02,1706845868896012,7.0672212,0.80902809,1.0734901,10,44
da02,1706845868996043,7.0629926,0.80979669,1.0822538,8,45
da02,1706845869096014,7.0676665,0.79623604,1.0850693,9,46
da02,1706845869196035,7.0633144,0.80249983,1.0802603,9,47
da02,1706845869296572,7.0695934,0.80354249,1.089523,9,48
da02,1706845869396038,7.0626035,0.82323229,1.0866313,9,49
da02,1706845869496040,7.0590744,0.82648528,1.0814655,9,50
da02,1706845869596056,7.0583692,0.82477546,1.0897117,8,51
da02,1706845869696111,7.0707507,0.83349168,1.0782238,12,52
da02,1706845869796076,7.0715933,0.83906561,1.0814644,9,53
da02,1706845869896026,7.062386,0.8382563,1.0860927,8,54
da02,1706845869996103,7.057169,0.84830987,1.0722618,10,55
da02,1706845870096053,7.0683041,0.85028255,1.0753371,10,56
da02,1706845870196048,7.054389,0.83649862,1.0798088,7,57
da02,1706845870296120,7.0544515,0.83502722,1.0691729,10,58
da02,1706845870396031,7.0549483,0.83008885,1.0725294,9,59
da02,1706845870496017,7.0648427,0.82953054,1.0711381,10,60
da02,1706845870596107,7.06101,0.83745331,1.0845735,8,61
da02,1706845870695998,7.0750265,0.84296048,1.0814115,11,62
da02,1706845870796062,7.0821695,0.83917958,1.0848298,10,63
da02,1706845870896060,7.0860114,0.83671737,1.0828246,10,64
da02,1706845870996084,7.0823307,0.83774692,1.0851306,9,65
da02,1706845871096058,7.0853462,0.83762175,1.0699906,11,66
da02,1706845871196152,7.0788016,0.83593214,1.0577517,10,67
da02,1706845871296066,7.0709457,0.82963389,1.0604029,8,68
da02,1706845871396045,7.0683718,0.83175468,1.056096,10,69
da02,1706845871496132,7.066946,0.82620072,1.0555599,9,70
da02,1706845871596050,7.0796776,0.822217,1.0556719,11,71
da02,1706845871696030,7.0765905,0.81794077,1.0546105,10,72
da02,1706845871796118,7.0689178,0.81539446,1.0566486,9,73
da02,1706845871896122,7.0578785,0.81077552,1.0600218,8,74
da02,1706845871996022,7.06144,0.80597818,1.0603297,9,75
da02,1706845872096043,7.0639791,0.80926675,1.0475723,11,76
da02,1706845872196051,7.0664964,0.82201111,1.0588527,9,77
da02,1706845872296056,7.0620675,0.81990504,1.0702255,8,78
da02,1706845872396006,7.0774136,0.82495451,1.0737464,11,79
da02,1706845872496020,7.0851479,0.82573193,1.07125,11,80
da02,1706845872596036,7.0848317,0.82434046,1.0727415,10,81
da02,1706845872696038,7.0733962,0.83067465,1.0689384,9,82
da02,1706845872796074,7.0767317,0.8306579,1.0741907,10,83
da02,1706845872896040,7.089304,0.82786649,1.0660754,12,84
da02,1706845872996094,7.0779486,0.82998019,1.0625496,9,85
da02,1706845873096090,7.0558443,0.82575822,1.0617948,7,86
da02,1706845873196054,7.0754576,0.82789004,1.0675999,11,87
da02,1706845873296066,7.0600009,0.82617563,1.0619723,8,88
da02,1706845873396078,7.0612249,0.83352154,1.07366,9,89
da02,1706845873496110,7.0586696,0.84241241,1.0729977,9,90
da02,1706845873596038,7.0521688,0.84799105,1.0656987,9,91
da02,1706845873696146,7.0707788,0.84643519,1.0652633,12,92
da02,1706845873796050,7.058733,0.84344256,1.064478,8,93
da02,1706845873896020,7.0596623,0.83833367,1.062905,9,94
da02,1706845873996062,7.1731315,0.83592987,1.0501279,67,95
da02,1706845874096028,7.154233,0.83428007,1.0567981,10,96
da02,1706845874196075,7.1236424,0.83211875,1.0568057,8,97
da02,1706845874296277,7.115726,0.82280403,1.0582064,10,98
da02,1706845874396065,7.09096,0.8238076,1.0615256,7,99
da02,1706845874496040,7.0880332,0.82402426,1.0622997,10,100
da02,1706845874596093,7.0718117,0.81872737,1.0673567,7,101
da02,1706845874696042,7.0642214,0.81374711,1.0620278,9,102
da02,1706845874796022,7.0659432,0.82389307,1.0668454,9,103
da02,1706845874896094,7.0555024,0.82612509,1.0705131,8,104
da02,1706845874996530,7.0636482,0.83138961,1.0703043,10,105
da02,1706845875096021,7.0618691,0.82626081,1.0692353,9,106
da02,1706845875196569,7.055573,0.82272404,1.0685602,8,107
da02,1706845875296198,7.0469127,0.82824016,1.0704424,8,108
da02,1706845875396520,7.0586972,0.83603787,1.0645669,11,109
da02,1706845875496242,7.04559,0.83066374,1.0724138,8,110
da02,1706845875596717,7.0296025,0.83255142,1.0768607,8,111
da02,1706845875696041,7.0474758,0.82546347,1.0658768,11,112
da02,1706845875796219,7.0531397,0.8229506,1.0729872,9,113
da02,1706845875896194,7.0627031,0.82490325,1.0731636,10,114
da02,1706845875996048,7.0693331,0.83564156,1.0790164,10,115
da02,1706845876096165,7.0829091,0.83227062,1.0826682,11,116
da02,1706845876196184,7.0751476,0.82800454,1.0829427,8,117
da02,1706845876296054,7.0632691,0.82285231,1.0828854,7,118
da02,1706845876396184,7.0555005,0.81900483,1.0825388,8,119
da02,1706845876496181,7.0499825,0.82028282,1.0771563,8,120
da02,1706845876596073,7.0484829,0.82313687,1.0742903,9,121
da02,1706845876696208,7.0449553,0.83198857,1.0711386,9,122
da02,1706845876796182,7.0496988,0.83048588,1.0693051,9,123
da02,1706845876896124,7.0486679,0.82924509,1.0766884,8,124
da02,1706845876996052,7.046442,0.82418925,1.0800399,8,125
da02,1706845877096098,7.0499468,0.83095133,1.0795054,9,126
da02,1706845877196086,7.0520635,0.81991726,1.0792317,8,127
da02,1706845877296215,7.04734,0.82436568,1.0719631,9,128
da02,1706845877396123,7.0432606,0.83701783,1.0684358,9,129
da02,1706845877496080,7.0483818,0.83657151,1.0604328,10,130
da02,1706845877596094,7.0504293,0.82908475,1.0539305,10,131
da02,1706845877696068,7.0575652,0.83249122,1.0542653,10,132
da02,1706845877796085,7.065423,0.82042855,1.0607111,10,133
da02,1706845877896074,7.0688829,0.82152039,1.0579107,10,134
da02,1706845877996046,7.057374,0.82136261,1.0616829,8,135
da02,1706845878096091,7.0721121,0.81896478,1.0592127,11,136
da02,1706845878196056,7.0608273,0.82617635,1.0645412,8,137
da02,1706845878296068,7.0436025,0.83334285,1.0690129,8,138
da02,1706845878396182,7.0574303,0.83534414,1.0693188,11,139
da02,1706845878496116,7.05299,0.82996362,1.0634954,9,140
da02,1706845878596058,7.0590591,0.83455729,1.0721426,9,141
da02,1706845878696224,7.0636659,0.83585662,1.0665137,10,142
da02,1706845878796140,7.0643783,0.84053057,1.0629021,10,143
da02,1706845878896998,7.0658588,0.83214492,1.0511776,10,144
da02,1706845878996186,7.0666695,0.84471196,1.0637604,9,145
da02,1706845879096087,7.0647531,0.84443486,1.0731165,8,146
da02,1706845879196087,7.0629792,0.84137905,1.0628237,10,147
da02,1706845879296158,7.07277,0.83838427,1.066051,10,148
da02,1706845879396069,7.0736313,0.83462536,1.0594662,10,149
da02,1706845879496055,7.0697064,0.83055508,1.0628628,9,150
da02,1706845879596180,7.0572562,0.82556218,1.0584548,8,151
da02,1706845879696087,7.0752606,0.8299346,1.0736682,11,152
da02,1706845879796086,7.0546713,0.84255809,1.0715276,8,153
da02,1706845879896188,7.0536022,0.83497345,1.0731837,8,154
da02,1706845879996134,7.0608139,0.83058196,1.0652359,10,155
da02,1706845880097780,7.0481305,0.83779258,1.0724655,8,156
da02,1706845880196206,7.0712194,0.83769715,1.0729932,12,157
da02,1706845880296988,7.0679269,0.83059555,1.0760887,8,158
da02,1706845880396088,7.0741463,0.82798928,1.0871968,9,159
da02,1706845880496138,7.0742846,0.8259992,1.0852599,9,160
da02,1706845880596128,7.0728927,0.82262212,1.0823293,9,161
da02,1706845880696251,7.0595365,0.82634419,1.0751901,8,162
da02,1706845880796084,7.0614219,0.82322234,1.0813093,9,163
da02,1706845880896120,7.0590711,0.81902248,1.0736476,9,164
da02,1706845880996111,7.0576534,0.81769431,1.0772262,8,165
da02,1706845881096108,7.062223,0.82355243,1.0730622,10,166
da02,1706845881196085,7.059339,0.81622559,1.0729355,8,167
da02,1706845881296099,7.0618587,0.82835734,1.0747302,9,168
da02,1706845881396140,7.073667,0.84141636,1.0661287,12,169
da02,1706845881496133,7.0730176,0.8446179,1.0737264,9,170
da02,1706845881596175,7.0849848,0.83640158,1.0717517,11,171
da02,1706845881696145,7.0759697,0.82960957,1.0719504,8,172
da02,1706845881796172,7.0821238,0.831113,1.0646546,11,173
da02,1706845881896198,7.07539,0.82303739,1.0666848,9,174
da02,1706845881996110,7.06406,0.82847708,1.0722368,8,175
da02,1706845882096146,7.0651841,0.82681841,1.0619376,10,176
da02,1706845882196116,7.0726328,0.81806916,1.0679311,10,177
da02,1706845882296114,7.065732,0.8289184,1.0710018,9,178
da02,1706845882396143,7.0596657,0.82019311,1.0795679,7,179
da02,1706845882496130,7.0481868,0.8203088,1.0823492,8,180
da02,1706845882596116,7.0521083,0.82167965,1.0852989,9,181
da02,1706845882696158,7.0526247,0.83162785,1.0872517,9,182
da02,1706845882796111,7.0611353,0.83249068,1.0882908,10,183
da02,1706845882896164,7.0668864,0.826066,1.0806851,10,184
da02,1706845882996149,7.060514,0.82032543,1.0799377,8,185
da02,1706845883096126,7.0632563,0.82327074,1.0746506,10,186
da02,1706845883196096,7.0776606,0.81925362,1.0758628,11,187
da02,1706845883296275,7.0764446,0.82541525,1.0775273,9,188
da02,1706845883396125,7.0828691,0.825274,1.0805022,10,189
da02,1706845883496080,7.0735178,0.8276217,1.0782084,9,190
da02,1706845883596120,7.0697241,0.67725033,1.0543919,70,191
da02,1706845883696211,7.0633435,0.7125001,1.0561428,9,192
da02,1706845883796097,7.0689111,0.73681974,1.0579734,10,193
da02,1706845883896174,7.0698709,0.76243407,1.0713488,9,194
da02,1706845883996192,7.0554004,0.78072327,1.0762304,8,195
da02,1706845884096102,7.0682745,0.79067051,1.075122,11,196
da02,1706845884196116,7.068356,0.79722852,1.0788708,9,197
da02,1706845884296204,7.0753121,0.80348569,1.0652807,11,198
da02,1706845884396133,7.0590148,0.81424266,1.0599468,8,199
da02,1706845884496229,7.0643015,0.82660353,1.0578831,10,200
da02,1706845884596128,7.066175,0.8223263,1.0638958,9,201
da02,1706845884696096,7.0653467,0.81458044,1.0713651,8,202
da02,1706845884796294,7.0688152,0.81481212,1.080332,9,203
da02,1706845884896191,7.0750089,0.80832386,1.07656,10,204
da02,1706845884996130,7.0790544,0.81614691,1.0803634,10,205
da02,1706845885096263,7.0925274,0.81656539,1.0828059,11,206
da02,1706845885196139,7.079957,0.82300484,1.0744154,9,207
da02,1706845885296138,7.0745163,0.81733096,1.0764521,8,208
da02,1706845885396789,7.0744991,0.82254016,1.0710707,10,209
da02,1706845885496119,7.0799375,0.82127756,1.0666075,11,210
da02,1706845885596077,7.0778966,0.81950015,1.0632297,10,211
da02,1706845885696131,7.0727768,0.82588035,1.0754832,8,212
da02,1706845885796068,7.0709515,0.82323611,1.0842791,8,213
da02,1706845885896103,7.0718966,0.82245773,1.0792869,10,214
da02,1706845885996101,7.0676312,0.822183,1.0756332,9,215
da02,1706845886096077,7.0660019,0.81937283,1.0729444,9,216
da02,1706845886196096,7.0522742,0.81367761,1.0807743,7,217
da02,1706845886296198,7.05515,0.81902611,1.0734662,10,218
da02,1706845886396126,7.0612144,0.81822467,1.0667702,10,219
da02,1706845886496134,7.0566454,0.81406945,1.0705497,8,220
da02,1706845886596172,7.0603619,0.81753469,1.0597013,10,221
da02,1706845886696186,7.0683928,0.82489878,1.0733171,9,222
da02,1706845886796158,7.0521088,0.82193846,1.0765269,8,223
da02,1706845886896190,7.0601616,0.81475943,1.0745953,10,224
da02,1706845886996152,7.0749702,0.81440717,1.0675883,12,225
da02,1706845887096165,7.0702882,0.81800866,1.0686238,9,226
da02,1706845887196136,7.0710058,0.81888866,1.0702807,9,227
da02,1706845887296178,7.06735,0.81915838,1.0661409,9,228
da02,1706845887396175,7.0584145,0.82522112,1.0690644,8,229
da02,1706845887496132,7.0603862,0.83590072,1.0659336,10,230
da02,1706845887596132,7.068944,0.83162737,1.0692561,10,231
da02,1706845887696148,7.073812,0.82876194,1.0747569,10,232
da02,1706845887796202,7.06796,0.82465041,1.0718172,9,233
da02,1706845887896180,7.06218,0.81288821,1.0736624,8,234
da02,1706845887996218,7.0619802,0.80788636,1.073855,9,235
da02,1706845888096364,7.0563197,0.81494212,1.0724728,8,236
da02,1706845888196136,7.0623708,0.82154274,1.0654387,10,237
da02,1706845888296174,7.071866,0.82838207,1.064638,11,238
da02,1706845888396417,7.0721951,0.82669443,1.0635077,10,239
da02,1706845888496160,7.0685568,0.82908559,1.0673369,9,240
da02,1706845888596223,7.0597062,0.83226252,1.0748193,8,241
da02,1706845888696128,7.0498304,0.82341,1.0739553,7,242
da02,1706845888796212,7.0524526,0.83143044,1.0829381,8,243
da02,1706845888896142,7.0625734,0.83088815,1.0816771,10,244
da02,1706845888996119,7.0735836,0.83394784,1.0734572,11,245
da02,1706845889096205,7.0672374,0.8389588,1.0768635,8,246
da02,1706845889196218,7.058804,0.83412665,1.0725435,8,247
da02,1706845889296169,7.059597,0.83800185,1.0787373,9,248
da02,1706845889396234,7.0530043,0.83783263,1.083,8,249
da02,1706845889496169,7.047955,0.84339148,1.076627,9,250
da02,1706845889596188,7.0607929,0.83731145,1.0694579,11,251
da02,1706845889696158,7.0647368,0.82814705,1.0678158,10,252
da02,1706845889796143,7.0691929,0.82316214,1.0680536,10,253
da02,1706845889896165,7.0695944,0.83447546,1.0573205,11,254
da02,1706845889996230,7.0568986,0.82317549,1.0628868,7,255
da02,1706845890096151,7.0631509,0.82950717,1.0676044,10,256
da02,1706845890196223,7.0550804,0.82100028,1.0689825,8,257
da02,1706845890296197,7.0672488,0.8216067,1.0713615,10,258
da02,1706845890396196,7.0597653,0.83128726,1.0638038,9,259
da02,1706845890496824,7.0578122,0.82616711,1.0646497,9,260
da02,1706845890596169,7.0595193,0.81485933,1.0647358,9,261
da02,1706845890696162,7.0567069,0.82355911,1.0661442,9,262
da02,1706845890796193,7.06878,0.82762522,1.0717376,10,263
da02,1706845890896158,7.0559564,0.8150332,1.0716295,7,264
da02,1706845890996128,7.0548916,0.81740767,1.0640149,9,265
da02,1706845891096162,7.049479,0.82136345,1.0601896,9,266
da02,1706845891196157,7.0623789,0.81704336,1.0571324,11,267
da02,1706845891296675,7.0658979,0.814051,1.0626986,9,268
da02,1706845891396139,7.0643759,0.83340263,1.0661185,9,269
da02,1706845891496174,7.0680847,0.83133018,1.0544298,11,270
da02,1706845891596220,7.0601621,0.83101082,1.058885,8,271
da02,1706845891696154,7.080153,0.83818859,1.0646569,12,272
da02,1706845891796192,7.0937681,0.83048564,1.0713705,11,273
da02,1706845891896177,7.0862164,0.83498794,1.0675054,10,274
da02,1706845891996107,7.0630965,0.83619118,1.0749875,8,275
da02,1706845892096104,7.0560327,0.83503461,1.0732576,8,276
da02,1706845892196154,7.0530066,0.83300406,1.0862323,7,277
da02,1706845892296235,7.0455418,0.82546222,1.085306,7,278
da02,1706845892396204,7.0635519,0.82614768,1.0793974,11,279
da02,1706845892496175,7.0586066,0.8308599,1.0808697,8,280
da02,1706845892596156,7.0492821,0.82869631,1.0854697,8,281
da02,1706845892696187,7.0540862,0.8280074,1.0835572,9,282
da02,1706845892796156,7.0604787,0.81815088,1.0873591,9,283
da02,1706845892896208,7.0549178,0.81626433,1.0831997,8,284
da02,1706845892996162,7.0611105,0.81163085,1.0764496,10,285
da02,1706845893096175,7.0645132,0.81381905,1.0658659,10,286
da02,1706845893196170,7.0863342,0.81153911,1.0661132,12,287
da02,1706845893296169,7.0806971,0.81738824,1.0662571,9,288
da02,1706845893396258,7.0753512,0.81851161,1.0542469,10,289
da02,1706845893496207,7.0655937,0.82251632,1.0591106,8,290
da02,1706845893596258,7.05317,0.828317,1.0446957,9,291
da02,1706845893696286,7.0716934,0.82159257,1.0463184,12,292
da02,1706845893796248,7.0633626,0.81657863,1.0555092,8,293
da02,1706845893896238,7.0607285,0.82490396,1.0551369,9,294
da02,1706845893996346,7.0632725,0.8356384,1.0590036,10,295
da02,1706845894096176,7.0721774,0.83366048,1.0720899,10,296
da02,1706845894196236,7.0735216,0.83173043,1.0805479,9,297
da02,1706845894296195,7.0757713,0.82702655,1.0704091,10,298
da02,1706845894396186,7.0758657,0.82719368,1.0668657,10,299
da02,1706845894496187,7.07355,0.8328777,1.0665882,10,300
da02,1706845894596190,7.0665793,0.82878715,1.0777352,8,301
da02,1706845894696192,7.0839453,0.82643425,1.0795267,11,302
da02,1706845894796264,7.0912743,0.846557,1.0793782,11,303
da02,1706845894896196,7.0906482,0.8354888,1.0771512,10,304
da02,1706845894996136,7.0832281,0.83162546,1.0710076,9,305
da02,1706845895096263,7.0769587,0.82493812,1.0704602,9,306
da02,1706845895196184,7.0713987,0.82511783,1.0769638,8,307
da02,1706845895296246,7.0707364,0.8196891,1.0829794,8,308
da02,1706845895396259,7.05027,0.829198,1.0845832,8,309
da02,1706845895497750,7.0684929,0.83638507,1.0860009,11,310
da02,1706845895596802,7.0666966,0.82663351,1.0834548,9,311
da02,1706845895696221,7.0617371,0.8305335,1.0784018,9,312
da02,1706845895796210,7.0516534,0.82520264,1.067371,8,313
da02,1706845895896172,7.0592976,0.82661849,1.0619395,10,314
da02,1706845895996202,7.049046,0.82512534,1.0726302,8,315
da02,1706845896096186,7.0635037,0.8251164,1.0690044,11,316
da02,1706845896196120,7.0715728,0.8298983,1.0709994,10,317
da02,1706845896296165,7.0655575,0.822888,1.0658586,9,318
da02,1706845896396170,7.0700579,0.82782757,1.066721,10,319
da02,1706845896496166,7.0830216,0.832412,1.0666517,11,320
da02,1706845896596181,7.0720825,0.83445495,1.0674353,8,321
da02,1706845896696198,7.071579,0.83197552,1.067292,9,322
da02,1706845896796223,7.0747194,0.82567966,1.0649359,10,323
da02,1706845896896180,7.0734816,0.82870561,1.0740992,9,324
da02,1706845896996215,7.0840669,0.83003038,1.0778594,11,325
da02,1706845897096201,7.0851521,0.8287015,1.0777812,10,326
da02,1706845897196177,7.0668006,0.83380723,1.0783471,8,327
da02,1706845897296181,7.076992,0.84350067,1.0822002,11,328
da02,1706845897396194,7.060329,0.84089357,1.0715504,8,329
da02,1706845897496206,7.0482621,0.83844936,1.0760155,8,330
da02,1706845897596229,7.048173,0.84580165,1.0684977,9,331
da02,1706845897696200,7.0516472,0.84573734,1.0639386,10,332
da02,1706845897796247,7.0489945,0.8407129,1.0653584,8,333
da02,1706845897896144,7.0576077,0.84001768,1.0773717,9,334
da02,1706845897996153,7.0642223,0.83283442,1.0728455,10,335
da02,1706845898096282,7.0686703,0.83570021,1.0671285,10,336
da02,1706845898196189,7.0617433,0.83430511,1.0681112,8,337
da02,1706845898296209,7.0533028,0.82194179,1.0738171,7,338
da02,1706845898396273,7.0418658,0.82312787,1.0738547,8,339
da02,1706845898496148,7.0525136,0.83765787,1.0771549,10,340
da02,1706845898596197,7.0490494,0.84735411,1.0744987,9,341
da02,1706845898696284,7.0642972,0.8387754,1.075572,11,342
da02,1706845898796149,7.070303,0.83755577,1.0692239,10,343
da02,1706845898896187,7.072206,0.82905155,1.0766052,9,344
da02,1706845898996338,7.0686378,0.82637471,1.0757171,9,345
da02,1706845899096165,7.085608,0.8201713,1.0690829,12,346
da02,1706845899196198,7.0851226,0.82352793,1.0721984,10,347
da02,1706845899296291,7.0875325,0.82010543,1.0732454,10,348
da02,1706845899396190,7.0862241,0.82164204,1.0697643,10,349
da02,1706845899496266,7.0714116,0.82818425,1.0724549,8,350
da02,1706845899596298,7.0758386,0.81725085,1.0630643,10,351
da02,1706845899696150,7.0789909,0.81914115,1.0629032,10,352
da02,1706845899796266,7.0672112,0.8207646,1.0613846,8,353
da02,1706845899896297,7.0671215,0.82258624,1.0493395,10,354
da02,1706845899996154,7.07311,0.83028358,1.0496869,11,355
da02,1706845900096202,7.0757585,0.83113784,1.0538638,10,356
da02,1706845900196170,7.0597792,0.83343607,1.0558621,8,357
da02,1706845900296175,7.060113,0.82781267,1.0581161,9,358
da02,1706845900396180,7.0537863,0.82878608,1.0568098,9,359
da02,1706845900496174,7.0550776,0.83266783,1.0489395,10,360
da02,1706845900596181,7.0596704,0.82539529,1.0541041,9,361
da02,1706845900696206,7.049325,0.82425219,1.0591347,7,362
da02,1706845900796165,7.0567889,0.82547772,1.0608654,10,363
da02,1706845900896303,7.0655308,0.82119459,1.0622923,10,364
da02,1706845900996210,7.0578041,0.827143,1.0648316,8,365
da02,1706845901096287,7.0647817,0.819402,1.0709983,9,366
da02,1706845901196241,7.0609336,0.8332749,1.0741482,9,367
da02,1706845901296283,7.0585413,0.83664936,1.0714968,9,368
da02,1706845901396303,7.0552635,0.83610409,1.0790638,8,369
da02,1706845901496209,7.0669479,0.83784235,1.071761,11,370
da02,1706845901596230,7.0615721,0.83708173,1.0678587,9,371
da02,1706845901696309,7.070673,0.82727951,1.0713943,10,372
da02,1706845901796177,7.0836959,0.81626964,1.0727463,11,373
da02,1706845901896204,7.0802717,0.81948763,1.0678505,10,374
da02,1706845901996288,7.0681796,0.820966,1.072692,8,375
da02,1706845902096286,7.0519176,0.82006794,1.0878865,8,376
da02,1706845902196215,7.0557313,0.81854939,1.0832502,9,377
da02,1706845902296776,7.0646505,0.82046264,1.0842862,10,378
da02,1706845902396205,7.069128,0.81739879,1.0804064,10,379
da02,1706845902496209,7.0747938,0.8151589,1.0731775,10,380
da02,1706845902596231,7.0770941,0.8153125,1.0700517,10,381
da02,1706845902696297,7.0665512,0.81822711,1.0729941,8,382
da02,1706845902796274,7.058322,0.816268,1.0803261,7,383
da02,1706845902896220,7.057044,0.81903952,1.0757232,9,384
da02,1706845902996234,7.0650125,0.81260246,1.073718,10,385
da02,1706845903096176,7.0622849,0.82593328,1.078946,9,386
da02,1706845903196164,7.0635343,0.82068431,1.079625,9,387
da02,1706845903296227,7.0628133,0.82504249,1.0705125,10,388
da02,1706845903396189,7.0561905,0.8273868,1.0751146,8,389
da02,1706845903496185,7.0659919,0.83836222,1.0702399,11,390
da02,1706845903596226,7.0623012,0.84266293,1.0731097,9,391
da02,1706845903696192,7.2432508,0.66141534,1.4075413,73,392
da02,1706845903796176,7.1998286,0.71002066,1.3249326,9,393
da02,1706845903896326,7.1670213,0.73674113,1.2662287,9,394
da02,1706845903996256,7.1389537,0.75904888,1.212411,9,395
da02,1706845904096220,7.1166973,0.77903759,1.1848212,8,396
da02,1706845904196289,7.1097078,0.78599346,1.1528095,10,397
da02,1706845904296378,7.089294,0.78458208,1.1369982,7,398
da02,1706845904396278,7.0830603,0.788223,1.11282,10,399
da02,1706845904496704,7.0817566,0.79430622,1.1062211,9,400
da02,1706845904596224,7.0746384,0.80144745,1.0947868,9,401
da02,1706845904696222,7.0719795,0.80645931,1.086684,9,402
da02,1706845904796322,7.0795565,0.80995506,1.0832285,10,403
da02,1706845904896309,7.0771661,0.81472063,1.0794959,9,404
da02,1706845904996260,7.0697737,0.81035388,1.0756645,8,405
da02,1706845905096328,7.0760059,0.81254947,1.0652379,11,406
da02,1706845905196220,7.0817871,0.81639332,1.0654001,11,407
da02,1706845905296174,7.080801,0.81430137,1.0740916,9,408
da02,1706845905396316,7.0725179,0.80891407,1.0712668,8,409
da02,1706845905496221,7.0791478,0.81138086,1.0805603,10,410
da02,1706845905596192,7.0780215,0.81352568,1.0840743,9,411
da02,1706845905696849,7.0856709,0.81385761,1.070406,12,412
da02,1706845905796261,7.0717969,0.81834465,1.0625368,9,413
da02,1706845905896207,7.0723081,0.80675459,1.0694575,9,414
da02,1706845905996243,7.0760775,0.80149132,1.0748286,9,415
da02,1706845906096259,7.0787249,0.8098883,1.0789735,10,416
da02,1706845906196268,7.0780125,0.81764221,1.081959,9,417
da02,1706845906296238,7.0748005,0.8237977,1.0837182,9,418
da02,1706845906396268,7.0704966,0.82702196,1.0711325,10,419
da02,1706845906496248,7.0664873,0.83123821,1.0675331,9,420
da02,1706845906596298,7.0662293,0.82952183,1.0714391,9,421
da02,1706845906696312,7.0647082,0.83949029,1.0669534,10,422
da02,1706845906796248,7.0529771,0.84259903,1.0789834,8,423
da02,1706845906896285,7.0626721,0.83403558,1.0758809,10,424
da02,1706845906996319,7.0651727,0.83876449,1.0744846,10,425
da02,1706845907096218,7.0717826,0.83340347,1.073212,10,426
da02,1706845907196246,7.0666757,0.83668423,1.0784011,8,427
da02,1706845907296366,7.0651708,0.83694524,1.0809696,9,428
da02,1706845907396212,7.0614948,0.82964158,1.0799119,8,429
da02,1706845907496225,7.0601273,0.83279032,1.0789591,9,430
da02,1706845907596361,7.0587916,0.83000207,1.0678265,10,431
da02,1706845907696216,7.0477772,0.83395541,1.0883069,8,432
da02,1706845907796246,7.0622406,0.82769454,1.0707908,12,433
da02,1706845907896337,7.0591865,0.8294878,1.0668396,9,434
da02,1706845907996260,7.071918,0.82539386,1.0660549,11,435
da02,1706845908096228,7.0672593,0.82476312,1.0646621,9,436
da02,1706845908196270,7.0680089,0.82132018,1.0679302,9,437
da02,1706845908296156,7.0668607,0.83034718,1.0656643,10,438
da02,1706845908396255,7.0599456,0.83399278,1.070868,8,439
da02,1706845908496190,7.0587659,0.82405788,1.0747838,8,440
da02,1706845908596210,7.0630994,0.823781,1.0811539,9,441
da02,1706845908696239,7.0566964,0.83049488,1.0932783,8,442
da02,1706845908796370,7.0530963,0.83337975,1.0898645,8,443
da02,1706845908896224,7.04548,0.83361739,1.0867319,8,444
da02,1706845908996284,7.0594831,0.84260315,1.0873237,10,445
da02,1706845909096244,7.0751429,0.84136927,1.0700811,12,446
da02,1706845909196222,7.0835023,0.83353847,1.0708535,11,447
da02,1706845909296248,7.0770154,0.8354044,1.0656266,9,448
da02,1706845909396265,7.0863824,0.8309384,1.0727897,10,449
da02,1706845909496208,7.0818982,0.83083534,1.0706189,9,450
da02,1706845909596285,7.0747013,0.83103269,1.076398,8,451
da02,1706845909696240,7.0783505,0.84030372,1.0738395,10,452
da02,1706845909796302,7.0947781,0.83099437,1.0736388,12,453
da02,1706845909896234,7.1023226,0.83633262,1.0671263,12,454
da02,1706845909996314,7.092051,0.8277179,1.069647,9,455
da02,1706845910096312,7.0783215,0.84023505,1.0716373,8,456
da02,1706845910196270,7.0834513,0.84163028,1.0716541,11,457
da02,1706845910296318,7.0854273,0.84005958,1.0687432,10,458
da02,1706845910396314,7.0934043,0.8416006,1.0646502,12,459
da02,1706845910496412,7.0793767,0.84838367,1.0709424,8,460
da02,1706845910596386,7.0762839,0.84087193,1.0784826,9,461
da02,1706845910696310,7.0798206,0.82974458,1.0734135,10,462
da02,1706845910796385,7.0820003,0.82742029,1.0665361,10,463
da02,1706845910897825,7.0794797,0.82186031,1.0624778,10,464
da02,1706845910996289,7.0725055,0.8247326,1.0616506,9,465
da02,1706845911096335,7.0742779,0.81794882,1.0678395,9,466
da02,1706845911196263,7.0831227,0.82118505,1.0758001,10,467
da02,1706845911296244,7.0840392,0.81792563,1.0889243,9,468
da02,1706845911396387,7.083251,0.81817633,1.0759938,10,469
da02,1706845911496243,7.0740619,0.82970506,1.0822911,8,470
da02,1706845911596288,7.0680566,0.83096182,1.0792568,9,471
da02,1706845911696319,7.0667276,0.82448232,1.0725821,9,472
da02,1706845911796328,7.0733156,0.82343775,1.0731916,10,473
da02,1706845911896274,7.0717282,0.82446784,1.0695134,10,474
da02,1706845911996366,7.0651174,0.82920134,1.0783168,8,475
da02,1706845912096284,7.0625992,0.82385051,1.0776306,9,476
da02,1706845912196283,7.0503283,0.82643735,1.0781734,8,477
da02,1706845912296279,7.0622039,0.82154155,1.0798302,10,478
da02,1706845912396282,7.0624375,0.81062412,1.0785069,9,479
da02,1706845912496361,7.0594244,0.81107712,1.0708483,9,480
da02,1706845912596273,7.0586276,0.8155421,1.0672797,9,481
da02,1706845912696245,7.0719709,0.8100853,1.0622886,11,482
da02,1706845912796491,7.0852537,0.81841594,1.0578837,12,483
da02,1706845912896265,7.0860162,0.82225436,1.059737,10,484
da02,1706845912996300,7.0877638,0.82288677,1.0639158,10,485
da02,1706845913096386,7.0790529,0.82847947,1.0648686,9,486
da02,1706845913196278,7.0784807,0.84245044,1.0647924,10,487
da02,1706845913296817,7.0873971,0.84408468,1.0671438,11,488
da02,1706845913396375,7.0879083,0.84790397,1.0623624,11,489
da02,1706845913496264,7.0931854,0.83169472,1.0629935,11,490
da02,1706845913596249,7.0854292,0.83400148,1.0632342,9,491
da02,1706845913696346,7.0797915,0.82448888,1.0636489,9,492
da02,1706845913796249,7.0739222,0.82444996,1.0653095,9,493
da02,1706845913896259,7.0833712,0.81898087,1.0690295,10,494
da02,1706845913996278,7.0719581,0.82470065,1.0757862,8,495
da02,1706845914096282,7.0619073,0.82714134,1.0755656,8,496
da02,1706845914196266,7.0535259,0.8320511,1.0664474,9,497
da02,1706845914296254,7.0468435,0.83826047,1.0669019,8,498
da02,1706845914396282,7.0619116,0.83045876,1.0670662,11,499
da02,1706845914496257,7.05389,0.813046,1.0761826,7,500
da02,1706845914596264,7.05228,0.81134617,1.073875,8,501
da02,1706845914696270,7.0555449,0.81585842,1.0614284,10,502
da02,1706845914796336,7.06836,0.81928629,1.0609609,11,503
da02,1706845914896292,7.0735579,0.83371973,1.0630208,10,504
da02,1706845914996334,7.0644126,0.82380068,1.0662918,8,505
da02,1706845915096352,7.0730143,0.82589924,1.0779228,10,506
da02,1706845915196274,7.07418,0.82594371,1.0773332,10,507
da02,1706845915296442,7.0696411,0.83001691,1.0770251,9,508
da02,1706845915396404,7.0697074,0.8309561,1.0676398,10,509
da02,1706845915496339,7.0800672,0.83395529,1.0702249,11,510
da02,1706845915596313,7.0857863,0.82046324,1.067765,10,511
da02,1706845915696952,7.0825019,0.80536366,1.0600423,10,512
da02,1706845915796330,7.0920768,0.809227,1.0584283,11,513
da02,1706845915896294,7.0819893,0.81301677,1.0578957,9,514
da02,1706845915996358,7.0733728,0.81020051,1.0598109,8,515
da02,1706845916096318,7.0728426,0.81900114,1.0644399,9,516
da02,1706845916196349,7.0697479,0.82589477,1.0750486,8,517
da02,1706845916296432,7.0789075,0.83123636,1.0802078,10,518
da02,1706845916396268,7.0744171,0.82838345,1.0808734,9,519
da02,1706845916496318,7.0934,0.822855,1.0725603,13,520
da02,1706845916596319,7.0874205,0.83104807,1.0813125,9,521
da02,1706845916696263,7.091095,0.83178043,1.0764991,11,522
da02,1706845916796377,7.0729485,0.8256343,1.0824728,7,523
da02,1706845916896334,7.0593748,0.81881607,1.0786493,7,524
da02,1706845916996288,7.0434895,0.81474459,1.0776936,7,525
da02,1706845917096378,7.0493765,0.81682718,1.0725329,10,526
da02,1706845917196374,7.051095,0.818662,1.0795677,8,527
da02,1706845917296294,7.0434093,0.8109405,1.0806197,7,528
da02,1706845917396326,7.0367284,0.81488162,1.0821422,8,529
da02,1706845917496398,7.035007,0.82567978,1.0887774,8,530
da02,1706845917596341,7.0403509,0.82425165,1.0800135,9,531
da02,1706845917696306,7.0562277,0.81506187,1.0919461,9,532
da02,1706845917796426,7.0562663,0.81628829,1.0823901,9,533
da02,1706845917896246,7.0616426,0.81647593,1.083755,9,534
da02,1706845917996336,7.0633435,0.81998849,1.0788429,9,535
da02,1706845918096377,7.0673881,0.81551385,1.0810833,9,536
da02,1706845918196263,7.0734086,0.81593394,1.085731,9,537
da02,1706845918296296,7.0779681,0.81630558,1.077872,10,538
da02,1706845918396398,7.0754056,0.83106124,1.0743415,10,539
da02,1706845918496269,7.0777764,0.83693004,1.0752411,10,540
da02,1706845918596354,7.0663214,0.83290869,1.0816816,7,541
da02,1706845918696329,7.0623236,0.82888269,1.0773641,9,542
da02,1706845918796287,7.0773411,0.8265174,1.0687089,12,543
da02,1706845918896301,7.0855341,0.82316607,1.067457,11,544
da02,1706845918996318,7.078454,0.83316976,1.0687231,9,545
da02,1706845919096284,7.0791178,0.8262068,1.0635636,10,546
da02,1706845919196353,7.0727434,0.8197155,1.0686042,8,547
da02,1706845919296407,7.0786023,0.82028073,1.0651113,11,548
da02,1706845919396299,7.0784426,0.81384736,1.0766095,9,549
da02,1706845919496298,7.073792,0.80898064,1.075016,9,550
da02,1706845919596346,7.0838017,0.79800206,1.0746404,10,551
da02,1706845919696240,7.0647769,0.80293059,1.073755,7,552
da02,1706845919796332,7.0844579,0.80967396,1.0794834,11,553
da02,1706845919896348,7.0850444,0.81265616,1.0851686,9,554
da02,1706845919996337,7.083209,0.81603789,1.0789834,10,555
da02,1706845920096408,7.073699,0.82513386,1.0823514,8,556
da02,1706845920196350,7.0682168,0.82386088,1.0717028,9,557
da02,1706845920296328,7.0669513,0.81122887,1.0758517,8,558
da02,1706845920396368,7.05904,0.80840355,1.0828087,7,559
da02,1706845920496359,7.0613375,0.81729,1.0792243,9,560
da02,1706845920596375,7.0765009,0.81886816,1.0855547,11,561
da02,1706845920696339,7.0843005,0.83121407,1.0834254,11,562
da02,1706845920796607,7.0676708,0.8364464,1.0836871,8,563
da02,1706845920896483,7.0593266,0.84296137,1.0938442,8,564
da02,1706845920996344,7.0608087,0.83604527,1.1056728,8,565
da02,1706845921096548,7.0646677,0.83053213,1.103601,9,566
da02,1706845921196363,7.0647931,0.83356482,1.0885735,10,567
da02,1706845921296444,7.0520644,0.8281188,1.0845838,7,568
da02,1706845921396325,7.0526824,0.83087921,1.084849,9,569
da02,1706845921496407,7.0519171,0.83750939,1.0754216,9,570
da02,1706845921596554,7.0636659,0.838469,1.0741254,11,571
da02,1706845921696411,7.0617218,0.84047884,1.0826055,8,572
da02,1706845921796375,7.0656261,0.84249777,1.0788778,10,573
da02,1706845921896406,7.0671058,0.83881491,1.0697187,10,574
da02,1706845921996361,7.0804963,0.83541167,1.0698106,11,575
da02,1706845922096370,7.0774112,0.83866316,1.069844,9,576
da02,1706845922196424,7.0729537,0.82868874,1.0816653,8,577
da02,1706845922296418,7.0767827,0.82879585,1.084787,10,578
da02,1706845922396340,7.0703759,0.836603,1.0843956,9,579
da02,1706845922496404,7.07039,0.82797503,1.07825,9,580
da02,1706845922596354,7.0724816,0.83501017,1.0736082,10,581
da02,1706845922696427,7.0930934,0.825565,1.0736851,12,582
da02,1706845922796424,7.0800986,0.82340914,1.0643871,9,583
da02,1706845922896335,7.071476,0.82398355,1.0653994,9,584
da02,1706845922996366,7.0644512,0.83488774,1.0646276,9,585
da02,1706845923096418,7.054492,0.82764375,1.0667034,8,586
da02,1706845923196379,7.0688043,0.82368642,1.0594771,11,587
da02,1706845923296317,7.0599427,0.82491481,1.0602186,8,588
da02,1706845923396356,7.0624666,0.82479632,1.065668,9,589
da02,1706845923496338,7.0670547,0.82441741,1.0626763,10,590
da02,1706845923596318,7.0632153,0.82444584,1.0573,9,591
da02,1706845923696357,7.0640593,0.83078438,1.0632113,9,592
da02,1706845923796384,7.0663147,0.82968831,1.0552434,10,593
da02,1706845923896403,7.0648689,0.83399338,1.0567414,9,594
da02,1706845923996314,7.0885687,0.85129637,1.0593901,13,595
da02,1706845924096339,7.0904465,0.84392077,1.0657578,10,596
da02,1706845924196358,7.0877571,0.83237314,1.0633682,10,597
da02,1706845924296808,7.0787654,0.82920223,1.0688254,8,598
da02,1706845924396331,7.0777388,0.82805312,1.0680534,10,599
da02,1706845924496372,7.0797133,0.82351029,1.0631349,10,600
da02,1706845924596309,7.0686488,0.83963919,1.0703059,8,601
da02,1706845924696325,7.0623159,0.84561455,1.060342,10,602
da02,1706845924796377,7.0616512,0.83503795,1.0672971,8,603
da02,1706845924896331,7.0573444,0.82744688,1.0685526,8,604
da02,1706845924996448,7.0478964,0.82986665,1.0762821,8,605
da02,1706845925096374,7.0542722,0.82444084,1.0711837,10,606
da02,1706845925196373,7.0638633,0.831295,1.0671178,11,607
da02,1706845925296546,7.0573812,0.83058274,1.073251,8,608
da02,1706845925396457,7.0608525,0.83431953,1.0707264,10,609
da02,1706845925496384,7.0486722,0.83134043,1.0670664,8,610
da02,1706845925596381,7.0487537,0.82353735,1.0753199,8,611
da02,1706845925696505,7.0570455,0.82988781,1.0655705,11,612
da02,1706845925796619,7.0595765,0.82597333,1.0589596,10,613
da02,1706845925896362,7.0584345,0.82141238,1.0669042,8,614
da02,1706845925996428,7.0598249,0.82146478,1.0619917,10,615
da02,1706845926096358,7.0677361,0.82039708,1.0714123,9,616
da02,1706845926196343,7.0697451,0.82778192,1.0732292,10,617
da02,1706845926298022,7.0624952,0.83172226,1.0737815,8,618
da02,1706845926396376,7.0647473,0.83064711,1.077251,9,619
da02,1706845926496502,7.070106,0.84077281,1.0723842,11,620
da02,1706845926596486,7.0803661,0.84131783,1.073783,11,621
da02,1706845926696322,7.068398,0.82721114,1.0815641,7,622
da02,1706845926796505,7.0780177,0.82668078,1.0757049,11,623
da02,1706845926896384,7.0783081,0.82729918,1.0732931,10,624
da02,1706845926996341,7.08549,0.82222259,1.0756327,10,625
da02,1706845927096453,7.0821853,0.81231076,1.071358,9,626
da02,1706845927196336,7.0725446,0.82274711,1.0717765,9,627
da02,1706845927296341,7.0663619,0.81299567,1.0688486,8,628
da02,1706845927396427,7.0563884,0.82949841,1.0744212,8,629
da02,1706845927496346,7.0658684,0.83244348,1.0736449,10,630
da02,1706845927596340,7.0512905,0.83100414,1.0737255,8,631
da02,1706845927696466,7.0529695,0.8267175,1.0732021,9,632
da02,1706845927796342,7.0555987,0.83327889,1.0692476,10,633
da02,1706845927896380,7.0672894,0.82894903,1.0697956,10,634
da02,1706845927996468,7.06377,0.82855028,1.0678253,9,635
da02,1706845928096328,7.0595446,0.83193809,1.0704789,8,636
da02,1706845928196354,7.0664339,0.82600522,1.0735545,10,637
da02,1706845928296555,7.06355,0.82369733,1.0747671,9,638
da02,1706845928396389,7.072156,0.81837863,1.0731499,10,639
da02,1706845928496341,7.0697742,0.8161236,1.0759171,9,640
da02,1706845928596390,7.0704627,0.82756096,1.075259,10,641
da02,1706845928696432,7.07854,0.81565225,1.079072,10,642
da02,1706845928796373,7.0715785,0.81032133,1.0736628,9,643
da02,1706845928896390,7.071126,0.81718689,1.0806444,9,644
da02,1706845928996330,7.0639515,0.82119375,1.0758605,9,645
da02,1706845929096349,7.0579271,0.81704688,1.0752715,8,646
da02,1706845929196392,7.0680652,0.82981336,1.0762479,11,647
da02,1706845929296448,7.0776958,0.83310819,1.0731621,11,648
da02,1706845929396353,7.0872478,0.83335197,1.0733738,11,649
da02,1706845929496387,7.0848961,0.82365435,1.0866035,8,650
da02,1706845929596542,7.0847068,0.81943882,1.0794196,10,651
da02,1706845929696335,7.0837712,0.81815541,1.0722835,10,652
da02,1706845929796432,7.0802507,0.82541794,1.0651685,10,653
da02,1706845929896446,7.0774474,0.81655312,1.0692987,9,654
da02,1706845929996352,7.0706682,0.816616,1.068077,9,655
da02,1706845930096460,7.0668192,0.81106114,1.0651271,9,656
da02,1706845930196354,7.070231,0.8185389,1.0712931,9,657
da02,1706845930296330,7.0633197,0.81993681,1.0719209,8,658
da02,1706845930396509,7.0631914,0.81506491,1.0705098,9,659
da02,1706845930496418,7.045764,0.82463044,1.0745324,8,660
da02,1706845930596410,7.0499177,0.82534534,1.070803,9,661
da02,1706845930696374,7.04392,0.82350433,1.0696456,8,662
da02,1706845930796394,7.049438,0.81590915,1.0630115,10,663
da02,1706845930896415,7.0496206,0.81840795,1.0602871,9,664
da02,1706845930996377,7.061799,0.80995339,1.0534035,11,665
da02,1706845931096356,7.0610557,0.82173586,1.0626608,9,666
da02,1706845931196364,7.0554957,0.832117,1.0586927,9,667
da02,1706845931296565,7.0652895,0.82881087,1.0600467,10,668
da02,1706845931396421,7.0637827,0.82923895,1.0578455,9,669
da02,1706845931496379,7.0633211,0.83547789,1.06428,9,670
da02,1706845931596445,7.0639453,0.82709378,1.0672256,9,671
da02,1706845931696378,7.0677357,0.82872832,1.0672946,10,672
da02,1706845931796642,7.060636,0.83057362,1.0675524,8,673
da02,1706845931896490,7.0556636,0.8337869,1.0733311,8,674
da02,1706845931996475,7.0639548,0.82595843,1.06508,10,675
da02,1706845932096340,7.0642219,0.832371,1.060413,10,676
da02,1706845932196386,7.0607109,0.83069557,1.0659207,8,677
da02,1706845932296838,7.05732,0.82910132,1.0638059,9,678
da02,1706845932396338,7.0548944,0.819983,1.0711251,8,679
da02,1706845932496359,7.0521264,0.82509476,1.0781058,8,680
da02,1706845932596485,7.0565505,0.82828712,1.0801742,9,681
da02,1706845932696359,7.0667615,0.829647,1.083485,10,682
da02,1706845932796472,7.0645194,0.82909071,1.0778037,9,683
da02,1706845932896527,7.05818,0.83311945,1.0723678,9,684
da02,1706845932996374,7.0505209,0.8277933,1.0791131,7,685
da02,1706845933096388,7.0573096,0.82736427,1.0782259,10,686
da02,1706845933196482,7.0483241,0.8250019,1.0755172,8,687
da02,1706845933296341,7.0568652,0.82192546,1.0741814,10,688
da02,1706845933396392,7.0573459,0.83068967,1.0820584,8,689
da02,1706845933496490,7.0666952,0.82661879,1.0772171,10,690
da02,1706845933596390,7.0682087,0.83091587,1.0823449,9,691
da02,1706845933696371,7.0736618,0.82904166,1.0746373,10,692
da02,1706845933796682,7.0750413,0.82906979,1.0724924,10,693
da02,1706845933896343,7.0733924,0.82943392,1.0703958,9,694
da02,1706845933996407,7.0704145,0.816903,1.0779439,8,695
da02,1706845934096496,7.0512271,0.82374454,1.0831881,8,696
da02,1706845934196408,7.0635347,0.8277697,1.0810004,10,697
da02,1706845934296483,7.0564003,0.82645,1.0808451,8,698
da02,1706845934396408,7.0482111,0.81265354,1.0826526,7,699
da02,1706845934496395,7.05327,0.81712168,1.078016,9,700
da02,1706845934596338,7.0789771,0.82077789,1.0733471,13,701
da02,1706845934696367,7.0633264,0.82676393,1.0743406,8,702
da02,1706845934796387,7.0666914,0.81686062,1.0704483,10,703
da02,1706845934896395,7.0721893,0.81551194,1.0636106,10,704
da02,1706845934996364,7.0719585,0.82301646,1.0634961,10,705
da02,1706845935096398,7.0706887,0.82530755,1.0588195,10,706
da02,1706845935196363,7.0793567,0.82334381,1.0644335,10,707
da02,1706845935296958,7.0820165,0.82333446,1.0649796,10,708
da02,1706845935396574,7.0802112,0.82147366,1.0569129,10,709
da02,1706845935496445,7.0532327,0.82901424,1.0631785,8,710
da02,1706845935596377,7.051311,0.82825834,1.0569211,9,711
da02,1706845935696433,7.0659032,0.83005005,1.0641873,11,712
da02,1706845935796453,7.0634174,0.83304894,1.0747786,8,713
da02,1706845935896403,7.0653977,0.8350513,1.0715063,10,714
da02,1706845935996400,7.0686107,0.84811085,1.0712028,10,715
da02,1706845936096470,7.0738721,0.84636056,1.0752949,10,716
da02,1706845936196428,7.0714736,0.83563071,1.0744374,9,717
da02,1706845936296424,7.070755,0.83094865,1.0783572,9,718
da02,1706845936396428,7.0602341,0.83150244,1.0712452,8,719
da02,1706845936496440,7.0646381,0.82796144,1.0640566,10,720
da02,1706845936596402,7.0499964,0.82473165,1.0568334,8,721
da02,1706845936696452,7.044713,0.82456118,1.0581775,8,722
da02,1706845936796398,7.0545993,0.81671369,1.0646087,9,723
da02,1706845936896424,7.0546379,0.81896949,1.0687749,9,724
da02,1706845936996537,7.0539804,0.81578481,1.0718144,8,725
da02,1706845937096452,7.0599656,0.81501979,1.0679046,10,726
da02,1706845937196414,7.0553188,0.8352195,1.0677652,9,727
da02,1706845937296523,7.0726662,0.84166622,1.0710247,11,728
da02,1706845937396508,7.0674496,0.83622456,1.0669874,9,729
da02,1706845937496400,7.0693083,0.82998317,1.0618377,10,730
da02,1706845937596380,7.0530734,0.83103734,1.0631443,8,731
da02,1706845937696450,7.0509109,0.82444638,1.065438,8,732
da02,1706845937796402,7.0624957,0.82899976,1.0731689,10,733
da02,1706845937896476,7.0637689,0.81735265,1.0773435,9,734
da02,1706845937996446,7.0653071,0.82138824,1.0754436,9,735
da02,1706845938096443,7.0539584,0.819748,1.0758282,7,736
da02,1706845938196483,7.0575786,0.81901789,1.0870028,8,737
da02,1706845938296496,7.0572758,0.81920266,1.0862591,9,738
da02,1706845938396417,7.0707827,0.82408267,1.0762701,11,739
da02,1706845938496472,7.073678,0.82233888,1.0788853,9,740
da02,1706845938596444,7.0741849,0.83042651,1.0716212,10,741
da02,1706845938696393,7.0677915,0.82959074,1.0770801,8,742
da02,1706845938796635,7.059154,0.83050072,1.0699885,9,743
da02,1706845938896479,7.0678239,0.84107792,1.0653479,11,744
da02,1706845938996408,7.07001,0.83097196,1.0647333,10,745
da02,1706845939096466,7.0638013,0.836365,1.0678539,9,746
da02,1706845939196433,7.0588479,0.83516937,1.0711112,8,747
da02,1706845939296408,7.0612826,0.83179957,1.0648652,10,748
da02,1706845939396455,7.0754228,0.82756525,1.0592396,12,749
da02,1706845939496470,7.0648341,0.83229983,1.0614971,8,750
da02,1706845939596642,7.0455809,0.83120966,1.0648413,8,751
da02,1706845939696530,7.0651312,0.82670736,1.0713209,11,752
da02,1706845939796457,7.0754457,0.8329832,1.0739903,11,753
da02,1706845939896454,7.0731988,0.83945179,1.0726749,10,754
da02,1706845939996419,7.0799451,0.84417856,1.0594745,12,755
da02,1706845940096390,7.084228,0.84831107,1.0625967,11,756
da02,1706845940196413,7.0868073,0.84205514,1.0671115,10,757
da02,1706845940296491,7.0737615,0.84278846,1.068446,8,758
da02,1706845940396410,7.0646806,0.84704703,1.07303,8,759
da02,1706845940496484,7.0624752,0.8480494,1.0783446,9,760
da02,1706845940596605,7.0854993,0.83870345,1.082051,12,761
da02,1706845940696496,7.0841484,0.84602231,1.0786295,10,762
da02,1706845940796734,7.0897217,0.84749824,1.0756838,11,763
da02,1706845940896599,7.079031,0.84161496,1.0901541,7,764
da02,1706845940996470,7.0718012,0.83877486,1.0847917,9,765
da02,1706845941096541,7.0819979,0.84289253,1.0739049,12,766
da02,1706845941196628,7.0740223,0.83976626,1.068815,9,767
da02,1706845941296450,7.0642891,0.83317125,1.078599,7,768
da02,1706845941396432,7.050447,0.83344489,1.075403,8,769
da02,1706845941496532,7.058115,0.82524616,1.0757725,9,770
da02,1706845941596394,7.0622873,0.82284367,1.0725524,10,771
da02,1706845941698014,7.06681,0.8297053,1.0662273,10,772
da02,1706845941796507,7.054637,0.82867593,1.0609926,8,773
da02,1706845941896428,7.0551238,0.82308155,1.0656862,9,774
da02,1706845941996441,7.0478792,0.81843728,1.0647517,8,775
da02,1706845942096480,7.0400276,0.82280785,1.063356,8,776
da02,1706845942196390,7.0395913,0.81746858,1.0758904,7,777
da02,1706845942296496,7.0373254,0.81652343,1.0690174,8,778
da02,1706845942396520,7.0421405,0.81396717,1.0717049,9,779
da02,1706845942496498,7.0432568,0.82442659,1.0668983,9,780
da02,1706845942596483,7.0557489,0.82115358,1.0682192,10,781
da02,1706845942696487,7.0662456,0.81756985,1.076148,10,782
da02,1706845942796487,7.0714774,0.81410682,1.0774548,10,783
da02,1706845942896639,7.0726275,0.8186239,1.0725089,10,784
da02,1706845942996464,7.0703807,0.82493824,1.071784,9,785
da02,1706845943096464,7.063868,0.82097584,1.076063,8,786
da02,1706845943196448,7.06962,0.82001323,1.0822428,9,787
da02,1706845943296517,7.0785508,0.81824023,1.0854267,10,788
da02,1706845943396479,7.0776844,0.81315345,1.0708688,10,789
da02,1706845943496496,7.0684681,0.819633,1.0716441,8,790
da02,1706845943596496,7.0604796,0.8200286,1.0672858,8,791
da02,1706845943696606,7.0499225,0.8202585,1.0652225,8,792
da02,1706845943796494,7.0608406,0.81127125,1.0686555,10,793
da02,1706845943896492,7.064404,0.8078689,1.0658191,10,794
da02,1706845943996544,7.0655074,0.80676264,1.07083,9,795
da02,1706845944096457,7.0559645,0.81143171,1.0714267,8,796
da02,1706845944196476,7.0590329,0.81839228,1.0779175,9,797
da02,1706845944296534,7.0594192,0.82444286,1.0695939,10,798
da02,1706845944396458,7.0640626,0.82039016,1.0658891,10,799
da02,1706845944496488,7.0587082,0.82023376,1.0637196,9,800
da02,1706845944596656,7.0626435,0.82471722,1.0615213,10,801
da02,1706845944696490,7.0663834,0.82617664,1.0653931,10,802
da02,1706845944796575,7.0542445,0.83051139,1.0618088,8,803
da02,1706845944896500,7.050601,0.82633907,1.0578629,9,804
da02,1706845944996430,7.055377,0.83148152,1.0619309,9,805
da02,1706845945096477,7.0447049,0.84340143,1.0625105,8,806
da02,1706845945196435,7.0458145,0.83148807,1.0639733,8,807
da02,1706845945296554,7.0503235,0.8312639,1.060506,10,808
da02,1706845945396474,7.0559483,0.83328342,1.0694413,9,809
da02,1706845945496485,7.0610204,0.82959569,1.0729932,9,810
da02,1706845945596558,7.0613704,0.82563615,1.0837537,8,811
da02,1706845945696488,7.0506907,0.81881744,1.07961,7,812
da02,1706845945796429,7.0485559,0.826855,1.0803541,8,813
da02,1706845945896530,7.0401397,0.83058268,1.0781832,8,814
da02,1706845945996445,7.0285296,0.83291739,1.0791727,8,815
da02,1706845946096504,7.0319533,0.83631366,1.0796546,8,816
da02,1706845946196564,7.0273805,0.83354521,1.0789659,7,817
da02,1706845946297066,7.034317,0.8260079,1.0739845,9,818
da02,1706845946396517,7.0497313,0.82839435,1.0664462,11,819
da02,1706845946496533,7.0548081,0.82740593,1.0703387,9,820
da02,1706845946596458,7.0641775,0.83791,1.0755724,10,821
da02,1706845946696474,7.0618238,0.83489305,1.0732048,9,822
da02,1706845946796578,7.0612378,0.83043587,1.0666482,9,823
da02,1706845946896510,7.0432286,0.83276087,1.0746683,8,824
da02,1706845946996434,7.0506387,0.83442867,1.0762635,9,825
da02,1706845947096564,7.0474248,0.83522767,1.0732337,8,826
da02,1706845947196548,7.0466876,0.82644755,1.0764459,8,827
da02,1706845947296476,7.0559268,0.829412,1.0705131,10,828
da02,1706845947396637,7.0490937,0.83249068,1.0775063,8,829
da02,1706845947496496,7.0558214,0.8335312,1.0729088,10,830
da02,1706845947596457,7.058104,0.83916759,1.066653,10,831
da02,1706845947696558,7.0675797,0.83594358,1.0715653,10,832
da02,1706845947796548,7.0645413,0.84639978,1.0795327,9,833
da02,1706845947896622,7.0659161,0.84091,1.0801536,9,834
da02,1706845947996602,7.0631065,0.83829629,1.0732124,9,835
da02,1706845948096514,7.0669193,0.825154,1.0668869,10,836
da02,1706845948196492,7.0614648,0.83311719,1.0698428,9,837
da02,1706845948296570,7.0581055,0.84064,1.0672913,9,838
da02,1706845948396552,7.0574913,0.84563,1.0595905,10,839
da02,1706845948496568,7.0620995,0.84454143,1.0560528,10,840
da02,1706845948596466,7.0590425,0.8431409,1.0713688,8,841
da02,1706845948696496,7.0416584,0.83779246,1.0805684,8,842
da02,1706845948796458,7.0494862,0.83481234,1.0871912,9,843
da02,1706845948896512,7.0524116,0.82656372,1.0884842,8,844
da02,1706845948996458,7.0582376,0.8335557,1.0826093,10,845
da02,1706845949096467,7.0668755,0.83471853,1.0821581,10,846
da02,1706845949196497,7.0764923,0.82926923,1.0853631,10,847
da02,1706845949296548,7.0690389,0.83478606,1.0767729,9,848
da02,1706845949396518,7.0705996,0.84640491,1.0760934,10,849
da02,1706845949496506,7.0651445,0.83935595,1.0759156,8,850
da02,1706845949596495,7.0617013,0.84117627,1.0766219,9,851
da02,1706845949696603,7.0687633,0.83785766,1.0707012,10,852
da02,1706845949796476,7.0721617,0.83390552,1.0599594,11,853
da02,1706845949896534,7.0688739,0.83645964,1.0550803,10,854
da02,1706845949996552,7.0653071,0.83601689,1.0623549,9,855
da02,1706845950096510,7.0633922,0.83610755,1.0626779,9,856
da02,1706845950196689,7.0549226,0.84615791,1.0642399,8,857
da02,1706845950296558,7.0496817,0.8327561,1.0647662,8,858
da02,1706845950396534,7.0483146,0.827947,1.0749589,8,859
da02,1706845950496642,7.0522242,0.82515639,1.0828347,8,860
da02,1706845950596517,7.0624356,0.82511812,1.073686,11,861
da02,1706845950696503,7.0727654,0.82469505,1.0748891,10,862
da02,1706845950796728,7.0880561,0.83610439,1.0690463,12,863
da02,1706845950896487,7.0877461,0.83485174,1.0591538,11,864
da02,1706845950996488,7.0647054,0.830081,1.0794322,8,865
da02,1706845951096580,7.0691924,0.82234985,1.0798454,9,866
da02,1706845951196508,7.0530524,0.82191861,1.0793747,8,867
da02,1706845951296522,7.047452,0.81868023,1.0788587,8,868
da02,1706845951396487,7.0450063,0.82457411,1.0717497,9,869
da02,1706845951496654,7.0627103,0.82693177,1.0760972,11,870
da02,1706845951596494,7.0646586,0.81959713,1.0716805,9,871
da02,1706845951696546,7.0711083,0.813812,1.0645484,10,872
da02,1706845951796571,7.075407,0.8188014,1.0647354,10,873
da02,1706845951896499,7.0748143,0.82174969,1.0642966,10,874
da02,1706845951996672,7.0621376,0.82563615,1.0689671,8,875
da02,1706845952096525,7.057415,0.83824462,1.0795227,8,876
da02,1706845952196550,7.0674949,0.83038819,1.0846256,10,877
da02,1706845952296712,7.0522246,0.82418251,1.0867455,7,878
da02,1706845952396552,7.0536165,0.82499236,1.0802492,9,879
da02,1706845952496578,7.0776443,0.83158058,1.0681356,13,880
da02,1706845952596697,7.0772848,0.82946044,1.0685848,10,881
da02,1706845952696507,7.0892491,0.83065122,1.0694238,11,882
da02,1706845952796525,7.071908,0.82672364,1.067516,8,883
da02,1706845952896635,7.0731397,0.83998007,1.0701979,10,884
da02,1706845952996510,7.0821671,0.84216046,1.0828528,10,885
da02,1706845953096511,7.0657797,0.83835936,1.076211,8,886
da02,1706845953196682,7.0699091,0.71698409,1.0489235,70,887
da02,1706845953296497,7.0776148,0.74440312,1.0466703,11,888
da02,1706845953396976,7.0748849,0.76863027,1.0431422,10,889
da02,1706845953496665,7.0857673,0.79554296,1.0415443,12,890
da02,1706845953596590,7.0863914,0.80507386,1.0512682,10,891
da02,1706845953696571,7.0670419,0.81125176,1.054543,7,892
da02,1706845953796912,7.0657606,0.7987799,1.0533942,9,893
da02,1706845953896969,7.0626163,0.80587256,1.0631152,8,894
da02,1706845953996570,7.0701814,0.80832857,1.0771043,9,895
da02,1706845954096573,7.0599232,0.80770582,1.0833577,7,896
da02,1706845954196601,7.0572829,0.80018866,1.0858074,8,897
da02,1706845954296542,7.0596285,0.81147522,1.0842215,9,898
da02,1706845954396631,7.0637569,0.81556517,1.0734488,10,899
da02,1706845954496657,7.0713406,0.82534248,1.0740236,10,900
da02,1706845954596583,7.0652924,0.82508647,1.0698832,9,901
da02,1706845954696650,7.06885,0.81933737,1.0743635,9,902
da02,1706845954796518,7.0729141,0.82478815,1.0741484,10,903
da02,1706845954896512,7.0609903,0.83423454,1.0796425,8,904
da02,1706845954996573,7.0590038,0.83479005,1.0721436,9,905
da02,1706845955096500,7.0514932,0.82989562,1.0651628,8,906
da02,1706845955196466,7.0597754,0.84054697,1.0660657,10,907
da02,1706845955296693,7.0684085,0.84072983,1.0673783,10,908
da02,1706845955396490,7.0786667,0.84161973,1.0765603,10,909
da02,1706845955496534,7.0822411,0.83866733,1.0618056,11,910
da02,1706845955596700,7.0775323,0.84328824,1.0686731,9,911
da02,1706845955696547,7.0671759,0.84442246,1.0748438,8,912
da02,1706845955796554,7.0612621,0.8479864,1.0709611,9,913
da02,1706845955896526,7.074501,0.84712034,1.0714018,11,914
da02,1706845955996516,7.0718727,0.84068835,1.0729325,9,915
da02,1706845956096559,7.0683293,0.83852738,1.0664639,9,916
da02,1706845956196610,7.0744786,0.83738708,1.0621225,11,917
da02,1706845956296553,7.0793715,0.84289813,1.0583268,11,918
da02,1706845956396581,7.206296,0.83560306,1.0400085,67,919
da02,1706845956496562,7.1833673,0.83110029,1.0497962,11,920
da02,1706845956596584,7.1624889,0.84343863,1.0479538,11,921
da02,1706845956696561,7.1351862,0.83711249,1.0621153,8,922
da02,1706845956796730,7.1193151,0.83249861,1.060213,10,923
da02,1706845956896582,7.1153569,0.8358773,1.0590366,11,924
da02,1706845956996555,7.1125445,0.82602167,1.0655612,10,925
da02,1706845957098105,7.1099086,0.83028048,1.0616341,11,926
da02,1706845957196569,7.0796189,0.83504194,1.0563811,8,927
da02,1706845957296512,7.0834546,0.82651389,1.0569116,10,928
da02,1706845957396500,7.0716171,0.83187157,1.0622112,8,929
da02,1706845957496527,7.067955,0.8198728,1.0610948,9,930
da02,1706845957596600,7.0677223,0.82070744,1.0563062,10,931
da02,1706845957696628,7.0618091,0.82114995,1.0693364,8,932
da02,1706845957796510,7.0544152,0.81665581,1.0644495,8,933
da02,1706845957896557,7.0536489,0.82315195,1.0562829,10,934
da02,1706845957996580,7.0677285,0.82288432,1.0588458,11,935
da02,1706845958096500,7.0591393,0.824258,1.0673487,8,936
da02,1706845958196584,7.0574703,0.81301814,1.0648992,9,937
da02,1706845958297161,7.0658531,0.81964111,1.0792245,9,938
da02,1706845958396492,7.0695257,0.8227219,1.0849308,9,939
da02,1706845958496665,7.0773592,0.82143128,1.0767354,11,940
da02,1706845958596574,7.0786777,0.81700218,1.0743936,10,941
da02,1706845958696528,7.0693331,0.81463367,1.0793674,8,942
da02,1706845958796615,7.0886145,0.82446134,1.0766706,12,943
da02,1706845958896546,7.0830936,0.8319447,1.0743123,10,944
da02,1706845958996567,7.0924387,0.83479285,1.0671561,12,945
da02,1706845959096682,7.1998177,0.83219063,1.0528786,67,946
da02,1706845959196609,7.17238,0.82884878,1.0559573,10,947
da02,1706845959296578,7.1379905,0.82848316,1.0510472,9,948
da02,1706845959396834,7.1198096,0.82983285,1.044663,10,949
da02,1706845959496617,7.1106238,0.84087861,1.0496434,10,950
da02,1706845959596581,7.0968566,0.84799087,1.0508932,10,951
da02,1706845959696552,7.0835118,0.85173768,1.0571777,9,952
da02,1706845959796813,7.0887918,0.8554731,1.063459,11,953
da02,1706845959896596,7.077075,0.85766089,1.0731888,8,954
da02,1706845959996545,7.0661821,0.84815317,1.0697875,8,955
da02,1706845960096581,7.052362,0.85962355,1.0685203,8,956
da02,1706845960196690,7.0441022,0.85633326,1.065563,8,957
da02,1706845960296555,7.0502639,0.84310067,1.0744288,8,958
da02,1706845960396558,7.0487447,0.83684009,1.0787601,8,959
da02,1706845960496682,7.048862,0.82544166,1.0758163,8,960
da02,1706845960596546,7.0399451,0.83106214,1.0702987,8,961
da02,1706845960696578,7.0460486,0.82308304,1.0627954,10,962
da02,1706845960796678,7.041914,0.83426315,1.0559634,9,963
da02,1706845960896551,7.05659,0.83356887,1.0447837,12,964
da02,1706845960996566,7.0556,0.84092051,1.055818,9,965
da02,1706845961096647,7.073782,0.83512795,1.0646523,11,966
da02,1706845961196692,7.0784216,0.81942719,1.0624013,10,967
da02,1706845961297253,7.0698295,0.81794131,1.0808148,7,968
da02,1706845961396559,7.0729842,0.81780779,1.0709592,10,969
da02,1706845961496564,7.0707517,0.8165952,1.0567973,10,970
da02,1706845961596552,7.0835419,0.82398772,1.059209,11,971
da02,1706845961696560,7.064724,0.83660471,1.0642183,8,972
da02,1706845961796542,7.059967,0.83062458,1.0528767,10,973
da02,1706845961896606,7.0538774,0.81852496,1.0490586,9,974
da02,1706845961996587,7.0633144,0.81708419,1.0575681,10,975
da02,1706845962096688,7.0654736,0.81180656,1.0663935,9,976
da02,1706845962196568,7.0731683,0.81322736,1.0630995,11,977
da02,1706845962296584,7.0670714,0.81331724,1.0734107,8,978
da02,1706845962396636,7.073215,0.81434304,1.0686318,10,979
da02,1706845962496618,7.0693583,0.81758416,1.070454,9,980
da02,1706845962596700,7.0595608,0.82211107,1.0819598,8,981
da02,1706845962696580,7.0671034,0.82691669,1.0757867,10,982
da02,1706845962796959,7.0625405,0.82361811,1.07533,8,983
da02,1706845962896707,7.0586925,0.82379323,1.0708629,9,984
da02,1706845962996568,7.0549803,0.827977,1.0740997,8,985
da02,1706845963096642,7.0561514,0.82191241,1.0625064,10,986
da02,1706845963196679,7.0546417,0.82399791,1.0640559,9,987
da02,1706845963296575,7.0327659,0.81888771,1.0714757,8,988
da02,1706845963396600,7.0363822,0.81909448,1.0714049,8,989
da02,1706845963496691,7.0453649,0.80891716,1.0565828,10,990
da02,1706845963596557,7.056468,0.81587237,1.0601734,10,991
da02,1706845963696584,7.0506506,0.82121569,1.0728945,8,992
da02,1706845963796687,7.0523095,0.83059216,1.0724258,9,993
da02,1706845963896601,7.0617194,0.82991958,1.0675542,10,994
da02,1706845963996567,7.0681334,0.82113737,1.0665405,10,995
da02,1706845964096586,7.061377,0.8211422,1.0669516,8,996
da02,1706845964196580,7.0622888,0.82875878,1.0618167,10,997
da02,1706845964297424,7.0589666,0.82160109,1.0713826,8,998
da02,1706845964396675,7.0563221,0.82641745,1.0666006,9,999
da02,1706845964496646,7.0586662,0.82256567,1.0658847,9,1000
da02,1706845964596704,7.0584283,0.82487047,1.0687556,9,1001
da02,1706845964696578,7.0483146,0.82729232,1.0636052,8,1002
da02,1706845964796646,7.0493841,0.81302166,1.0651942,8,1003
da02,1706845964896768,7.0559564,0.82348436,1.0575708,11,1004
da02,1706845964996722,7.0450678,0.81975645,1.0713565,8,1005
da02,1706845965096677,7.0568347,0.81014138,1.0718637,10,1006
da02,1706845965196648,7.0571566,0.80880648,1.0748887,8,1007
da02,1706845965296544,7.0588536,0.81193352,1.079342,9,1008
da02,1706845965396693,7.06779,0.814794,1.0758895,10,1009
da02,1706845965496611,7.0523157,0.82035333,1.078905,8,1010
da02,1706845965596573,7.04456,0.82086533,1.0763832,8,1011
da02,1706845965696690,7.0454688,0.82814664,1.0672923,9,1012
da02,1706845965796678,7.0530481,0.83362663,1.0663453,10,1013
da02,1706845965896614,7.0604339,0.82729518,1.0631768,10,1014
da02,1706845965996704,7.0590496,0.82466483,1.0669838,9,1015
da02,1706845966096610,7.0560565,0.82569903,1.0649612,9,1016
da02,1706845966196610,7.0587626,0.82725447,1.0674888,9,1017
da02,1706845966297240,7.0425062,0.83039105,1.0749751,8,1018
da02,1706845966396642,7.0384612,0.82057208,1.0669031,8,1019
da02,1706845966496651,7.046382,0.82047206,1.0627563,10,1020
da02,1706845966596735,7.0469995,0.81878465,1.0655571,8,1021
da02,1706845966696652,7.0542827,0.82098347,1.0670098,10,1022
da02,1706845966796616,7.056232,0.82705432,1.0704097,9,1023
da02,1706845966896602,7.0590529,0.81701893,1.0756173,9,1024
da02,1706845966996620,7.0696268,0.83237731,1.0797549,10,1025
da02,1706845967096629,7.0709391,0.82706976,1.0751871,10,1026
da02,1706845967196598,7.0703158,0.82793385,1.0724169,9,1027
da02,1706845967296789,7.0582805,0.83519953,1.0678768,8,1028
da02,1706845967396689,7.0608497,0.83186024,1.0586677,10,1029
da02,1706845967496629,7.0440288,0.83503067,1.0610876,8,1030
da02,1706845967596694,7.0408854,0.83832061,1.05804,9,1031
da02,1706845967696550,7.0485225,0.83671439,1.0658084,9,1032
da02,1706845967796698,7.0502648,0.82275456,1.0624069,9,1033
da02,1706845967896628,7.05165,0.8309741,1.0669432,9,1034
da02,1706845967996699,7.0569057,0.83650553,1.0639895,10,1035
da02,1706845968096550,7.0552197,0.83264416,1.0758501,8,1036
da02,1706845968196688,7.0624609,0.82389963,1.0782102,9,1037
da02,1706845968297074,7.0672941,0.83231252,1.0760458,10,1038
da02,1706845968396687,7.0572238,0.83510518,1.0729907,8,1039
da02,1706845968496640,7.0408988,0.84109038,1.0833963,9,1040
da02,1706845968596612,7.0519867,0.83886647,1.0801948,10,1041
da02,1706845968696641,7.0434456,0.84099907,1.0923722,8,1042
da02,1706845968796859,7.0412946,0.83864051,1.086296,8,1043
da02,1706845968896710,7.0533781,0.83699471,1.0934778,9,1044
da02,1706845968996714,7.0625925,0.829066,1.0891261,10,1045
da02,1706845969096736,7.0794678,0.827069,1.0759747,12,1046
da02,1706845969196745,7.0794268,0.82418883,1.0799943,9,1047
da02,1706845969296649,7.0712667,0.82981795,1.0761733,9,1048
da02,1706845969396850,7.0685635,0.83310944,1.0607332,10,1049
da02,1706845969496708,7.0614233,0.84689814,1.0643816,9,1050
da02,1706845969596707,7.0690103,0.83612025,1.0683554,10,1051
da02,1706845969696768,7.0562787,0.83562869,1.0747197,8,1052
da02,1706845969796715,7.052825,0.83394212,1.0672693,9,1053
da02,1706845969896666,7.0504107,0.82250178,1.0661016,8,1054
da02,1706845969996709,7.0772481,0.81880933,1.0712154,12,1055
da02,1706845970096643,7.0630145,0.83319986,1.0674369,8,1056
da02,1706845970196670,7.06327,0.82922024,1.0582669,10,1057
da02,1706845970299267,7.0605927,0.83880758,1.0624986,9,1058
da02,1706845970396688,7.0659075,0.84007466,1.0745473,9,1059
da02,1706845970497037,7.0685463,0.83018959,1.0791942,9,1060
da02,1706845970596695,7.0614443,0.81931591,1.0726104,8,1061
da02,1706845970696660,7.0641541,0.81015193,1.0653269,10,1062
da02,1706845970796656,7.0499363,0.81660283,1.0606056,8,1063
da02,1706845970896620,7.038599,0.81763959,1.0611407,7,1064
da02,1706845970996652,7.0564408,0.81875,1.0624892,11,1065
da02,1706845971096643,7.06314,0.82931554,1.054317,11,1066
da02,1706845971196634,7.0539141,0.84405142,1.0566522,8,1067
da02,1706845971296659,7.0576954,0.85487366,1.0568187,10,1068
da02,1706845971396618,7.0493283,0.84827179,1.0588279,8,1069
da02,1706845971496630,7.0706973,0.83693504,1.0628791,11,1070
da02,1706845971596615,7.0708184,0.8401683,1.0671113,9,1071
da02,1706845971696591,7.0844817,0.83545649,1.052214,13,1072
da02,1706845971796574,7.0788469,0.840174,1.056255,9,1073
da02,1706845971896703,7.0659528,0.8375836,1.0646627,7,1074
da02,1706845971996628,7.2036715,0.83586037,1.0471858,67,1075
da02,1706845972096665,7.1664515,0.8321901,1.0591459,8,1076
da02,1706845972196699,7.1319275,0.83798516,1.0624701,8,1077
da02,1706845972296677,7.1115141,0.83275807,1.0553952,9,1078
da02,1706845972396664,7.0828619,0.83158606,1.0596249,8,1079
da02,1706845972498321,7.0796232,0.83213294,1.0545897,10,1080
da02,1706845972596686,7.0772271,0.83020991,1.0614464,9,1081
da02,1706845972696633,7.0789275,0.82545656,1.0646785,10,1082
da02,1706845972796692,7.0727668,0.83220696,1.0748467,8,1083
da02,1706845972896654,7.0831113,0.83188713,1.0845834,10,1084
da02,1706845972996662,7.0694752,0.83432651,1.0918807,8,1085
da02,1706845973096766,7.0726418,0.832247,1.095109,9,1086
da02,1706845973196790,7.0804162,0.83118385,1.0875366,11,1087
da02,1706845973296664,7.0748973,0.82121694,1.0855987,8,1088
da02,1706845973396803,7.0688424,0.81452215,1.0747846,9,1089
da02,1706845973496756,7.0813036,0.82313174,1.0781643,11,1090
da02,1706845973596712,7.0746326,0.82604873,1.0758706,9,1091
da02,1706845973696772,7.074945,0.82862759,1.0830656,9,1092
da02,1706845973796784,7.0815797,0.81457508,1.0794322,10,1093
da02,1706845973896719,7.0837379,0.81339324,1.0751672,10,1094
da02,1706845973996788,7.0825071,0.82299858,1.067142,10,1095
da02,1706845974096749,7.0771346,0.82108438,1.0707167,9,1096
da02,1706845974196660,7.0738516,0.82118696,1.0686315,9,1097
da02,1706845974296666,7.0836682,0.81954086,1.0698558,11,1098
da02,1706845974396712,7.0779696,0.82073182,1.0734687,9,1099
da02,1706845974496963,7.0778112,0.82538515,1.0826854,9,1100
da02,1706845974596811,7.0787454,0.83673489,1.0843363,10,1101
da02,1706845974696664,7.0782275,0.82544833,1.0820591,9,1102
da02,1706845974796716,7.0814862,0.82787323,1.0841206,10,1103
da02,1706845974896685,7.0901237,0.82833236,1.0774571,11,1104
da02,1706845974996754,7.0869575,0.83112437,1.0780737,10,1105
da02,1706845975096794,7.087759,0.82578552,1.0779246,10,1106
da02,1706845975196700,7.0738859,0.82008153,1.0784667,8,1107
da02,1706845975296662,7.0955429,0.82297862,1.0809805,12,1108
da02,1706845975396832,7.0861039,0.82406086,1.0797155,9,1109
da02,1706845975496740,7.0836315,0.82388276,1.0697145,10,1110
da02,1706845975596776,7.0691171,0.827953,1.0782615,8,1111
da02,1706845975696827,7.0743728,0.8245489,1.0746406,10,1112
da02,1706845975796806,7.0721254,0.82562429,1.0771313,9,1113
da02,1706845975896671,7.0685024,0.82712442,1.0847968,8,1114
da02,1706845975997790,7.0750446,0.82506639,1.0796247,10,1115
da02,1706845976096769,7.0817828,0.82724875,1.0828019,10,1116
da02,1706845976196755,7.0744119,0.81749755,1.0809451,8,1117
da02,1706845976296775,7.0682788,0.824078,1.0751822,9,1118
da02,1706845976396760,7.0619645,0.8173551,1.0727232,8,1119
da02,1706845976496696,7.0586443,0.81866771,1.0775443,8,1120
da02,1706845976596830,7.060812,0.81531,1.0672455,10,1121
da02,1706845976696833,7.0593724,0.81345522,1.0655427,9,1122
da02,1706845976796805,7.0593815,0.81547982,1.0612546,9,1123
da02,1706845976896726,7.0575953,0.80983973,1.0575736,9,1124
da02,1706845976996707,7.0446239,0.81890613,1.0620893,8,1125
da02,1706845977096672,7.0451131,0.82916886,1.0676668,8,1126
da02,1706845977196826,7.2375965,0.65726471,1.4056386,73,1127
da02,1706845977296674,7.1833978,0.70631975,1.3316382,8,1128
da02,1706845977396751,7.1653666,0.73938757,1.2640774,11,1129
da02,1706845977496792,7.1390071,0.75203079,1.2114987,9,1130
da02,1706845977596725,7.1226411,0.76384377,1.168136,10,1131
da02,1706845977696680,7.1011157,0.77815521,1.1434457,8,1132
da02,1706845977796968,7.0765705,0.79139155,1.1267523,8,1133
da02,1706845977896706,7.0801315,0.81016153,1.1164522,10,1134
da02,1706845977996757,7.0772648,0.8118903,1.1022947,9,1135
da02,1706845978096792,7.0789194,0.81395924,1.096025,10,1136
da02,1706845978196721,7.0858774,0.81783682,1.0906855,11,1137
da02,1706845978296681,7.072629,0.826208,1.0778551,9,1138
da02,1706845978396880,7.0800071,0.82586861,1.080748,10,1139
da02,1706845978496722,7.0879188,0.82230455,1.077538,11,1140
da02,1706845978596752,7.0765467,0.82497519,1.0811313,8,1141
da02,1706845978696812,7.0749269,0.8248657,1.077564,9,1142
da02,1706845978796761,7.0764313,0.822199,1.0746669,10,1143
da02,1706845978896703,7.0775018,0.82366633,1.0622395,11,1144
da02,1706845978996760,7.0662661,0.81399256,1.0653188,8,1145
da02,1706845979096720,7.0638347,0.81205422,1.0727234,8,1146
da02,1706845979196722,7.0680985,0.81373924,1.0676135,10,1147
da02,1706845979297235,7.0782008,0.8139376,1.0693558,11,1148
da02,1706845979396746,7.0704107,0.81769067,1.0629547,9,1149
da02,1706845979496706,7.068841,0.81637371,1.0658852,9,1150
da02,1706845979596750,7.0723877,0.80760163,1.0607799,10,1151
da02,1706845979696728,7.0677552,0.8001256,1.0723695,8,1152
da02,1706845979796717,7.0546937,0.8015185,1.0769261,7,1153
da02,1706845979896714,7.0523057,0.81421983,1.084626,8,1154
da02,1706845979996731,7.0471859,0.81816131,1.0818323,8,1155
da02,1706845980096782,7.1597281,0.81358922,1.0709378,67,1156
da02,1706845980196738,7.1303935,0.8185333,1.0647912,9,1157
da02,1706845980296816,7.1048479,0.82997304,1.0674551,8,1158
da02,1706845980396850,7.0955305,0.84349406,1.0711033,9,1159
da02,1706845980496890,7.0887957,0.83801132,1.068638,9,1160
da02,1706845980596738,7.0831122,0.82563841,1.0656834,9,1161
da02,1706845980696720,7.0836663,0.82275319,1.0768418,9,1162
da02,1706845980796715,7.0822597,0.81797642,1.074751,10,1163
da02,1706845980896923,7.0726728,0.82252651,1.0728488,9,1164
da02,1706845980996821,7.0751314,0.81892937,1.0756091,9,1165
da02,1706845981096927,7.0841746,0.82387769,1.0682825,11,1166
da02,1706845981196902,7.0834217,0.81808889,1.0666566,10,1167
da02,1706845981296787,7.0851626,0.81383669,1.0573643,11,1168
da02,1706845981396930,7.0732994,0.82090229,1.0594244,8,1169
da02,1706845981496832,7.0609641,0.82511556,1.0539162,9,1170
da02,1706845981596860,7.0568423,0.81886345,1.0619578,8,1171
da02,1706845981696743,7.0614018,0.81240612,1.0680038,9,1172
da02,1706845981796809,7.0623426,0.81987065,1.0732517,9,1173
da02,1706845981896774,7.0634618,0.82403195,1.0702795,10,1174
da02,1706845981996728,7.0643196,0.82603353,1.0676887,10,1175
da02,1706845982096809,7.0645308,0.83009118,1.0730155,9,1176
da02,1706845982196822,7.0584512,0.81811452,1.0676382,8,1177
da02,1706845982296722,7.061337,0.82084018,1.0678033,9,1178
da02,1706845982396834,7.0515971,0.82760227,1.0674803,8,1179
da02,1706845982496796,7.055274,0.83760965,1.072351,9,1180
da02,1706845982596751,7.0630817,0.84035,1.0744255,10,1181
da02,1706845982696754,7.0532956,0.841855,1.0734911,8,1182
da02,1706845982796752,7.0659971,0.83278215,1.0695565,11,1183
da02,1706845982896703,7.0646305,0.83631372,1.0674762,9,1184
da02,1706845982996778,7.0678616,0.83485293,1.0736525,9,1185
da02,1706845983096725,7.0614309,0.83891624,1.0720806,9,1186
da02,1706845983196704,7.0781727,0.83250481,1.0764927,11,1187
da02,1706845983296756,7.0746665,0.82750845,1.0722557,9,1188
da02,1706845983396706,7.0811143,0.83059263,1.0728011,10,1189
da02,1706845983496800,7.096931,0.82035226,1.0680733,12,1190
da02,1706845983596766,7.0920329,0.82740283,1.0679787,10,1191
da02,1706845983696794,7.0759573,0.84433109,1.0802214,8,1192
da02,1706845983796830,7.0576334,0.84441662,1.0766201,8,1193
da02,1706845983896781,7.0623569,0.83345783,1.0769647,9,1194
da02,1706845983996779,7.0684562,0.83391297,1.0729988,10,1195
da02,1706845984096991,7.0562625,0.830369,1.0629745,8,1196
da02,1706845984196772,7.0562196,0.82880151,1.0800238,8,1197
da02,1706845984296712,7.0540061,0.8243137,1.0733227,9,1198
da02,1706845984396870,7.0577068,0.82025903,1.0692447,9,1199
da02,1706845984496896,7.0573354,0.822373,1.0736623,9,1200
da02,1706845984596794,7.0696344,0.82636309,1.0784281,10,1201
da02,1706845984696830,7.0715246,0.83414286,1.0764872,10,1202
da02,1706845984796766,7.0740023,0.84560329,1.0728457,10,1203
da02,1706845984896733,7.06803,0.84176612,1.0718104,9,1204
da02,1706845984996872,7.063014,0.70695615,1.0514318,70,1205
da02,1706845985096740,7.0667214,0.73335606,1.0601798,9,1206
da02,1706845985196779,7.0802412,0.75293922,1.0653622,11,1207
da02,1706845985296774,7.0816207,0.76490229,1.0641911,10,1208
da02,1706845985396806,7.0738688,0.77336246,1.0666285,8,1209
da02,1706845985496752,7.0758605,0.79326308,1.0707828,10,1210
da02,1706845985596741,7.07358,0.805164,1.0725847,9,1211
da02,1706845985696768,7.0535555,0.81720477,1.0760885,8,1212
da02,1706845985797047,7.0651207,0.80979979,1.0666407,11,1213
da02,1706845985897039,7.0870166,0.82165974,1.0607651,13,1214
da02,1706845985996778,7.0739822,0.82305062,1.0584381,9,1215
da02,1706845986096776,7.0700355,0.81736529,1.0644691,8,1216
da02,1706845986196890,7.0751224,0.81209713,1.0666734,10,1217
da02,1706845986296855,7.0616107,0.81803346,1.0682935,8,1218
da02,1706845986396857,7.063374,0.8177942,1.0661757,9,1219
da02,1706845986497372,7.0642328,0.82244444,1.0687634,9,1220
da02,1706845986596758,7.0706797,0.82268804,1.0644512,10,1221
da02,1706845986696756,7.06636,0.82044345,1.0703288,8,1222
da02,1706845986796887,7.054728,0.81910229,1.0644046,8,1223
da02,1706845986896738,7.0471082,0.81927764,1.0562279,9,1224
da02,1706845986996777,7.0577569,0.82135552,1.0705595,9,1225
da02,1706845987096831,7.0726056,0.82863015,1.0739433,11,1226
da02,1706845987196765,7.0764661,0.83324045,1.0766695,10,1227
da02,1706845987296724,7.0840292,0.83002973,1.0830173,10,1228
da02,1706845987396852,7.0714388,0.82515675,1.0802426,8,1229
da02,1706845987496760,7.0688515,0.82158136,1.0801873,9,1230
da02,1706845987596783,7.0718255,0.823127,1.0739223,10,1231
da02,1706845987696805,7.0779853,0.81380373,1.0814068,9,1232
da02,1706845987796810,7.0692081,0.81189764,1.0780874,8,1233
da02,1706845987898418,7.0581331,0.80588382,1.0792025,7,1234
da02,1706845987996856,7.0652518,0.81546885,1.0754052,10,1235
da02,1706845988096771,7.0666533,0.82865155,1.0666174,10,1236
da02,1706845988196803,7.0693016,0.83482414,1.0596837,10,1237
da02,1706845988296806,7.0755963,0.8342309,1.0580858,11,1238
da02,1706845988396860,7.0764837,0.83293694,1.063866,9,1239
da02,1706845988496790,7.0725331,0.83299762,1.0735059,8,1240
da02,1706845988596879,7.0616207,0.83070695,1.0782849,7,1241
da02,1706845988696816,7.0626583,0.82465971,1.0742975,9,1242
da02,1706845988796810,7.0596085,0.82048005,1.0673423,9,1243
da02,1706845988896794,7.0655088,0.83163655,1.0658977,10,1244
da02,1706845988996817,7.0669994,0.8317247,1.0679076,9,1245
da02,1706845989096757,7.0585938,0.83091271,1.0703396,8,1246
da02,1706845989196900,7.0694017,0.83273631,1.0800021,10,1247
da02,1706845989296757,7.0736151,0.84122556,1.074071,11,1248
da02,1706845989396832,7.0831428,0.83270007,1.0721797,11,1249
da02,1706845989496871,7.0715647,0.82528418,1.0738572,8,1250
da02,1706845989596841,7.0785732,0.81923741,1.0659882,11,1251
da02,1706845989696790,7.0760593,0.8209396,1.0651585,9,1252
da02,1706845989796794,7.0662336,0.81760997,1.065151,8,1253
da02,1706845989896807,7.060946,0.82749671,1.0647362,9,1254
da02,1706845989996775,7.0611935,0.83417118,1.0694481,9,1255
da02,1706845990096744,7.0581808,0.82456535,1.0691764,8,1256
da02,1706845990196790,7.0409918,0.8249647,1.0831234,8,1257
da02,1706845990297273,7.1946588,0.68628061,1.483471,71,1258
da02,1706845990396871,7.1558304,0.72370791,1.3834865,8,1259
da02,1706845990496809,7.1420617,0.7471267,1.3082017,10,1260
da02,1706845990596820,7.1176887,0.75926518,1.2485354,8,1261
da02,1706845990696812,7.1156297,0.78402311,1.1946163,12,1262
da02,1706845990796929,7.0972748,0.79967678,1.1624341,9,1263
da02,1706845990896822,7.0812812,0.80797088,1.1454051,8,1264
da02,1706845990996797,7.0738382,0.81543493,1.1242083,9,1265
da02,1706845991096886,7.0679231,0.81799352,1.1137671,8,1266
da02,1706845991196804,7.0634522,0.82217818,1.1028638,9,1267
da02,1706845991296775,7.0620689,0.82128006,1.0878462,9,1268
da02,1706845991396924,7.0541053,0.82492405,1.0873704,8,1269
da02,1706845991496866,7.0596666,0.82222563,1.0822998,10,1270
da02,1706845991596820,7.0652714,0.82662511,1.073856,10,1271
da02,1706845991696876,7.0832353,0.8266691,1.0859641,11,1272
da02,1706845991796806,7.0851922,0.83338916,1.0733774,11,1273
da02,1706845991896811,7.07227,0.82994944,1.0699288,8,1274
da02,1706845991996880,7.0809264,0.82759011,1.0703958,11,1275
da02,1706845992096978,7.0710077,0.82371384,1.0729256,8,1276
da02,1706845992196842,7.07357,0.816865,1.0660268,10,1277
da02,1706845992296981,7.0732017,0.80939394,1.0720447,9,1278
da02,1706845992396820,7.0579886,0.80927706,1.0669966,8,1279
da02,1706845992496823,7.05096,0.82046062,1.065596,8,1280
da02,1706845992597389,7.0573339,0.81661391,1.0690464,9,1281
da02,1706845992696773,7.067874,0.81383395,1.066489,11,1282
da02,1706845992797258,7.0664816,0.81836796,1.06513,9,1283
da02,1706845992896894,7.0696926,0.81882375,1.0646466,10,1284
da02,1706845992996823,7.0840478,0.8099454,1.0749623,10,1285
da02,1706845993096799,7.0821333,0.80871487,1.0798573,9,1286
da02,1706845993196896,7.0652809,0.81599236,1.0660586,8,1287
da02,1706845993296780,7.057282,0.82026428,1.0655155,8,1288
da02,1706845993396772,7.0520544,0.82266396,1.0748117,7,1289
da02,1706845993496882,7.0556889,0.82944793,1.0763451,9,1290
da02,1706845993596775,7.0401106,0.83761442,1.0834979,8,1291
da02,1706845993696794,7.0523715,0.84746587,1.0799235,10,1292
da02,1706845993796870,7.0563569,0.84316832,1.0873601,8,1293
da02,1706845993896823,7.0482883,0.84173226,1.0824586,8,1294
da02,1706845993996771,7.0629506,0.83303851,1.0862868,10,1295
da02,1706845994096804,7.0571218,0.82929748,1.0841522,8,1296
da02,1706845994196790,7.0553107,0.83292794,1.0775875,9,1297
da02,1706845994296790,7.0567555,0.82740974,1.0781959,9,1298
da02,1706845994396919,7.0477505,0.83506995,1.0826073,8,1299
da02,1706845994496831,7.0480986,0.82523942,1.0790459,8,1300
da02,1706845994596792,7.0430551,0.81628174,1.0785688,7,1301
da02,1706845994696788,7.0478473,0.82129306,1.0783442,9,1302
da02,1706845994796872,7.0737324,0.826154,1.0707929,13,1303
da02,1706845994896778,7.0589714,0.83233243,1.0679421,8,1304
da02,1706845994996826,7.0717335,0.82637626,1.0740789,10,1305
da02,1706845995096852,7.0877566,0.82798183,1.0778673,11,1306
da02,1706845995196866,7.0805888,0.82875407,1.0598933,10,1307
da02,1706845995296843,7.0686908,0.83430851,1.0623569,8,1308
da02,1706845995396984,7.0657983,0.84268218,1.0614731,9,1309
da02,1706845995496943,7.0634089,0.839215,1.0640373,9,1310
da02,1706845995596891,7.0626173,0.84560215,1.0648243,9,1311
da02,1706845995696965,7.0567613,0.84546548,1.066432,8,1312
da02,1706845995796957,7.0677962,0.83620256,1.069702,10,1313
da02,1706845995896786,7.0645728,0.82682955,1.0856624,7,1314
da02,1706845995996944,7.0575466,0.82648921,1.0857491,8,1315
da02,1706845996096890,7.0683408,0.82657093,1.0705272,11,1316
da02,1706845996196847,7.0620661,0.81584668,1.0682049,8,1317
da02,1706845996296996,7.0663719,0.81690937,1.0707357,9,1318
da02,1706845996396941,7.0715322,0.81699491,1.0706737,10,1319
da02,1706845996496790,7.0628567,0.81350529,1.0727277,8,1320
da02,1706845996597492,7.0631208,0.8165971,1.0742862,9,1321
da02,1706845996696894,7.0586877,0.82220423,1.0777143,8,1322
da02,1706845996796883,7.0543652,0.81742907,1.0777096,8,1323
da02,1706845996896867,7.0533724,0.8161267,1.0778201,8,1324
da02,1706845996996974,7.0608735,0.8249613,1.0802259,10,1325
da02,1706845997096862,7.0517364,0.8246631,1.0836312,7,1326
da02,1706845997196860,7.067822,0.82139218,1.0869899,10,1327
da02,1706845997296826,7.070807,0.81435138,1.0789491,10,1328
da02,1706845997396871,7.0666838,0.82397026,1.0741309,9,1329
da02,1706845997496814,7.0687685,0.81851763,1.0702713,10,1330
da02,1706845997596831,7.07012,0.82687175,1.0599676,11,1331
da02,1706845997696806,7.0696421,0.83111179,1.0658898,9,1332
da02,1706845997796923,7.0557923,0.82065624,1.0658307,7,1333
da02,1706845997896880,7.0508146,0.82872355,1.057876,9,1334
da02,1706845997996794,7.0524607,0.83393264,1.0680275,8,1335
da02,1706845998096895,7.0565791,0.82520312,1.0683545,9,1336
da02,1706845998196879,7.0492463,0.8253327,1.0619837,8,1337
da02,1706845998296855,7.0619969,0.83117,1.0696267,10,1338
da02,1706845998396876,7.0644231,0.82804173,1.0658464,10,1339
da02,1706845998496870,7.0772538,0.83293152,1.0652034,11,1340
da02,1706845998596910,7.0707474,0.83858991,1.0693324,9,1341
da02,1706845998696860,7.0821066,0.83184713,1.0724871,11,1342
da02,1706845998796849,7.2116332,0.82584232,1.0550327,67,1343
da02,1706845998896983,7.1712489,0.82697856,1.0546609,9,1344
da02,1706845998996835,7.1424413,0.83082616,1.0562252,9,1345
da02,1706845999096861,7.1078806,0.83498973,1.063852,8,1346
da02,1706845999196916,7.0790849,0.8287282,1.068665,8,1347
da02,1706845999296876,7.07279,0.81372368,1.0813956,7,1348
da02,1706845999396819,7.0724421,0.8194086,1.0798945,9,1349
da02,1706845999496914,7.0692277,0.81650573,1.0823141,8,1350
da02,1706845999596851,7.0641694,0.81358933,1.0757382,9,1351
da02,1706845999696819,7.0702939,0.81303036,1.0713468,10,1352
da02,1706845999796926,7.0536861,0.82614267,1.0728736,8,1353
da02,1706845999896862,7.0538831,0.8305434,1.0726334,9,1354
da02,1706845999996807,7.0683417,0.82355094,1.0745224,10,1355
da02,1706846000096920,7.057374,0.82138664,1.0748309,8,1356
da02,1706846000196854,7.0642581,0.82970726,1.0718155,10,1357
da02,1706846000296834,7.075345,0.82596093,1.0649705,11,1358
da02,1706846000396944,7.0572104,0.828401,1.0644509,8,1359
da02,1706846000496876,7.0588884,0.82782781,1.0605068,10,1360
da02,1706846000596837,7.0528793,0.828733,1.0661983,8,1361
da02,1706846000696946,7.0616307,0.83672875,1.0643916,10,1362
da02,1706846000796894,7.0773644,0.845024,1.0692508,11,1363
da02,1706846000896897,7.0731688,0.84431708,1.0744754,9,1364
da02,1706846000996948,7.0620265,0.8426488,1.0686948,8,1365
da02,1706846001096840,7.0605211,0.84251881,1.0743492,9,1366
da02,1706846001196840,7.0693893,0.8373242,1.0807661,10,1367
da02,1706846001297360,7.0631914,0.85003316,1.0829307,9,1368
da02,1706846001396878,7.0690293,0.84973443,1.0747843,11,1369
da02,1706846001496832,7.0757017,0.84833837,1.0791272,10,1370
da02,1706846001597464,7.0670714,0.84042126,1.0760357,8,1371
da02,1706846001696862,7.0789251,0.83812058,1.0703428,11,1372
da02,1706846001796862,7.0768213,0.82801449,1.0635953,10,1373
da02,1706846001896940,7.081418,0.81788969,1.057537,11,1374
da02,1706846001996865,7.0684781,0.83026695,1.0596243,8,1375
da02,1706846002096882,7.0783739,0.834189,1.0621113,11,1376
da02,1706846002196939,7.0778522,0.83035666,1.0561589,10,1377
da02,1706846002296880,7.0698628,0.82468331,1.0615979,8,1378
da02,1706846002396920,7.0774369,0.83066493,1.0731381,10,1379
da02,1706846002496949,7.0684276,0.82379705,1.0704896,8,1380
da02,1706846002596866,7.0694823,0.831166,1.0628647,10,1381
da02,1706846002696870,7.0493717,0.83122408,1.0558563,7,1382
da02,1706846002796944,7.0520353,0.84294909,1.0598277,9,1383
da02,1706846002897150,7.0662956,0.82571673,1.0641798,10,1384
da02,1706846002996930,7.0522728,0.83087,1.0629225,8,1385
da02,1706846003096862,7.066937,0.83723742,1.0677996,11,1386
da02,1706846003197446,7.0768542,0.83753181,1.0702428,11,1387
da02,1706846003298716,7.0690527,0.83341008,1.0770293,8,1388
da02,1706846003396988,7.0750775,0.82901281,1.0761712,10,1389
da02,1706846003496941,7.0872407,0.82959938,1.0699302,12,1390
da02,1706846003596905,7.0704455,0.82364035,1.0747865,7,1391
da02,1706846003696909,7.0668173,0.82937872,1.0792888,9,1392
da02,1706846003796970,7.0599709,0.82875526,1.0872391,7,1393
da02,1706846003896944,7.0691619,0.81690776,1.0835042,10,1394
da02,1706846003996938,7.0715938,0.82444221,1.0806,10,1395
da02,1706846004096878,7.065836,0.82624412,1.0803756,8,1396
da02,1706846004196926,7.058476,0.82601655,1.089407,7,1397
da02,1706846004296866,7.0709267,0.82764781,1.0833552,11,1398
da02,1706846004396899,7.06579,0.82264066,1.089295,8,1399
da02,1706846004496957,7.0591588,0.82712644,1.0844178,8,1400
da02,1706846004596902,7.0666575,0.83964318,1.0768185,11,1401
da02,1706846004696892,7.0820651,0.83642238,1.0773436,11,1402
da02,1706846004796912,7.0720658,0.84114534,1.0828433,8,1403
da02,1706846004896886,7.0730467,0.83999187,1.0806988,10,1404
da02,1706846004996890,7.07658,0.83215213,1.0661434,11,1405
da02,1706846005096887,7.0813074,0.83963597,1.0703442,10,1406
da02,1706846005196878,7.07751,0.84898871,1.0638536,10,1407
da02,1706846005296880,7.0765595,0.85748184,1.061556,10,1408
da02,1706846005396908,7.0764713,0.84888631,1.06365,10,1409
da02,1706846005496903,7.0843863,0.84475923,1.071605,10,1410
da02,1706846005596919,7.0712786,0.83878058,1.0789546,7,1411
da02,1706846005696932,7.0665073,0.82612914,1.0856384,8,1412
da02,1706846005796912,7.0777068,0.82927752,1.0758045,11,1413
da02,1706846005896878,7.0691853,0.83547217,1.0751115,9,1414
da02,1706846005996902,7.0608735,0.84076589,1.0842465,8,1415
da02,1706846006096888,7.0535326,0.8425799,1.0792077,8,1416
da02,1706846006196891,7.0512209,0.83419406,1.0854322,8,1417
da02,1706846006296888,7.057,0.83624566,1.0857534,9,1418
da02,1706846006396967,7.0582719,0.83853257,1.0806704,9,1419
da02,1706846006496903,7.0608649,0.83314377,1.0792418,9,1420
da02,1706846006596974,7.0737228,0.84313005,1.0712305,12,1421
da02,1706846006696892,7.0634937,0.84736454,1.0678,9,1422
da02,1706846006796996,7.0651011,0.8438971,1.0682861,9,1423
da02,1706846006896846,7.0696731,0.84465188,1.0765049,9,1424
da02,1706846006996921,7.0631204,0.8491708,1.0840207,8,1425
da02,1706846007096978,7.0630436,0.83701456,1.075809,9,1426
da02,1706846007196904,7.0770383,0.83328283,1.0805231,11,1427
da02,1706846007296926,7.0764451,0.83114386,1.0730467,10,1428
da02,1706846007397040,7.0708,0.82006043,1.0708982,9,1429
da02,1706846007496832,7.0629907,0.82068473,1.0729688,8,1430
da02,1706846007596972,7.05316,0.82942837,1.0655335,9,1431
da02,1706846007696974,7.0718865,0.83440143,1.0631486,12,1432
da02,1706846007796887,7.0756721,0.82897437,1.0684106,10,1433
da02,1706846007896917,7.0762606,0.84683907,1.0738673,10,1434
da02,1706846007997017,7.0857863,0.84288514,1.0762688,11,1435
da02,1706846008096888,7.0767465,0.84544605,1.0648311,10,1436
da02,1706846008196934,7.077692,0.84438342,1.0634882,10,1437
da02,1706846008296930,7.0819235,0.83798939,1.0674222,10,1438
da02,1706846008397067,7.0774488,0.83156818,1.076823,8,1439
da02,1706846008496940,7.0683222,0.83123922,1.0715886,9,0
da02,1706846008597026,7.056036,0.83728004,1.0686028,8,1
da02,1706846008697037,7.0550656,0.82727087,1.070986,8,2
da02,1706846008796936,7.064333,0.81577718,1.0715858,10,3
da02,1706846008896998,7.0448203,0.82025689,1.0793724,8,4
da02,1706846008997080,7.0495396,0.82501662,1.0803614,9,5
da02,1706846009096901,7.0504742,0.823296,1.0864209,8,6
da02,1706846009197074,7.0533314,0.83099371,1.0895205,9,7
da02,1706846009297080,7.0410552,0.83295506,1.0804656,8,8
da02,1706846009397015,7.052948,0.82753265,1.0786675,10,9
da02,1706846009497057,7.0591846,0.82380641,1.0768222,10,10
da02,1706846009597082,7.0657263,0.8225072,1.0817602,9,11
da02,1706846009696905,7.0685749,0.83119392,1.0865926,9,12
da02,1706846009797048,7.062438,0.83023489,1.0772188,9,13
da02,1706846009897108,7.0522208,0.82373065,1.0851094,7,14
da02,1706846009996926,7.0417676,0.82710427,1.0816936,8,15
da02,1706846010096953,7.2066941,0.66979188,1.4216856,72,16
da02,1706846010196887,7.1748905,0.70517588,1.3275847,10,17
da02,1706846010296899,7.1544127,0.73622221,1.26138,10,18
da02,1706846010396907,7.1343451,0.76622015,1.2074461,10,19
da02,1706846010496917,7.122726,0.78980768,1.1741196,10,20
da02,1706846010597003,7.0995622,0.80355471,1.1528128,8,21
da02,1706846010696922,7.0833521,0.80935735,1.1503371,8,22
da02,1706846010796885,7.0958691,0.80587494,1.1297636,11,23
da02,1706846010896932,7.0943885,0.81021082,1.11776,10,24
da02,1706846010996920,7.0986795,0.80493069,1.1186583,10,25
da02,1706846011096931,7.1030812,0.80779231,1.098534,12,26
da02,1706846011197006,7.0874252,0.82119393,1.0942509,8,27
da02,1706846011297055,7.0876994,0.82097769,1.085937,10,28
da02,1706846011397057,7.07599,0.82433361,1.0901933,8,29
da02,1706846011496902,7.0658145,0.81938505,1.0863199,8,30
da02,1706846011597562,7.0699649,0.81883448,1.0826375,10,31
da02,1706846011696979,7.0682397,0.80972052,1.0809515,9,32
da02,1706846011796952,7.0645189,0.81188655,1.075479,9,33
da02,1706846011896991,7.0624485,0.81614918,1.0707527,9,34
da02,1706846011996998,7.0641704,0.82824457,1.0807179,9,35
da02,1706846012096911,7.0523171,0.82673967,1.0818545,7,36
da02,1706846012197020,7.0563807,0.82541984,1.0804868,9,37
da02,1706846012297643,7.0469575,0.81537181,1.0648046,8,38
da02,1706846012396998,7.0423684,0.81986368,1.0572929,9,39
da02,1706846012496980,7.0495715,0.8273648,1.0629216,9,40
da02,1706846012596993,7.0504255,0.82953,1.0748028,8,41
da02,1706846012696897,7.0499167,0.83236408,1.0691656,9,42
da02,1706846012797052,7.0491285,0.83491617,1.0601082,9,43
da02,1706846012896979,7.0532351,0.831213,1.0579416,10,44
da02,1706846012996960,7.0491776,0.845039,1.0674564,8,45
da02,1706846013097030,7.0478392,0.84388679,1.0753542,8,46
da02,1706846013197048,7.0442262,0.83898032,1.0679791,9,47
da02,1706846013296946,7.0375514,0.84565467,1.0694133,8,48
da02,1706846013397020,7.0470243,0.85115379,1.0770432,9,49
da02,1706846013496929,7.0465717,0.85033149,1.0843377,8,50
da02,1706846013597019,7.0593314,0.84396189,1.0820953,10,51
da02,1706846013696938,7.0639606,0.837306,1.0721942,10,52
da02,1706846013797032,7.0628405,0.83224565,1.0658903,9,53
da02,1706846013896972,7.0597091,0.82841641,1.0617371,9,54
da02,1706846013997108,7.0710311,0.83126825,1.0684323,10,55
da02,1706846014096990,7.0795689,0.83234018,1.0655237,11,56
da02,1706846014196965,7.0744557,0.83412534,1.0626749,9,57
da02,1706846014296932,7.0679092,0.83800858,1.0645987,9,58
da02,1706846014396924,7.0608006,0.8352437,1.0724094,8,59
da02,1706846014496917,7.0587344,0.84336662,1.069301,9,60
da02,1706846014596971,7.0642686,0.83719635,1.0688238,10,61
da02,1706846014696994,7.0580463,0.83584064,1.0645443,9,62
da02,1706846014796968,7.058795,0.83073831,1.0649806,9,63
da02,1706846014897010,7.0654874,0.82664734,1.0611801,10,64
da02,1706846014997032,7.0543194,0.83233792,1.0614693,8,65
da02,1706846015096931,7.0689826,0.83014476,1.0651966,11,66
da02,1706846015197055,7.0712342,0.82237107,1.073233,9,67
da02,1706846015297010,7.0625968,0.81978285,1.0753524,8,68
da02,1706846015397042,7.0541635,0.8208496,1.0720667,8,69
da02,1706846015497015,7.0656285,0.8322897,1.0748942,10,70
da02,1706846015596958,7.0742593,0.83982784,1.0690575,11,71
da02,1706846015696928,7.0697355,0.83822519,1.0662963,9,72
da02,1706846015796982,7.0729203,0.828445,1.0775672,9,73
da02,1706846015896929,7.0672345,0.8277511,1.0787863,8,74
da02,1706846015996952,7.0668511,0.82359385,1.0712469,10,75
da02,1706846016096931,7.0792756,0.814985,1.0721822,11,76
da02,1706846016196926,7.0695348,0.82878238,1.079067,8,77
da02,1706846016296942,7.0715585,0.82925254,1.074766,10,78
da02,1706846016396949,7.0620313,0.82793856,1.0751227,8,79
da02,1706846016496920,7.0603051,0.82180291,1.071102,9,80
da02,1706846016597028,7.0584769,0.82651794,1.07369,9,81
da02,1706846016696978,7.0540814,0.82749087,1.0654527,9,82
da02,1706846016796966,7.0609136,0.81628114,1.0669341,9,83
da02,1706846016897058,7.0566664,0.82006669,1.0780389,8,84
da02,1706846016997003,7.0566278,0.81774688,1.0788238,9,85
da02,1706846017096972,7.0603676,0.81791133,1.0841072,9,86
da02,1706846017197004,7.0710115,0.80729282,1.0816017,10,87
da02,1706846017296924,7.0745583,0.81470364,1.0716509,11,88
da02,1706846017396923,7.0631342,0.81704021,1.0692905,8,89
da02,1706846017497016,7.0602484,0.82108593,1.0705532,9,90
da02,1706846017596966,7.0410204,0.82275271,1.0757762,8,91
da02,1706846017696928,7.0481377,0.83213848,1.0764836,9,92
da02,1706846017797018,7.0562377,0.8332299,1.0794429,9,93
da02,1706846017896961,7.0654593,0.83002192,1.0745593,10,94
da02,1706846017996934,7.0687723,0.83648044,1.0784341,9,95
da02,1706846018097016,7.0688176,0.82713586,1.0723844,9,96
da02,1706846018196983,7.0631576,0.81662464,1.0796106,8,97
da02,1706846018296915,7.0726051,0.81576663,1.0686311,11,98
da02,1706846018397055,7.0833545,0.82595706,1.0680312,11,99
da02,1706846018496962,7.0868087,0.83356583,1.0648539,11,100
da02,1706846018596976,7.0706735,0.83934247,1.0698249,8,101
da02,1706846018698797,7.0807509,0.84362143,1.0691879,11,102
da02,1706846018797032,7.0663476,0.83344752,1.0687275,8,103
da02,1706846018896983,7.0637078,0.83896464,1.0754932,9,104
da02,1706846018997103,7.0649309,0.83344913,1.0791491,9,105
da02,1706846019097081,7.0685291,0.83013463,1.0751609,10,106
da02,1706846019196953,7.06482,0.82153761,1.0769538,8,107
da02,1706846019296978,7.0696349,0.81900245,1.0687617,10,108
da02,1706846019396975,7.0599618,0.81199634,1.0695055,8,109
da02,1706846019497082,7.0539908,0.82101947,1.0678526,8,110
da02,1706846019597009,7.0675263,0.82613635,1.0679159,11,111
da02,1706846019697040,7.0726342,0.83366561,1.0653079,10,112
da02,1706846019797038,7.0739675,0.82728386,1.0664504,10,113
da02,1706846019896980,7.0656075,0.83466637,1.0736262,8,114
da02,1706846019997081,7.0608034,0.84329778,1.0694602,9,115
da02,1706846020097030,7.0722895,0.83870327,1.0741837,10,116
da02,1706846020196994,7.0641241,0.833573,1.0712818,8,117
da02,1706846020297039,7.0628753,0.83501518,1.0707841,9,118
da02,1706846020397060,7.06014,0.82894135,1.0736743,8,119
da02,1706846020496978,7.0669127,0.82265192,1.0718226,10,120
da02,1706846020597071,7.0794911,0.8284868,1.0745199,11,121
da02,1706846020697017,7.079987,0.84017307,1.0785955,10,122
da02,1706846020796988,7.0660167,0.83840406,1.0717249,8,123
da02,1706846020897045,7.0539403,0.84289855,1.0829417,8,124
da02,1706846020997059,7.0644937,0.83650243,1.0830635,10,125
da02,1706846021096980,7.0649915,0.84091544,1.0867138,9,126
da02,1706846021197074,7.0600867,0.840506,1.0794359,9,127
da02,1706846021297027,7.0724463,0.84383672,1.0674249,12,128
da02,1706846021397044,7.0619035,0.840752,1.0678859,8,129
da02,1706846021497088,7.0551195,0.83957464,1.0682943,8,130
da02,1706846021597112,7.0472569,0.84466457,1.0662001,8,131
da02,1706846021697501,7.0510192,0.84149092,1.0649134,9,132
da02,1706846021797120,7.0519371,0.83869874,1.0655704,9,133
da02,1706846021897486,7.0491934,0.83652723,1.0707432,8,134
da02,1706846021996968,7.0525055,0.83311921,1.07139,9,135
da02,1706846022097001,7.0540314,0.84245026,1.0772902,9,136
da02,1706846022197112,7.0557961,0.83455151,1.0779729,9,137
da02,1706846022296947,7.0535073,0.83982331,1.0753977,9,138
da02,1706846022397008,7.0620818,0.84620464,1.067878,11,139
da02,1706846022497080,7.0785885,0.8424468,1.0747809,11,140
da02,1706846022596998,7.0683227,0.84463555,1.0694239,9,141
da02,1706846022697067,7.0571604,0.84946615,1.0788811,8,142
da02,1706846022797078,7.0721769,0.84859747,1.0798137,11,143
da02,1706846022896982,7.0616646,0.84656054,1.077906,8,144
da02,1706846022997105,7.0664172,0.8429814,1.0725702,10,145
da02,1706846023097036,7.0664783,0.84363919,1.0667101,10,146
da02,1706846023197008,7.0716195,0.83706725,1.0638781,10,147
da02,1706846023297751,7.0754857,0.83099169,1.0651765,10,148
da02,1706846023397122,7.0660081,0.83594078,1.0736424,8,149
da02,1706846023497016,7.0582075,0.8348822,1.0684545,9,150
da02,1706846023597103,7.057126,0.84605527,1.0685197,9,151
da02,1706846023697075,7.0672274,0.84308857,1.0596269,11,152
da02,1706846023797012,7.0544295,0.84904015,1.0697523,8,153
da02,1706846023897042,7.0438375,0.84455931,1.074667,8,154
da02,1706846023997050,7.0470829,0.83166635,1.0673454,9,155
da02,1706846024096958,7.0599756,0.83858466,1.0657595,11,156
da02,1706846024197026,7.05919,0.82600468,1.0716566,8,157
da02,1706846024296982,7.0514688,0.83442581,1.076043,8,158
da02,1706846024397037,7.0610156,0.83609676,1.078925,10,159
da02,1706846024497194,7.0650907,0.839181,1.0799124,10,160
da02,1706846024597008,7.0593886,0.83992726,1.0760391,9,161
da02,1706846024697007,7.06989,0.8230446,1.0779264,10,162
da02,1706846024797024,7.0618167,0.82896596,1.0714155,9,163
da02,1706846024896972,7.0776482,0.83028036,1.0715468,11,164
da02,1706846024997142,7.0635815,0.82714164,1.0781164,7,165
da02,1706846025097016,7.0659461,0.82570571,1.0849888,9,166
da02,1706846025196992,7.0696497,0.82391453,1.0881647,9,167
da02,1706846025297068,7.0787625,0.83534342,1.08813,11,168
da02,1706846025397036,7.0701075,0.83100754,1.0928419,8,169
da02,1706846025496994,7.0789666,0.82654071,1.0820528,11,170
da02,1706846025597082,7.0688725,0.81691605,1.0812695,8,171
da02,1706846025697011,7.0814128,0.82162857,1.0743694,12,172
da02,1706846025796994,7.079318,0.8239035,1.067741,10,173
da02,1706846025897092,7.0720329,0.824345,1.0714167,8,174
da02,1706846025997023,7.0699973,0.82482445,1.0619557,10,175
da02,1706846026096958,7.0519695,0.83205026,1.0601641,8,176
da02,1706846026197066,7.0508008,0.82787341,1.0587792,9,177
da02,1706846026297017,7.0509939,0.82918543,1.0664699,8,178
da02,1706846026397049,7.0586681,0.83735925,1.0714148,10,179
da02,1706846026497005,7.0584774,0.83258456,1.0756172,8,180
da02,1706846026597101,7.0637064,0.82842845,1.0646161,10,181
da02,1706846026697014,7.0625229,0.833428,1.0627248,9,182
da02,1706846026797038,7.0643187,0.83679819,1.0655773,9,183
da02,1706846026897014,7.0606236,0.84093636,1.0530331,10,184
da02,1706846026997012,7.0409689,0.83465523,1.0605097,8,185
da02,1706846027097042,7.0414977,0.82414412,1.0651588,8,186
da02,1706846027197065,7.0470891,0.82229811,1.0792913,8,187
da02,1706846027297114,7.0468564,0.8141287,1.0813432,8,188
da02,1706846027397025,7.0601139,0.8283338,1.0860368,10,189
da02,1706846027497018,7.0665135,0.82142997,1.0834708,10,190
da02,1706846027596990,7.0737939,0.82936543,1.08259,10,191
da02,1706846027697010,7.0636125,0.83364993,1.0790098,8,192
da02,1706846027797025,7.04663,0.85013586,1.0795624,9,193
da02,1706846027897023,7.0507903,0.8541894,1.0751364,10,194
da02,1706846027997045,7.0666294,0.85288894,1.0749019,11,195
da02,1706846028097037,7.0683036,0.84283066,1.0704987,10,196
da02,1706846028197030,7.0694633,0.84086311,1.0727706,9,197
da02,1706846028297012,7.0757155,0.83758855,1.0751022,10,198
da02,1706846028397035,7.0654788,0.837202,1.0737065,8,199
da02,1706846028497027,7.0762177,0.83265543,1.0742809,11,200
da02,1706846028597050,7.0762086,0.83036917,1.0618711,11,201
da02,1706846028697015,7.0661764,0.83479905,1.0621269,8,202
da02,1706846028797041,7.0704856,0.8389942,1.0646595,10,203
da02,1706846028897051,7.0695944,0.83608407,1.0706947,9,204
da02,1706846028997072,7.0711045,0.84185171,1.0658484,10,205
da02,1706846029097000,7.0704384,0.83905375,1.0616301,10,206
da02,1706846029197055,7.0716228,0.82760549,1.0564412,10,207
da02,1706846029297033,7.0681205,0.82974511,1.0658388,8,208
da02,1706846029397016,7.062932,0.82502139,1.0626839,9,209
da02,1706846029497000,7.0712919,0.81972992,1.0668099,10,210
da02,1706846029597063,7.0797729,0.8214,1.0711437,10,211
da02,1706846029697022,7.0877228,0.81893724,1.0741085,10,212
da02,1706846029797032,7.0756969,0.81870073,1.0788188,8,213
da02,1706846029897027,7.0790119,0.81236726,1.0722727,10,214
da02,1706846029997112,7.0694284,0.82023811,1.0654715,9,215
da02,1706846030097136,7.0552955,0.83269566,1.0682214,8,216
da02,1706846030197093,7.05658,0.83740681,1.0630525,10,217
da02,1706846030297163,7.0592589,0.82815462,1.0711426,9,218
da02,1706846030397080,7.0619078,0.83064079,1.0673684,10,219
da02,1706846030497310,7.0612097,0.83278757,1.0716468,9,220
da02,1706846030597184,7.0596681,0.82654023,1.0726281,9,221
da02,1706846030697078,7.0654168,0.82085663,1.0675412,10,222
da02,1706846030797110,7.0712152,0.81963211,1.0617801,10,223
da02,1706846030897108,7.0650711,0.82856935,1.0708722,8,224
da02,1706846030997038,7.0715904,0.83365387,1.0654691,11,225
da02,1706846031097044,7.065537,0.82792521,1.066191,8,226
da02,1706846031197155,7.063118,0.83370805,1.0732154,9,227
da02,1706846031296992,7.1835494,0.83374822,1.0542299,67,228
da02,1706846031397059,7.1627364,0.8386898,1.0528187,11,229
da02,1706846031497124,7.1341858,0.83699453,1.051955,9,230
da02,1706846031597033,7.1232357,0.82801592,1.0463381,11,231
da02,1706846031697068,7.1269464,0.81762904,1.0545869,11,232
da02,1706846031797754,7.1188412,0.82018566,1.0576813,10,233
da02,1706846031897098,7.0992994,0.82714212,1.0624899,8,234
da02,1706846031997040,7.07974,0.82924652,1.0766065,8,235
da02,1706846032097266,7.0757675,0.82958275,1.0699809,10,236
da02,1706846032197034,7.0671029,0.8274762,1.0695319,8,237
da02,1706846032296992,7.0762076,0.83096147,1.0694406,11,238
da02,1706846032397068,7.074492,0.84052253,1.0724883,9,239
da02,1706846032496995,7.0713725,0.8428573,1.07109,9,240
da02,1706846032597031,7.0732365,0.84505558,1.0678682,10,241
da02,1706846032697066,7.078054,0.84666985,1.0760107,10,242
da02,1706846032797053,7.0668144,0.84554952,1.0699105,9,243
da02,1706846032897030,7.0621777,0.84554124,1.0620731,9,244
da02,1706846032997100,7.0595627,0.84019834,1.0682138,8,245
da02,1706846033097057,7.0613565,0.84036541,1.070658,9,246
da02,1706846033197059,7.0660033,0.84953791,1.0670463,10,247
da02,1706846033297072,7.0560756,0.83602965,1.0650787,8,248
da02,1706846033397091,7.0595012,0.83763236,1.0669746,9,249
da02,1706846033497055,7.0743523,0.83711553,1.0712017,11,250
da02,1706846033597103,7.0712042,0.84358585,1.0788633,9,251
da02,1706846033697036,7.0810518,0.82924259,1.0692476,11,252
da02,1706846033797045,7.0690923,0.83132136,1.0682702,8,253
da02,1706846033897004,7.0746222,0.83456433,1.0669333,10,254
da02,1706846033997070,7.0851464,0.84521443,1.0734947,11,255
da02,1706846034098719,7.084671,0.8478688,1.0811623,9,256
da02,1706846034197071,7.0791059,0.84160364,1.0829977,9,257
da02,1706846034297618,7.0755897,0.8417334,1.0921178,8,258
da02,1706846034397061,7.0749145,0.84122151,1.0817729,10,259
da02,1706846034497076,7.0737157,0.83027858,1.0948869,8,260
da02,1706846034597066,7.0757275,0.837065,1.092351,10,261
da02,1706846034697027,7.0650625,0.83942461,1.0863305,8,262
da02,1706846034797073,7.0510564,0.836982,1.0846462,8,263
da02,1706846034897172,7.0591908,0.83725381,1.0842363,10,264
da02,1706846034997152,7.0649323,0.83677685,1.0749472,10,265
da02,1706846035097048,7.0733581,0.84010619,1.0820978,10,266
da02,1706846035197154,7.0641294,0.83642685,1.0868834,7,267
da02,1706846035297152,7.0552044,0.84004641,1.082901,8,268
da02,1706846035397063,7.0615883,0.83354211,1.0900363,9,269
da02,1706846035497258,7.0550127,0.82629138,1.086202,8,270
da02,1706846035597211,7.0510015,0.83427036,1.0912138,8,271
da02,1706846035697070,7.0491576,0.83918393,1.0904772,8,272
da02,1706846035797164,7.0661345,0.84544879,1.0786506,12,273
da02,1706846035897108,7.0637522,0.83568209,1.0751443,9,274
da02,1706846035997191,7.0606041,0.83834767,1.0913168,8,275
da02,1706846036097180,7.0664449,0.83154422,1.0908653,9,276
da02,1706846036197146,7.0509014,0.8344112,1.089461,8,277
da02,1706846036297022,7.0510511,0.83520663,1.0898478,8,278
da02,1706846036397113,7.0532055,0.82609957,1.0928686,8,279
da02,1706846036497118,7.0628614,0.82053787,1.0859454,10,280
da02,1706846036597130,7.07085,0.81788266,1.0797811,10,281
da02,1706846036697067,7.0660853,0.8183344,1.0811349,8,282
da02,1706846036797158,7.0696187,0.82848251,1.080988,10,283
da02,1706846036897208,7.0781865,0.82384253,1.0830773,10,284
da02,1706846036997119,7.0747714,0.81422919,1.0826727,9,285
da02,1706846037097136,7.0732117,0.81488496,1.0883313,8,286
da02,1706846037197220,7.0845957,0.81667703,1.0974964,10,287
da02,1706846037297188,7.0707588,0.81287861,1.0907018,8,288
da02,1706846037397057,7.2415166,0.67306614,1.3941594,72,289
da02,1706846037497165,7.1998219,0.70985973,1.3079193,10,290
da02,1706846037597085,7.1686325,0.7317906,1.2490412,9,291
da02,1706846037697065,7.1495633,0.76508594,1.2092186,10,292
da02,1706846037797184,7.1405149,0.77526563,1.1670674,11,293
da02,1706846037897114,7.1164002,0.78825396,1.1413633,9,294
da02,1706846037997096,7.1167612,0.794906,1.1166133,12,295
da02,1706846038097152,7.1064453,0.81315708,1.1048299,10,296
da02,1706846038197085,7.1011105,0.82015294,1.0969983,10,297
da02,1706846038297066,7.0876045,0.82228422,1.0912647,8,298
da02,1706846038397180,7.078599,0.82505053,1.0832409,9,299
da02,1706846038497094,7.0733609,0.82788277,1.0783423,9,300
da02,1706846038597107,7.0905838,0.82882279,1.0705584,12,301
da02,1706846038697152,7.0864758,0.83559328,1.071913,10,302
da02,1706846038797098,7.0820761,0.8276239,1.064069,10,303
da02,1706846038897104,7.0812607,0.83367157,1.0588185,10,304
da02,1706846038997075,7.0744839,0.83946329,1.0746533,8,305
da02,1706846039097102,7.0702515,0.839848,1.0684764,9,306
da02,1706846039197129,7.0678763,0.83822566,1.0693634,9,307
da02,1706846039297146,7.0524831,0.83014083,1.0639023,7,308
da02,1706846039397083,7.0664806,0.82856435,1.0559772,12,309
da02,1706846039497040,7.0749125,0.83588016,1.0582824,11,310
da02,1706846039597200,7.0774426,0.83831227,1.0624551,10,311
da02,1706846039697026,7.0787039,0.83190829,1.0643849,10,312
da02,1706846039797093,7.0699129,0.83752984,1.0589514,9,313
da02,1706846039897166,7.0739942,0.84486639,1.0544969,11,314
da02,1706846039997063,7.0741215,0.8421104,1.0504657,10,315
da02,1706846040097068,7.0754137,0.83660716,1.0574312,9,316
da02,1706846040197190,7.08291,0.83298421,1.0561994,11,317
da02,1706846040297033,7.0698686,0.84894657,1.0661941,8,318
da02,1706846040397067,7.067976,0.84467316,1.0686992,9,319
da02,1706846040497184,7.0624571,0.83544379,1.0672152,9,320
da02,1706846040597100,7.0751443,0.82572621,1.0749388,10,321
da02,1706846040697094,7.0677242,0.82796079,1.0740359,9,322
da02,1706846040797194,7.0602026,0.83261323,1.0722953,8,323
da02,1706846040897170,7.072185,0.83255446,1.0780889,10,324
da02,1706846040997196,7.0651326,0.83129615,1.0670596,9,325
da02,1706846041097151,7.0639644,0.83628154,1.0697702,9,326
da02,1706846041197108,7.063385,0.84521472,1.0747378,9,327
da02,1706846041297082,7.0746179,0.84207606,1.0685798,11,328
da02,1706846041397133,7.0765753,0.83590889,1.061783,10,329
da02,1706846041497151,7.0692577,0.83073872,1.0637797,8,330
da02,1706846041597181,7.0656495,0.82836825,1.0677935,9,331
da02,1706846041697085,7.0813441,0.82801366,1.0630364,12,332
da02,1706846041797690,7.0838785,0.82644147,1.0687655,10,333
da02,1706846041897070,7.0851297,0.81929815,1.0650755,10,334
da02,1706846041997130,7.08679,0.81542027,1.0688758,10,335
da02,1706846042097176,7.083498,0.8090719,1.0717958,9,336
da02,1706846042197153,7.0676389,0.80824471,1.0761858,7,337
da02,1706846042297114,7.0575366,0.81369632,1.0720057,8,338
da02,1706846042397218,7.0500383,0.81322592,1.0788416,7,339
da02,1706846042497074,7.0599008,0.82357079,1.0783411,10,340
da02,1706846042597121,7.0571914,0.84077615,1.0888734,8,341
da02,1706846042697104,7.0681267,0.83384973,1.0793411,11,342
da02,1706846042797144,7.0661507,0.84151065,1.0839194,9,343
da02,1706846042897105,7.0751309,0.84077871,1.0750403,11,344
da02,1706846042997187,7.0766754,0.82851487,1.0710367,10,345
da02,1706846043097166,7.0788975,0.82497972,1.0657222,10,346
da02,1706846043197123,7.0782285,0.82453781,1.0629938,10,347
da02,1706846043297078,7.0736327,0.81704676,1.057258,9,348
da02,1706846043397146,7.0654469,0.82140678,1.0648738,8,349
da02,1706846043497084,7.0696034,0.8248077,1.0717857,9,350
da02,1706846043597116,7.0703344,0.8341127,1.0683641,10,351
da02,1706846043697104,7.066503,0.827517,1.0739576,8,352
da02,1706846043797137,7.0655789,0.82075,1.0720373,9,353
da02,1706846043897198,7.0540352,0.82710475,1.0758184,8,354
da02,1706846043997154,7.0648551,0.83219326,1.0699581,11,355
da02,1706846044097165,7.0604467,0.82910293,1.0664783,9,356
da02,1706846044197156,7.0658174,0.8328132,1.0737264,9,357
da02,1706846044297252,7.056953,0.8313359,1.0760522,8,358
da02,1706846044397257,7.064136,0.82482356,1.0725558,10,359
da02,1706846044497087,7.059536,0.82283294,1.067027,9,360
da02,1706846044597240,7.0623751,0.8340497,1.0717258,9,361
da02,1706846044697167,7.0566883,0.83008277,1.0694385,8,362
da02,1706846044797128,7.0555043,0.82526374,1.0688758,9,363
da02,1706846044897184,7.0587893,0.82319218,1.0703958,9,364
da02,1706846044997200,7.0607581,0.82872778,1.0726627,9,365
da02,1706846045097118,7.0539274,0.82637382,1.0846124,7,366
da02,1706846045197230,7.061398,0.82594192,1.0831218,10,367
da02,1706846045297726,7.0769835,0.82500947,1.0819684,11,368
da02,1706846045397182,7.068089,0.81849283,1.0692147,9,369
da02,1706846045497192,7.0696425,0.82564795,1.0663719,10,370
da02,1706846045597216,7.06474,0.82789129,1.0711164,8,371
da02,1706846045697114,7.076889,0.82120216,1.0706677,11,372
da02,1706846045797656,7.0724049,0.82697988,1.0593328,10,373
da02,1706846045897226,7.0630412,0.82591909,1.0570074,9,374
da02,1706846045997162,7.0615945,0.83405828,1.0681292,8,375
da02,1706846046097169,7.0621819,0.83087242,1.0742723,9,376
da02,1706846046197162,7.0495009,0.83989644,1.0772207,8,377
da02,1706846046297144,7.049684,0.83406794,1.0854114,8,378
da02,1706846046397254,7.0498819,0.82750678,1.079457,9,379
da02,1706846046497160,7.0434203,0.83107185,1.0807054,8,380
da02,1706846046597264,7.0558281,0.82952416,1.0758622,10,381
da02,1706846046697140,7.0463428,0.83082867,1.065145,8,382
da02,1706846046797234,7.0642071,0.82681018,1.0632113,11,383
da02,1706846046897311,7.06696,0.81498611,1.0716946,9,384
da02,1706846046997173,7.0721512,0.82860959,1.0730608,10,385
da02,1706846047097140,7.0742092,0.833991,1.0703938,10,386
da02,1706846047197218,7.0780158,0.83461839,1.0857317,9,387
da02,1706846047297136,7.0714359,0.83209658,1.0745915,9,388
da02,1706846047397122,7.0654836,0.8210994,1.0826629,7,389
da02,1706846047497181,7.075489,0.81794536,1.0816076,10,390
da02,1706846047597218,7.0664458,0.82036948,1.0662143,9,391
da02,1706846047697138,7.0735092,0.82002759,1.0619158,11,392
da02,1706846047797225,7.0635667,0.81653196,1.0640647,8,393
da02,1706846047897146,7.0597181,0.8259691,1.0622127,9,394
da02,1706846047997173,7.0630107,0.82939827,1.0593442,10,395
da02,1706846048097220,7.0632224,0.82966322,1.0608187,9,396
da02,1706846048197176,7.0651612,0.8380937,1.0628879,10,397
da02,1706846048297142,7.0684671,0.8481304,1.0677747,10,398
da02,1706846048397192,7.0761871,0.83971667,1.0662355,11,399
da02,1706846048497152,7.0703526,0.84221894,1.0669773,9,400
da02,1706846048597159,7.0765595,0.85282409,1.0652781,11,401
da02,1706846048697124,7.0679312,0.85229385,1.081067,8,402
da02,1706846048797168,7.068531,0.84084594,1.0798817,9,403
da02,1706846048897116,7.0670996,0.83074671,1.0764804,9,404
da02,1706846048997183,7.071569,0.83462656,1.0609916,11,405
da02,1706846049097147,7.06149,0.84236759,1.0708963,8,406
da02,1706846049197160,7.054882,0.83630443,1.0691136,8,407
da02,1706846049297121,7.05825,0.83595139,1.0720153,9,408
da02,1706846049397184,7.0532,0.83181864,1.0800074,7,409
da02,1706846049498754,7.0612736,0.82627565,1.0834348,9,410
da02,1706846049597161,7.0546284,0.82978088,1.0879401,8,411
da02,1706846049697171,7.0604095,0.82783061,1.0731618,10,412
da02,1706846049797162,7.0551057,0.83213681,1.0726851,8,413
da02,1706846049897212,7.0514979,0.83610553,1.0737427,8,414
da02,1706846049997276,7.0472794,0.83832622,1.0734195,8,415
da02,1706846050097232,7.0541525,0.83263117,1.0745703,9,416
da02,1706846050197169,7.0394707,0.83181131,1.080595,8,417
da02,1706846050297164,7.0345197,0.83095843,1.0769651,8,418
da02,1706846050397180,7.0256591,0.82084763,1.077826,7,419
da02,1706846050497154,7.0301967,0.82583547,1.0717251,9,420
da02,1706846050597238,7.0475106,0.82189906,1.0650809,11,421
da02,1706846050697148,7.0436997,0.81716675,1.0688338,8,422
da02,1706846050797403,7.047287,0.81519777,1.0729692,8,423
da02,1706846050897196,7.0703297,0.81328487,1.0698222,12,424
da02,1706846050997632,7.0793595,0.81729287,1.0824063,10,425
da02,1706846051097146,7.0822778,0.82624531,1.082064,10,426
da02,1706846051197206,7.0841951,0.82665944,1.0747828,10,427
da02,1706846051297140,7.0723486,0.82073766,1.0796063,7,428
da02,1706846051397712,7.0722828,0.81343329,1.078793,9,429
da02,1706846051497232,7.0774751,0.81629527,1.074428,10,430
da02,1706846051597865,7.0736642,0.82133335,1.0714461,9,431
da02,1706846051697185,7.0618477,0.81265122,1.0639174,8,432
da02,1706846051797957,7.0509763,0.81357247,1.0661378,7,433
da02,1706846051897226,7.0622768,0.81567341,1.0632615,11,434
da02,1706846051997204,7.0749488,0.81878853,1.0631239,11,435
da02,1706846052097269,7.0695505,0.8186875,1.0621084,9,436
da02,1706846052197149,7.0633235,0.81181037,1.063621,8,437
da02,1706846052297634,7.0650826,0.81050432,1.063017,9,438
da02,1706846052397174,7.0619822,0.82258159,1.0615078,9,439
da02,1706846052497140,7.079751,0.82369137,1.0580711,12,440
da02,1706846052597279,7.088932,0.81618255,1.062644,11,441
da02,1706846052697226,7.0884075,0.81987065,1.0581213,11,442
da02,1706846052797207,7.084475,0.82697046,1.0683956,9,443
da02,1706846052897225,7.083509,0.828236,1.0730114,9,444
da02,1706846052997106,7.0664163,0.82822973,1.0753903,8,445
da02,1706846053097237,7.076972,0.82142651,1.077908,10,446
da02,1706846053197166,7.0645266,0.82466906,1.0774596,8,447
da02,1706846053297118,7.0529671,0.82370752,1.0766513,7,448
da02,1706846053397196,7.0617065,0.827273,1.0893714,9,449
da02,1706846053497164,7.0706048,0.828873,1.0941795,10,450
da02,1706846053597182,7.0646677,0.8321532,1.094051,8,451
da02,1706846053697226,7.0592074,0.82572013,1.0800097,9,452
da02,1706846053797175,7.0554419,0.82266241,1.0902025,7,453
da02,1706846053897140,7.0653472,0.81612831,1.078171,11,454
da02,1706846053997217,7.0630369,0.82037431,1.0845269,8,455
da02,1706846054097171,7.0642791,0.82965487,1.0778285,10,456
da02,1706846054197176,7.0697632,0.8388418,1.0800347,10,457
da02,1706846054297244,7.0796881,0.84133661,1.0826286,11,458
da02,1706846054397237,7.0612688,0.83696783,1.0752594,7,459
da02,1706846054497184,7.0528836,0.82617819,1.087485,7,460
da02,1706846054597236,7.0597935,0.82996982,1.0766978,10,461
da02,1706846054697217,7.0704832,0.82083237,1.0811831,10,462
da02,1706846054797197,7.072751,0.81733251,1.0718601,10,463
da02,1706846054897242,7.06862,0.81919175,1.0601277,10,464
da02,1706846054997189,7.068644,0.81751651,1.06348,9,465
da02,1706846055097144,7.0666356,0.82141924,1.0770278,8,466
da02,1706846055197253,7.064774,0.82481521,1.0709411,9,467
da02,1706846055297216,7.0576434,0.82833433,1.0758033,8,468
da02,1706846055397176,7.06001,0.82589787,1.0707603,10,469
da02,1706846055497252,7.0602074,0.826619,1.0745088,9,470
da02,1706846055597238,7.04791,0.82023537,1.0823001,7,471
da02,1706846055697121,7.0558133,0.81569904,1.0836761,9,472
da02,1706846055797240,7.0516868,0.82083774,1.0760442,9,473
da02,1706846055897220,7.0540614,0.817268,1.0691253,9,474
da02,1706846055997195,7.0656519,0.824059,1.067036,11,475
da02,1706846056097238,7.0668988,0.83827335,1.0767031,9,476
da02,1706846056197210,7.0562553,0.83464712,1.080989,7,477
da02,1706846056297838,7.06082,0.83437616,1.0778962,10,478
da02,1706846056397286,7.0715327,0.83162284,1.0818312,10,479
da02,1706846056497194,7.0758705,0.82318419,1.0748748,10,480
da02,1706846056597174,7.0740676,0.82168841,1.0673352,10,481
da02,1706846056697190,7.0819054,0.82182723,1.0598621,11,482
da02,1706846056797205,7.075912,0.82095647,1.0631597,9,483
da02,1706846056897235,7.0694442,0.82440042,1.0649081,9,484
da02,1706846056997239,7.0784187,0.82153064,1.0724257,10,485
da02,1706846057097198,7.0728731,0.82338226,1.0684627,9,486
da02,1706846057197206,7.0736518,0.82666957,1.0699134,10,487
da02,1706846057297626,7.0631595,0.82973659,1.0715263,8,488
da02,1706846057397317,7.0577374,0.82195455,1.0727196,8,489
da02,1706846057497158,7.0660748,0.82299268,1.0877887,9,490
da02,1706846057597178,7.0636368,0.82216674,1.0906477,8,491
da02,1706846057697209,7.0599346,0.82003564,1.0902702,8,492
da02,1706846057797198,7.0551734,0.82364845,1.089633,8,493
da02,1706846057897196,7.0691648,0.827337,1.0901399,10,494
da02,1706846057997225,7.0770121,0.82482934,1.0957688,9,495
da02,1706846058097180,7.0712085,0.81540859,1.0766401,10,496
da02,1706846058197153,7.0719986,0.82218367,1.0753638,10,497
da02,1706846058297232,7.0678425,0.81069332,1.0843595,8,498
da02,1706846058397314,7.0748477,0.81682426,1.0855724,10,499
da02,1706846058497228,7.074358,0.82253969,1.0768639,10,500
da02,1706846058597356,7.064445,0.82700336,1.0791987,8,501
da02,1706846058697282,7.0658436,0.82636273,1.0799031,9,502
da02,1706846058797128,7.0722237,0.8240642,1.0886415,9,503
da02,1706846058897331,7.0758843,0.82460177,1.0848176,10,504
da02,1706846058997271,7.0773363,0.83392149,1.0851756,10,505
da02,1706846059097151,7.078414,0.84205788,1.0820206,10,506
da02,1706846059197290,7.0794196,0.83469951,1.082842,9,507
da02,1706846059297278,7.0579529,0.83608419,1.0750433,8,508
da02,1706846059397160,7.0556345,0.83279788,1.0679097,9,509
da02,1706846059497198,7.04731,0.83759624,1.0793886,8,510
da02,1706846059597221,7.0431972,0.85022974,1.0789728,8,511
da02,1706846059697180,7.0612345,0.856298,1.0735039,12,512
da02,1706846059797191,7.0503926,0.8541134,1.0796921,8,513
da02,1706846059897284,7.0514016,0.8514691,1.0853581,8,514
da02,1706846059997168,7.0508986,0.85732526,1.0849181,9,515
da02,1706846060097291,7.0501809,0.85879606,1.0785977,9,516
da02,1706846060197290,7.0489969,0.85279703,1.0729862,9,517
da02,1706846060297295,7.0498152,0.86090088,1.0788927,9,518
da02,1706846060397374,7.04034,0.854639,1.0742698,8,519
da02,1706846060497312,7.0538864,0.84794307,1.0724435,10,520
da02,1706846060597238,7.0647926,0.84443432,1.0701147,11,521
da02,1706846060697332,7.0633016,0.84766579,1.0675882,9,522
da02,1706846060797312,7.0603552,0.84517366,1.0696409,9,523
da02,1706846060897178,7.0683517,0.8269614,1.0661427,10,524
da02,1706846060997321,7.0678034,0.83935356,1.0721135,9,525
da02,1706846061097310,7.0727158,0.85137194,1.0711057,10,526
da02,1706846061197158,7.0631919,0.84971941,1.0790652,8,527
da02,1706846061297308,7.0599022,0.84594488,1.0806364,8,528
da02,1706846061397356,7.0574164,0.84423184,1.0821816,8,529
da02,1706846061497222,7.0627947,0.84379113,1.0830342,9,530
da02,1706846061597346,7.0639071,0.8352195,1.0792584,9,531
da02,1706846061697329,7.0653386,0.83925807,1.0783478,9,532
da02,1706846061797254,7.0591545,0.84256274,1.0783614,8,533
da02,1706846061897252,7.0610232,0.84323025,1.0824394,9,534
da02,1706846061997252,7.0616937,0.84230995,1.0750768,10,535
da02,1706846062097213,7.0637817,0.83221567,1.0902214,8,536
da02,1706846062197206,7.0711718,0.8258943,1.0815885,10,537
da02,1706846062297239,7.0766234,0.826761,1.0768828,10,538
da02,1706846062397302,7.0622392,0.83611059,1.0771348,8,539
da02,1706846062497234,7.0578828,0.84578955,1.0790458,9,540
da02,1706846062597264,7.0536475,0.8419053,1.0732558,9,541
da02,1706846062697304,7.0478983,0.83367026,1.0742695,8,542
da02,1706846062797234,7.0600863,0.82285964,1.0706918,10,543
da02,1706846062897312,7.0545287,0.82543147,1.0686921,8,544
da02,1706846062997277,7.0503058,0.83071625,1.0682875,8,545
da02,1706846063097232,7.0440884,0.83533591,1.0741163,8,546
da02,1706846063197212,7.0551143,0.83603644,1.0760623,10,547
da02,1706846063297326,7.0580916,0.83283013,1.0675319,10,548
da02,1706846063397273,7.062921,0.83447522,1.0744276,9,549
da02,1706846063497185,7.0741906,0.83731931,1.0770006,11,550
da02,1706846063597274,7.0749059,0.84458905,1.0761678,10,551
da02,1706846063697230,7.0812235,0.84672707,1.0806383,10,552
da02,1706846063797213,7.0733328,0.84935141,1.0760591,9,553
da02,1706846063897311,7.0667782,0.8431294,1.0676262,9,554
da02,1706846063997228,7.0672665,0.8355242,1.0615484,10,555
da02,1706846064097185,7.0875764,0.8319298,1.06182,12,556
da02,1706846064197227,7.0718303,0.82539022,1.0722018,7,557
da02,1706846064297464,7.074,0.8293106,1.0728042,10,558
da02,1706846064397252,7.0851903,0.83310747,1.0763084,11,559
da02,1706846064497255,7.0798292,0.83363873,1.0663371,10,560
da02,1706846064597230,7.0730295,0.84097284,1.071983,9,561
da02,1706846064697212,7.0719185,0.83269715,1.0833986,8,562
da02,1706846064797231,7.0637474,0.83470571,1.0761988,9,563
da02,1706846064898899,7.0656271,0.83741176,1.0729374,10,564
da02,1706846064997302,7.0566983,0.84152257,1.0738584,8,565
da02,1706846065097337,7.0542769,0.83943087,1.0742722,8,566
da02,1706846065197288,7.0647793,0.83052653,1.0792813,10,567
da02,1706846065297314,7.0586987,0.83824462,1.0798115,8,568
da02,1706846065397314,7.0558205,0.833677,1.070087,9,569
da02,1706846065497289,7.0673285,0.83594,1.0763843,10,570
da02,1706846065597285,7.070395,0.82635438,1.0788897,9,571
da02,1706846065697270,7.0684271,0.8243959,1.0733587,9,572
da02,1706846065797276,7.0772743,0.82189828,1.0777106,10,573
da02,1706846065897256,7.071538,0.82959348,1.077001,9,574
da02,1706846065997200,7.0688534,0.8293907,1.0791893,9,575
da02,1706846066097248,7.07714,0.8316294,1.0790521,10,576
da02,1706846066197232,7.0739264,0.8246339,1.0697044,10,577
da02,1706846066297182,7.0668292,0.82602215,1.0697477,9,578
da02,1706846066397309,7.083003,0.82550049,1.0666059,12,579
da02,1706846066497302,7.0808949,0.82523483,1.0739696,9,580
da02,1706846066597169,7.0588527,0.82031548,1.0720952,7,581
da02,1706846066697330,7.0500937,0.82902747,1.076301,8,582
da02,1706846066797348,7.0478115,0.82930058,1.0749906,8,583
da02,1706846066897220,7.0522594,0.82591391,1.0649782,10,584
da02,1706846066997875,7.0446806,0.838099,1.0676163,8,585
da02,1706846067097517,7.061347,0.83710355,1.065699,11,586
da02,1706846067197275,7.0598845,0.84414947,1.0549824,10,587
da02,1706846067297876,7.0544882,0.8346194,1.0623585,8,588
da02,1706846067397366,7.0553422,0.83052969,1.068825,8,589
da02,1706846067497276,7.0640659,0.8242172,1.0706365,10,590
da02,1706846067597326,7.0674934,0.82361978,1.0639526,10,591
da02,1706846067697250,7.0583429,0.81551039,1.0583371,8,592
da02,1706846067797270,7.048872,0.82849658,1.0570219,8,593
da02,1706846067897776,7.0562439,0.81783009,1.050985,10,594
da02,1706846067997285,7.0466914,0.82197213,1.0540746,8,595
da02,1706846068097210,7.0476456,0.81727242,1.063181,8,596
da02,1706846068197244,7.04782,0.8242203,1.0684116,8,597
da02,1706846068297266,7.0302877,0.81873268,1.071308,8,598
da02,1706846068397613,7.0478506,0.8217532,1.075148,10,599
da02,1706846068497292,7.0454907,0.81556219,1.080578,7,600
da02,1706846068597298,7.0456247,0.81139016,1.0716515,9,601
da02,1706846068697255,7.0470777,0.8191179,1.0692576,9,602
da02,1706846068797289,7.0504785,0.82263339,1.0775496,8,603
da02,1706846068897226,7.0573025,0.82240003,1.0729126,10,604
da02,1706846068997234,7.0745687,0.82831329,1.078607,11,605
da02,1706846069097322,7.0822582,0.82788461,1.0724368,11,606
da02,1706846069197346,7.0747085,0.82142717,1.0628752,9,607
da02,1706846069297238,7.07533,0.82926971,1.0720519,9,608
da02,1706846069397364,7.0692921,0.83466148,1.0855457,8,609
da02,1706846069497229,7.0648847,0.83318251,1.0823823,9,610
da02,1706846069597244,7.0768642,0.83534485,1.0710049,12,611
da02,1706846069697322,7.0636868,0.83474523,1.0698286,8,612
da02,1706846069797273,7.0641532,0.8310554,1.0690132,9,613
da02,1706846069897228,7.0694346,0.82906336,1.0762641,9,614
da02,1706846069997313,7.0731015,0.82347441,1.07544,10,615
da02,1706846070097234,7.0666389,0.82137436,1.0816165,8,616
da02,1706846070197252,7.0706196,0.81808257,1.0784041,10,617
da02,1706846070297377,7.0762711,0.81639558,1.0768485,10,618
da02,1706846070397328,7.0647721,0.8201192,1.0825676,7,619
da02,1706846070497300,7.0662942,0.83001858,1.0636951,11,620
da02,1706846070597330,7.0638456,0.82529455,1.0567238,10,621
da02,1706846070697233,7.0553622,0.83243465,1.0616982,8,622
da02,1706846070797246,7.0566673,0.83487511,1.0688109,9,623
da02,1706846070897378,7.0542507,0.83441985,1.0742887,8,624
da02,1706846070997285,7.0583568,0.84607548,1.0783234,9,625
da02,1706846071097236,7.061698,0.83805186,1.0795805,9,626
da02,1706846071197329,7.060554,0.84548968,1.0743908,9,627
da02,1706846071297250,7.063293,0.84109992,1.0625821,10,628
da02,1706846071397245,7.0771627,0.84427363,1.0580389,12,629
da02,1706846071497334,7.0822372,0.84283352,1.0558959,11,630
da02,1706846071597296,7.0674987,0.8306067,1.0580654,8,631
da02,1706846071697232,7.0684471,0.83330011,1.0514097,10,632
da02,1706846071797326,7.0800347,0.82038391,1.0668786,10,633
da02,1706846071897308,7.0763416,0.82476312,1.0682427,9,634
da02,1706846071997837,7.0708485,0.82943964,1.0805877,8,635
da02,1706846072097377,7.0702105,0.83198404,1.0734056,10,636
da02,1706846072197337,7.0709529,0.82942772,1.0663065,10,637
da02,1706846072297284,7.0735464,0.82002449,1.0607215,10,638
da02,1706846072397433,7.082509,0.82273018,1.0780593,10,639
da02,1706846072497286,7.074779,0.82535344,1.0771297,9,640
da02,1706846072597279,7.0710168,0.818719,1.0795375,8,641
da02,1706846072697306,7.0762472,0.81390083,1.0718337,10,642
da02,1706846072797275,7.0827579,0.81671119,1.0649019,11,643
da02,1706846072897228,7.0716047,0.81633544,1.0629207,8,644
da02,1706846072997288,7.0803189,0.82408863,1.0673192,11,645
da02,1706846073097287,7.0736132,0.81923759,1.075567,8,646
da02,1706846073197264,7.0675788,0.83101016,1.0692049,9,647
da02,1706846073297308,7.0719671,0.8324008,1.0737053,10,648
da02,1706846073397358,7.0664854,0.83298361,1.0728174,9,649
da02,1706846073497260,7.0449338,0.83240277,1.0792117,8,650
da02,1706846073597281,7.0469851,0.83226061,1.0752474,9,651
da02,1706846073697303,7.062212,0.83910561,1.0673755,12,652
da02,1706846073797293,7.058847,0.83394164,1.0618054,9,653
da02,1706846073897898,7.0624056,0.83205628,1.0541888,10,654
da02,1706846073997436,7.066493,0.83807105,1.0555624,10,655
da02,1706846074097346,7.0636024,0.83171576,1.0495788,10,656
da02,1706846074197255,7.0720687,0.83110058,1.0601736,10,657
da02,1706846074297363,7.0673361,0.831284,1.0609688,9,658
da02,1706846074397376,7.0577955,0.824937,1.0674522,7,659
da02,1706846074497279,7.0702629,0.83700621,1.05887,12,660
da02,1706846074597426,7.0684772,0.84649444,1.0679945,9,661
da02,1706846074697352,7.0529304,0.83743328,1.0670179,7,662
da02,1706846074797239,7.0545673,0.83228528,1.069575,9,663
da02,1706846074897385,7.0535707,0.82388419,1.0744554,8,664
da02,1706846074997375,7.0619535,0.81996477,1.0765369,10,665
da02,1706846075097245,7.0758219,0.82544911,1.0663635,12,666
da02,1706846075197400,7.078258,0.82151186,1.0694169,10,667
da02,1706846075297341,7.0740271,0.81434149,1.0744551,8,668
da02,1706846075397299,7.0652566,0.82540882,1.0709648,9,669
da02,1706846075497299,7.0587244,0.83140528,1.0752151,8,670
da02,1706846075597389,7.0610633,0.83681178,1.0704743,10,671
da02,1706846075697273,7.0643997,0.83709192,1.074167,9,672
da02,1706846075797406,7.0772376,0.83743709,1.0782765,11,673
da02,1706846075897359,7.0712295,0.83373076,1.0852193,8,674
da02,1706846075997246,7.0824347,0.831581,1.0816954,11,675
da02,1706846076097388,7.0692582,0.83942062,1.0773666,8,676
da02,1706846076197373,7.0809488,0.83133662,1.08572,10,677
da02,1706846076297460,7.0782208,0.71058607,1.0651554,70,678
da02,1706846076397435,7.0757723,0.74054408,1.0686829,9,679
da02,1706846076497396,7.0766153,0.76267183,1.0718138,9,680
da02,1706846076597306,7.0720005,0.77324778,1.0672853,9,681
da02,1706846076697426,7.0742364,0.78348559,1.0669578,10,682
da02,1706846076797459,7.0674462,0.79481459,1.0649418,9,683
da02,1706846076897376,7.0769238,0.80161387,1.0656042,11,684
da02,1706846076997486,7.0613832,0.81280941,1.0636822,8,685
da02,1706846077097947,7.0527625,0.82267612,1.0682657,8,686
da02,1706846077197296,7.0635533,0.82583314,1.0697135,10,687
da02,1706846077297387,7.0605803,0.82656127,1.0705081,9,688
da02,1706846077397426,7.0613618,0.82980824,1.0661285,10,689
da02,1706846077497311,7.0519395,0.83837605,1.072582,8,690
da02,1706846077597309,7.0624285,0.84465086,1.0779245,10,691
da02,1706846077697275,7.06684,0.85044736,1.0793358,10,692
da02,1706846077797305,7.0760736,0.84486312,1.0719336,11,693
da02,1706846077897291,7.0689225,0.83405119,1.0779204,8,694
da02,1706846077997318,7.0536904,0.82547373,1.074808,7,695
da02,1706846078097301,7.0715151,0.83104062,1.0714097,12,696
da02,1706846078197333,7.0696225,0.82860911,1.0767326,9,697
da02,1706846078297812,7.0720119,0.82874542,1.0740639,10,698
da02,1706846078397364,7.07573,0.82697308,1.0773114,10,699
da02,1706846078497301,7.0746832,0.82710767,1.0761065,9,700
da02,1706846078597301,7.060451,0.83232826,1.0702099,8,701
da02,1706846078697306,7.0487537,0.83055615,1.0718824,7,702
da02,1706846078797347,7.2136979,0.68890512,1.3846717,72,703
da02,1706846078897296,7.1870108,0.72183055,1.3026801,11,704
da02,1706846078997408,7.1479087,0.74358207,1.2539448,7,705
da02,1706846079097315,7.1342378,0.76052016,1.208504,10,706
da02,1706846079197366,7.1320162,0.77673274,1.1698741,12,707
da02,1706846079297378,7.1190672,0.79728127,1.1475425,10,708
da02,1706846079397339,7.1241045,0.80550832,1.119998,13,709
da02,1706846079497356,7.09736,0.80300343,1.1016169,8,710
da02,1706846079597408,7.0887237,0.802389,1.0890061,9,711
da02,1706846079697300,7.076982,0.79579651,1.09169,7,712
da02,1706846079797308,7.0790739,0.80263478,1.0894803,10,713
da02,1706846079897604,7.0730228,0.80518115,1.071251,10,714
da02,1706846079997361,7.0808673,0.82512927,1.0641611,12,715
da02,1706846080097366,7.0695491,0.83760732,1.0622858,9,716
da02,1706846080197392,7.0657225,0.84252858,1.0620044,9,717
da02,1706846080298964,7.0810828,0.83109748,1.0664766,11,718
da02,1706846080397350,7.0664878,0.83078623,1.0688275,8,719
da02,1706846080497386,7.0618992,0.83206379,1.091014,8,720
da02,1706846080597370,7.0652089,0.84658462,1.087548,10,721
da02,1706846080697254,7.0751381,0.84601068,1.0881593,10,722
da02,1706846080797393,7.0635681,0.84044933,1.0930876,7,723
da02,1706846080897322,7.0721097,0.83204168,1.0947993,10,724
da02,1706846080997338,7.0731072,0.82976884,1.0961654,9,725
da02,1706846081097322,7.2199626,0.6919564,1.4682121,71,726
da02,1706846081197344,7.1866159,0.72999376,1.3709518,10,727
da02,1706846081297357,7.1483378,0.75240284,1.2931097,8,728
da02,1706846081397458,7.1181073,0.76951575,1.2415797,7,729
da02,1706846081497352,7.1093979,0.79226214,1.1999953,10,730
da02,1706846081597340,7.0872993,0.80427581,1.1686507,8,731
da02,1706846081697306,7.0856018,0.81347477,1.1451409,10,732
da02,1706846081797362,7.0669389,0.8115344,1.1280129,7,733
da02,1706846081897338,7.0736265,0.82907903,1.109625,11,734
da02,1706846081997320,7.0785007,0.82690883,1.0971959,10,735
da02,1706846082097351,7.0803156,0.8203795,1.0880663,10,736
da02,1706846082197341,7.083427,0.82598066,1.0828294,10,737
da02,1706846082297282,7.0870209,0.82348078,1.0764763,11,738
da02,1706846082397418,7.0854836,0.82228196,1.0742053,10,739
da02,1706846082497333,7.08258,0.83518112,1.0723561,10,740
da02,1706846082597316,7.0847912,0.8341766,1.0613673,11,741
da02,1706846082697650,7.07498,0.83213013,1.0555626,9,742
da02,1706846082797434,7.0660896,0.83197647,1.0621903,8,743
da02,1706846082897347,7.0712156,0.83386922,1.0698622,10,744
da02,1706846082997454,7.0701141,0.83450067,1.0715283,9,745
da02,1706846083097387,7.0678091,0.832006,1.0671457,9,746
da02,1706846083197304,7.0554504,0.82806414,1.0723625,7,747
da02,1706846083297411,7.0587921,0.82190913,1.0757375,9,748
da02,1706846083397425,7.0526776,0.83214283,1.0764076,8,749
da02,1706846083497332,7.053215,0.82942134,1.0772644,9,750
da02,1706846083597422,7.0671372,0.81444818,1.0844572,10,751
da02,1706846083697333,7.0523033,0.8141169,1.0845666,7,752
da02,1706846083797394,7.0544162,0.8177647,1.0886651,8,753
da02,1706846083897347,7.0602555,0.81874853,1.0812492,10,754
da02,1706846083997353,7.057054,0.8156231,1.0776749,8,755
da02,1706846084097359,7.0536075,0.80648172,1.0807918,8,756
da02,1706846084197328,7.05234,0.81275064,1.0843226,8,757
da02,1706846084297342,7.0667224,0.81735009,1.0768185,11,758
da02,1706846084397450,7.0645905,0.81308985,1.0782543,8,759
da02,1706846084497360,7.06204,0.8219071,1.073241,9,760
da02,1706846084597365,7.0743508,0.82379615,1.0771154,10,761
da02,1706846084697449,7.07934,0.82816678,1.0756656,10,762
da02,1706846084797391,7.0742474,0.83316541,1.078609,9,763
da02,1706846084897329,7.0601115,0.81578964,1.0795649,7,764
da02,1706846084997504,7.0603561,0.814556,1.079679,9,765
da02,1706846085097328,7.0674963,0.8092398,1.0766848,10,766
da02,1706846085197342,7.0654554,0.813381,1.0775419,9,767
da02,1706846085297405,7.0632606,0.81050748,1.0739642,9,768
da02,1706846085397382,7.0644846,0.81998503,1.0729592,9,769
da02,1706846085497346,7.0552883,0.81573689,1.0712525,8,770
da02,1706846085597447,7.0486455,0.82005596,1.0697114,8,771
da02,1706846085697330,7.1919518,0.8208127,1.0601972,67,772
da02,1706846085797366,7.1552596,0.82770759,1.0564872,9,773
da02,1706846085897488,7.1229672,0.82300532,1.0619967,7,774
da02,1706846085997390,7.1135073,0.82757014,1.0610873,10,775
da02,1706846086097374,7.0960879,0.82980031,1.0550228,9,776
da02,1706846086197482,7.0854592,0.82355237,1.058761,9,777
da02,1706846086297312,7.0646653,0.83548689,1.0665992,8,778
da02,1706846086397361,7.0691571,0.82754385,1.0667915,10,779
da02,1706846086497382,7.2398038,0.66795522,1.479477,72,780
da02,1706846086597388,7.1983609,0.6928497,1.3742886,9,781
da02,1706846086697335,7.1688848,0.73105407,1.2959468,10,782
da02,1706846086797442,7.14069,0.75656861,1.2478588,8,783
da02,1706846086897387,7.1330628,0.77075958,1.1942936,11,784
da02,1706846086997366,7.109283,0.7852056,1.1648291,8,785
da02,1706846087097330,7.09444,0.79878128,1.1339437,9,786
da02,1706846087197403,7.0871277,0.80967903,1.1189075,9,787
da02,1706846087297315,7.0858588,0.81715155,1.1088825,10,788
da02,1706846087397454,7.070888,0.81617707,1.1092626,7,789
da02,1706846087497360,7.075798,0.80895615,1.0995814,10,790
da02,1706846087597370,7.0805492,0.8057912,1.1002923,9,791
da02,1706846087697398,7.0717778,0.81300956,1.093051,9,792
da02,1706846087797392,7.0751534,0.815529,1.0942925,9,793
da02,1706846087897343,7.0688648,0.82028061,1.0958633,8,794
da02,1706846087997345,7.0783358,0.8214404,1.093986,10,795
da02,1706846088097382,7.0758944,0.82144541,1.0895854,9,796
da02,1706846088197394,7.0766792,0.82561052,1.0844277,10,797
da02,1706846088297374,7.0919137,0.82710075,1.075369,12,798
da02,1706846088397434,7.0833969,0.82609427,1.0675783,9,799
da02,1706846088497327,7.0865369,0.82388,1.0791216,9,800
da02,1706846088597442,7.0777459,0.82956928,1.0790265,9,801
da02,1706846088697466,7.0647306,0.82996631,1.0883279,8,802
da02,1706846088797503,7.0580339,0.82961065,1.0853548,8,803
da02,1706846088897406,7.0584354,0.84734005,1.0800788,10,804
da02,1706846088997472,7.0609236,0.84195608,1.0871109,8,805
da02,1706846089097453,7.065063,0.84020257,1.088744,9,806
da02,1706846089197335,7.073266,0.833025,1.0805609,11,807
da02,1706846089298010,7.0786219,0.82834983,1.0798708,10,808
da02,1706846089397444,7.0770159,0.81803292,1.0748754,9,809
da02,1706846089497321,7.0780053,0.81593251,1.0760782,9,810
da02,1706846089597462,7.0822334,0.81333077,1.0682656,11,811
da02,1706846089697438,7.0686436,0.83159393,1.0758071,8,812
da02,1706846089797354,7.0702524,0.821954,1.0783906,9,813
da02,1706846089897408,7.0686536,0.82408005,1.0751035,9,814
da02,1706846089997446,7.0548773,0.82552296,1.0721097,8,815
da02,1706846090097390,7.0506783,0.82401425,1.0762717,8,816
da02,1706846090197424,7.0528159,0.825681,1.0662349,10,817
da02,1706846090297400,7.0652013,0.81873757,1.0774685,9,818
da02,1706846090398489,7.0763154,0.82177663,1.0830219,10,819
da02,1706846090497812,7.0697184,0.82608336,1.0877793,8,820
da02,1706846090597581,7.0662403,0.8334707,1.0859725,9,821
da02,1706846090697548,7.0594082,0.84079641,1.0875995,8,822
da02,1706846090797602,7.0492988,0.84882665,1.0897595,8,823
da02,1706846090897588,7.0669847,0.85415,1.0809585,12,824
da02,1706846090997593,7.0847878,0.83952433,1.0699759,12,825
da02,1706846091097569,7.1977439,0.84178394,1.0554944,67,826
da02,1706846091197527,7.1765332,0.83834869,1.0610751,11,827
da02,1706846091297506,7.1499128,0.83496249,1.0549653,10,828
da02,1706846091397526,7.1223421,0.83076739,1.056868,8,829
da02,1706846091497506,7.1111822,0.82962132,1.057758,10,830
da02,1706846091597547,7.0993104,0.83203995,1.0641505,9,831
da02,1706846091697489,7.0950041,0.83398581,1.060244,10,832
da02,1706846091797545,7.0938668,0.82343805,1.06316,10,833
da02,1706846091897670,7.0987139,0.82012743,1.0616313,11,834
da02,1706846091997544,7.10457,0.81875837,1.0716394,11,835
da02,1706846092097562,7.0878954,0.8223241,1.0732012,8,836
da02,1706846092198054,7.080514,0.81458855,1.071067,9,837
da02,1706846092297558,7.0812836,0.82045871,1.0740519,10,838
da02,1706846092397587,7.07996,0.82447696,1.0741053,10,839
da02,1706846092497515,7.0756512,0.81964982,1.0649475,10,840
da02,1706846092597599,7.0609818,0.81690973,1.0727615,7,841
da02,1706846092697582,7.0585337,0.82665044,1.0674002,9,842
da02,1706846092797614,7.0636587,0.82951427,1.0677888,10,843
da02,1706846092897608,7.0662642,0.83722675,1.0702105,10,844
da02,1706846092997575,7.069602,0.82847714,1.0670531,10,845
da02,1706846093097536,7.0827537,0.82390064,1.0753489,11,846
da02,1706846093197580,7.0893946,0.83235967,1.079863,11,847
da02,1706846093297867,7.0734777,0.83209854,1.0813222,7,848
da02,1706846093397776,7.0756106,0.83511269,1.0772702,10,849
da02,1706846093497558,7.0681415,0.83054978,1.0705628,9,850
da02,1706846093597586,7.0708132,0.83582491,1.0674728,10,851
da02,1706846093697526,7.055428,0.83089542,1.0732316,8,852
da02,1706846093797594,7.0495028,0.83182114,1.0698503,8,853
da02,1706846093897563,7.0545726,0.83450919,1.066763,10,854
da02,1706846093997584,7.0454297,0.83551633,1.0777156,8,855
da02,1706846094097584,7.0444036,0.82853627,1.0780619,8,856
da02,1706846094197606,7.0489879,0.82266313,1.071686,9,857
da02,1706846094297593,7.0542507,0.82310754,1.0742686,9,858
da02,1706846094397631,7.0543218,0.82712072,1.0771126,9,859
da02,1706846094497585,7.0696959,0.83112371,1.0732867,11,860
da02,1706846094597594,7.0623326,0.8410058,1.0684555,9,861
da02,1706846094697557,7.0596247,0.84015262,1.0740937,8,862
da02,1706846094797592,7.0624809,0.84484595,1.0724695,10,863
da02,1706846094897774,7.0499306,0.83805335,1.0756199,7,864
da02,1706846094997604,7.0641751,0.83487976,1.0637167,12,865
da02,1706846095097565,7.0574846,0.81792408,1.0610063,8,866
da02,1706846095197643,7.0542507,0.8123461,1.0669266,8,867
da02,1706846095297585,7.0508757,0.81910282,1.0610992,9,868
da02,1706846095397586,7.0605173,0.82916754,1.0578289,11,869
da02,1706846095497599,7.0549059,0.8268,1.0579698,8,870
da02,1706846095597591,7.0613332,0.82697314,1.0686244,9,871
da02,1706846095699288,7.0633554,0.83645493,1.0676955,10,872
da02,1706846095797615,7.0462632,0.81817472,1.0729554,7,873
da02,1706846095897567,7.0395412,0.82520694,1.0726944,8,874
da02,1706846095997616,7.0501223,0.83217734,1.0715367,10,875
da02,1706846096097802,7.0503345,0.84144795,1.0676019,9,876
da02,1706846096197622,7.0564117,0.836076,1.0743555,9,877
da02,1706846096297580,7.0451403,0.7057566,1.0523239,70,878
da02,1706846096397757,7.0362282,0.72997707,1.0608052,7,879
da02,1706846096497656,7.0373521,0.7584039,1.0606635,9,880
da02,1706846096597576,7.0357285,0.76765579,1.0675701,7,881
da02,1706846096697567,7.0346985,0.78659421,1.0701363,8,882
da02,1706846096797577,7.0312977,0.79887646,1.0746999,8,883
da02,1706846096897584,7.0336418,0.81116021,1.0752538,8,884
da02,1706846096997580,7.0524282,0.80865479,1.0702682,11,885
da02,1706846097097590,7.0652595,0.81234759,1.0723257,10,886
da02,1706846097198060,7.0744576,0.79460758,1.0653921,10,887
da02,1706846097297563,7.0814514,0.79882395,1.0665507,10,888
da02,1706846097397572,7.0646715,0.7952944,1.0697756,7,889
da02,1706846097497562,7.073967,0.80829048,1.0727277,10,890
da02,1706846097597579,7.06424,0.81074661,1.0704873,8,891
da02,1706846097697606,7.0756488,0.81242764,1.0767001,10,892
da02,1706846097797582,7.0676203,0.82185233,1.0640358,10,893
da02,1706846097897746,7.0701046,0.82517439,1.0638539,10,894
da02,1706846097997624,7.0791941,0.83071786,1.068019,11,895
da02,1706846098097592,7.0734015,0.83359754,1.0700394,9,896
da02,1706846098197952,7.0799632,0.82204634,1.0733918,10,897
da02,1706846098297620,7.0687,0.82325536,1.0793059,8,898
da02,1706846098397620,7.0674353,0.82841188,1.0768818,9,899
da02,1706846098497584,7.0537186,0.82123691,1.0775143,7,900
da02,1706846098597590,7.0595818,0.83026659,1.0796013,10,901
da02,1706846098697564,7.0651813,0.83370924,1.0797704,10,902
da02,1706846098797596,7.0670905,0.83628637,1.0766636,10,903
da02,1706846098897576,7.0754848,0.8315478,1.0818696,10,904
da02,1706846098997594,7.0833182,0.82877141,1.083131,10,905
da02,1706846099097573,7.0696015,0.83427036,1.0838976,8,906
da02,1706846099197613,7.0620737,0.83246225,1.0830789,8,907
da02,1706846099297586,7.0562835,0.84004009,1.0854293,8,908
da02,1706846099397652,7.0628166,0.83432573,1.0819696,10,909
da02,1706846099497640,7.0629482,0.84121704,1.0765667,10,910
da02,1706846099597603,7.0671792,0.82694983,1.0742186,9,911
da02,1706846099697704,7.0610366,0.82518905,1.0661836,9,912
da02,1706846099797604,7.0583277,0.82428414,1.0585319,9,913
da02,1706846099897598,7.0599341,0.83432883,1.0718411,9,914
da02,1706846099997622,7.058558,0.8366307,1.0794699,8,915
da02,1706846100097594,7.0533276,0.83911568,1.0763708,8,916
da02,1706846100197603,7.0648007,0.8340559,1.0768133,10,917
da02,1706846100298132,7.0591536,0.83720136,1.0740819,9,918
da02,1706846100397635,7.0706897,0.83000547,1.0827365,10,919
da02,1706846100497621,7.0801225,0.82612288,1.0844765,10,920
da02,1706846100597641,7.0680466,0.82603925,1.0737767,9,921
da02,1706846100697597,7.069643,0.82911009,1.0652846,10,922
da02,1706846100797610,7.0648127,0.82600909,1.0688568,8,923
da02,1706846100897604,7.0515461,0.83178788,1.0716537,8,924
da02,1706846100997662,7.0499172,0.83920741,1.0737939,9,925
da02,1706846101097765,7.059217,0.83262116,1.0688391,10,926
da02,1706846101197564,7.0482078,0.83042842,1.0680962,7,927
da02,1706846101297710,7.060648,0.82459879,1.0609624,11,928
da02,1706846101397562,7.0728264,0.83405566,1.0618643,11,929
da02,1706846101497542,7.0790954,0.82613307,1.0672473,10,930
da02,1706846101597622,7.0624533,0.840557,1.063066,8,931
da02,1706846101697501,7.0593681,0.83798134,1.0644757,9,932
da02,1706846101797525,7.0648437,0.82526535,1.0703179,9,933
da02,1706846101897698,7.0695586,0.82737416,1.0693369,10,934
da02,1706846101997755,7.0647435,0.82243079,1.0825893,7,935
da02,1706846102097512,7.0737062,0.82227546,1.0866739,10,936
da02,1706846102197523,7.0720081,0.82367206,1.0720726,10,937
da02,1706846102298040,7.0679922,0.82601219,1.0875871,8,938
da02,1706846102397568,7.0722709,0.82979423,1.0840663,10,939
da02,1706846102497602,7.0667129,0.83102876,1.0805881,9,940
da02,1706846102597562,7.0637984,0.82524425,1.0755496,9,941
da02,1706846102697529,7.0692949,0.81798911,1.0752584,10,942
da02,1706846102797572,7.0679541,0.81998634,1.0723948,9,943
da02,1706846102897510,7.0634613,0.8237468,1.0642577,9,944
da02,1706846102997528,7.0582604,0.82272196,1.0662863,8,945
da02,1706846103097540,7.0697064,0.81841338,1.067922,10,946
da02,1706846103197536,7.0752373,0.8147732,1.0672355,10,947
da02,1706846103297528,7.0881829,0.81595296,1.0608591,12,948
da02,1706846103397528,7.0725284,0.82206053,1.0639931,8,949
da02,1706846103497525,7.0676265,0.82782823,1.0687271,9,950
da02,1706846103597522,7.0646844,0.83363533,1.0751175,9,951
da02,1706846103697553,7.0640154,0.83765948,1.076861,9,952
da02,1706846103797534,7.0502033,0.84010154,1.0828369,8,953
da02,1706846103897524,7.0559297,0.83660477,1.0775137,10,954
da02,1706846103997556,7.0532684,0.83830404,1.0843168,8,955
da02,1706846104097534,7.0490313,0.83631361,1.073717,9,956
da02,1706846104197547,7.0467739,0.84930128,1.0741196,9,957
da02,1706846104297573,7.0621409,0.84626037,1.0684762,11,958
da02,1706846104397588,7.0699315,0.83526933,1.0724782,10,959
da02,1706846104497551,7.0683408,0.83853936,1.0721292,9,960
da02,1706846104597596,7.084908,0.83413792,1.070498,12,961
da02,1706846104697536,7.0851626,0.82360345,1.0598352,11,962
da02,1706846104797534,7.0879283,0.82091033,1.065378,10,963
da02,1706846104897527,7.0846028,0.82181,1.0692546,9,964
da02,1706846104997530,7.0809307,0.82356846,1.0766044,9,965
da02,1706846105097525,7.0849237,0.80737668,1.0813881,9,966
da02,1706846105197540,7.0768147,0.82350224,1.0840336,9,967
da02,1706846105297533,7.0662036,0.83226258,1.078446,9,968
da02,1706846105397549,7.063046,0.82539904,1.0763284,9,969
da02,1706846105497603,7.0696917,0.82706362,1.0860022,9,970
da02,1706846105597550,7.074409,0.82309836,1.0866022,10,971
da02,1706846105697540,7.0767803,0.821228,1.0876853,9,972
da02,1706846105797693,7.0859456,0.8162477,1.0755732,11,973
da02,1706846105897597,7.0764551,0.8290261,1.0795846,8,974
da02,1706846105997531,7.0765114,0.81853181,1.0819303,9,975
da02,1706846106097536,7.0653405,0.82139534,1.0798105,8,976
da02,1706846106197517,7.0483513,0.81630176,1.0796096,7,977
da02,1706846106297567,7.0584483,0.8139416,1.0739008,10,978
da02,1706846106397582,7.0580053,0.81092793,1.0712335,9,979
da02,1706846106497543,7.0549793,0.81013483,1.0691158,9,980
da02,1706846106597531,7.064486,0.81379712,1.07095,10,981
da02,1706846106697536,7.0677838,0.81686711,1.0721036,10,982
da02,1706846106797525,7.0719395,0.83411115,1.0724206,10,983
da02,1706846106897494,7.0704274,0.82494503,1.072983,9,984
da02,1706846106997528,7.0690222,0.83495992,1.0674522,10,985
da02,1706846107097442,7.0654187,0.83489209,1.0716338,9,986
da02,1706846107197505,7.0812545,0.82387537,1.0744082,11,987
da02,1706846107297523,7.09303,0.825764,1.0683544,12,988
da02,1706846107397418,7.0783291,0.83618939,1.0674372,9,989
da02,1706846107497439,7.0801392,0.82843208,1.0736532,9,990
da02,1706846107597444,7.0803585,0.82375157,1.0713818,10,991
da02,1706846107697420,7.0788069,0.83178991,1.0725306,10,992
da02,1706846107797446,7.0823932,0.82779765,1.0727971,10,993
da02,1706846107897460,7.0922303,0.83577061,1.0685388,12,994
da02,1706846107997462,7.0873704,0.83790982,1.0606718,10,995
da02,1706846108097456,7.085753,0.83196181,1.0657797,9,996
da02,1706846108197461,7.0861506,0.82384378,1.0580246,11,997
da02,1706846108297462,7.0851693,0.82556581,1.0587074,10,998
da02,1706846108397466,7.0759811,0.82932329,1.0646874,8,999
da02,1706846108497501,7.0688534,0.82239634,1.0724857,8,1000
da02,1706846108597466,7.0634084,0.82394224,1.0766802,8,1001
da02,1706846108697463,7.0519743,0.83214557,1.0751871,8,1002
da02,1706846108797497,7.0533915,0.83317393,1.0760965,9,1003
da02,1706846108897474,7.0686531,0.83387947,1.0632179,12,1004
da02,1706846108997698,7.066011,0.82777733,1.0611869,9,1005
da02,1706846109097498,7.0619459,0.83398581,1.0648999,9,1006
da02,1706846109197968,7.0542312,0.82098114,1.065926,8,1007
da02,1706846109297516,7.0376954,0.81605458,1.058446,7,1008
da02,1706846109397953,7.0473633,0.8156001,1.0568298,10,1009
da02,1706846109497475,7.0455079,0.81057549,1.0678889,7,1010
da02,1706846109597496,7.0557775,0.81668574,1.0775679,9,1011
da02,1706846109697491,7.0613613,0.81230211,1.0749481,10,1012
da02,1706846109797430,7.0512614,0.81934249,1.0710614,8,1013
da02,1706846109897487,7.0497022,0.82984132,1.0771641,8,1014
da02,1706846109997529,7.0493274,0.83471745,1.086902,8,1015
da02,1706846110097480,7.0469003,0.83053589,1.088414,8,1016
da02,1706846110197457,7.0656304,0.83328205,1.0901217,11,1017
da02,1706846110297482,7.0702219,0.82896888,1.0752217,11,1018
da02,1706846110397469,7.0616679,0.83486593,1.0725094,8,1019
da02,1706846110497483,7.0548339,0.84179795,1.0816284,8,1020
da02,1706846110597477,7.0769663,0.84444189,1.0796661,12,1021
da02,1706846110697506,7.0629988,0.84226221,1.0818473,8,1022
da02,1706846110797484,7.0434604,0.83719891,1.0772991,8,1023
da02,1706846110897562,7.0386882,0.83277327,1.0734725,8,1024
da02,1706846110997522,7.02864,0.83119053,1.0780412,8,1025
da02,1706846111099186,7.0325494,0.82680666,1.0773153,8,1026
da02,1706846111197631,7.0299916,0.83211917,1.0708122,8,1027
da02,1706846111298027,7.0206752,0.82547873,1.0697271,7,1028
da02,1706846111397519,7.0399442,0.82425559,1.0632337,11,1029
da02,1706846111497556,7.05207,0.8243947,1.0630302,10,1030
da02,1706846111597588,7.0284,0.8292653,1.0708168,9,1031
da02,1706846111697522,7.040297,0.83108187,1.071679,10,1032
da02,1706846111797577,7.0534358,0.83292234,1.0663943,11,1033
da02,1706846111897571,7.0702863,0.82992589,1.0594308,12,1034
da02,1706846111997453,7.0730672,0.81810737,1.0624176,9,1035
da02,1706846112097494,7.0642543,0.821905,1.0586952,9,1036
da02,1706846112197467,7.0645428,0.82369709,1.0575941,10,1037
da02,1706846112297637,7.0656042,0.81977326,1.0612274,9,1038
da02,1706846112397427,7.0560112,0.82234275,1.060787,8,1039
da02,1706846112497553,7.0467086,0.8140623,1.0692847,7,1040
da02,1706846112597489,7.0470629,0.82515955,1.0741099,8,1041
da02,1706846112697520,7.0492849,0.83054584,1.0749763,9,1042
da02,1706846112797544,7.062871,0.83217633,1.0693821,11,1043
da02,1706846112897506,7.0591779,0.83881867,1.0665721,9,1044
da02,1706846112997529,7.0568714,0.83895028,1.0640379,9,1045
da02,1706846113097491,7.0418992,0.83402288,1.0615871,7,1046
da02,1706846113197463,7.0505567,0.82566249,1.06569,9,1047
da02,1706846113297488,7.0622277,0.83226979,1.0589513,11,1048
da02,1706846113397478,7.0659804,0.8340286,1.0756098,9,1049
da02,1706846113497523,7.0575986,0.82293671,1.0681256,8,1050
da02,1706846113597553,7.0501437,0.81680453,1.0710709,7,1051
da02,1706846113697495,7.0548091,0.81465679,1.0637835,10,1052
da02,1706846113797463,7.0525274,0.81629854,1.0645888,9,1053
da02,1706846113897493,7.0623164,0.81543243,1.0654364,10,1054
da02,1706846113997482,7.0607204,0.82322282,1.0722762,9,1055
da02,1706846114097496,7.0721726,0.82700044,1.0773886,10,1056
da02,1706846114197495,7.0616989,0.82807285,1.0829726,7,1057
da02,1706846114297531,7.0642409,0.82230604,1.0823607,9,1058
da02,1706846114397503,7.0653963,0.81760687,1.0794523,9,1059
da02,1706846114497575,7.0616074,0.81855959,1.072262,9,1060
da02,1706846114597558,7.060297,0.81885892,1.0752037,9,1061
da02,1706846114697531,7.0693336,0.813985,1.0758507,10,1062
da02,1706846114797469,7.0752158,0.81892264,1.0767243,10,1063
da02,1706846114897491,7.0755639,0.81207871,1.08013,9,1064
da02,1706846114997470,7.0700221,0.80910313,1.0924307,7,1065
da02,1706846115097499,7.0634723,0.81693488,1.094085,8,1066
da02,1706846115197462,7.0748038,0.81184369,1.0878108,11,1067
da02,1706846115297527,7.0761938,0.821384,1.0852485,10,1068
da02,1706846115397510,7.0772729,0.82630593,1.0825891,10,1069
da02,1706846115497536,7.0586519,0.82974261,1.0818409,8,1070
da02,1706846115597504,7.0695071,0.83195263,1.0734813,11,1071
da02,1706846115697514,7.0733886,0.83536667,1.0738543,10,1072
da02,1706846115797489,7.0641031,0.83523136,1.0662287,9,1073
da02,1706846115897496,7.0522137,0.83428335,1.0641022,8,1074
da02,1706846115997557,7.0547218,0.83378249,1.0557799,10,1075
da02,1706846116097499,7.0527821,0.83358133,1.0683249,8,1076
da02,1706846116197460,7.0537348,0.8257556,1.055742,10,1077
da02,1706846116297510,7.0567179,0.81865686,1.0718491,8,1078
da02,1706846116397492,7.0750885,0.80796373,1.0821359,10,1079
da02,1706846116497497,7.0653968,0.81457776,1.0838321,8,1080
da02,1706846116597488,7.0744929,0.82273126,1.0870645,10,1081
da02,1706846116697507,7.0562325,0.82408231,1.0830604,8,1082
da02,1706846116797493,7.0492148,0.83521158,1.0853559,8,1083
da02,1706846116897868,7.0662718,0.83455539,1.0835713,11,1084
da02,1706846116997536,7.0660014,0.83650964,1.0811282,9,1085
da02,1706846117097505,7.0582104,0.83522135,1.0854732,8,1086
da02,1706846117197540,7.0615287,0.83444268,1.0788022,10,1087
da02,1706846117297543,7.0744443,0.82836103,1.077131,11,1088
da02,1706846117398292,7.0592322,0.82865375,1.0850666,8,1089
da02,1706846117497521,7.0607157,0.83205634,1.0860488,9,1090
da02,1706846117597520,7.0591369,0.83609569,1.0828836,9,1091
da02,1706846117697565,7.0561132,0.83430928,1.0731006,9,1092
da02,1706846117797486,7.0592909,0.85089815,1.0703194,10,1093
da02,1706846117897530,7.0757437,0.84902555,1.0639068,12,1094
da02,1706846117997501,7.0728664,0.83761317,1.0696821,9,1095
da02,1706846118097555,7.0637794,0.83343768,1.0772089,7,1096
da02,1706846118197502,7.0634732,0.82853949,1.0793161,9,1097
da02,1706846118297534,7.0541453,0.82250613,1.0787665,7,1098
da02,1706846118397492,7.0642271,0.82382083,1.0795991,10,1099
da02,1706846118497516,7.0667062,0.83191907,1.0711105,10,1100
da02,1706846118597500,7.0684524,0.82148063,1.0659268,10,1101
da02,1706846118697541,7.071435,0.82864428,1.0650432,10,1102
da02,1706846118797475,7.0710897,0.825326,1.0761606,8,1103
da02,1706846118897522,7.0546393,0.81402951,1.0734748,7,1104
da02,1706846118997570,7.0512204,0.81805205,1.0728709,8,1105
da02,1706846119097525,7.0577259,0.82676315,1.0757442,10,1106
da02,1706846119197511,7.0507088,0.81365997,1.0799083,7,1107
da02,1706846119297538,7.0387473,0.81913954,1.0794636,8,1108
da02,1706846119397500,7.045754,0.82342952,1.0825274,9,1109
da02,1706846119497533,7.0513544,0.82967657,1.0793816,9,1110
da02,1706846119597517,7.0520234,0.83985144,1.083576,9,1111
da02,1706846119697534,7.0498438,0.84790277,1.0786382,9,1112
da02,1706846119797524,7.055078,0.85393476,1.0846303,9,1113
da02,1706846119897549,7.0595984,0.84583324,1.0822856,9,1114
da02,1706846119997521,7.1784015,0.84648138,1.0684302,67,1115
da02,1706846120097539,7.1485262,0.84808475,1.065954,9,1116
da02,1706846120197520,7.1243992,0.83766931,1.0621312,9,1117
da02,1706846120297566,7.1130762,0.83665997,1.0634738,10,1118
da02,1706846120397564,7.0873218,0.84131241,1.0631324,8,1119
da02,1706846120497614,7.0786438,0.84680331,1.0619677,9,1120
da02,1706846120597572,7.0606923,0.82973439,1.0714704,7,1121
da02,1706846120697560,7.0599856,0.82803547,1.0684353,9,1122
da02,1706846120797530,7.0460749,0.83066171,1.0722697,8,1123
da02,1706846120897536,7.0481119,0.81178308,1.0793035,8,1124
da02,1706846120997516,7.0547633,0.81270736,1.082773,9,1125
da02,1706846121097561,7.0623555,0.81753868,1.087312,9,1126
da02,1706846121197524,7.0521121,0.81758535,1.0899402,7,1127
da02,1706846121297723,7.0569253,0.82241404,1.0749564,10,1128
da02,1706846121397517,7.0674791,0.82151461,1.0795366,10,1129
da02,1706846121497536,7.0555983,0.818748,1.074748,8,1130
da02,1706846121597525,7.0696158,0.81813771,1.0658594,11,1131
da02,1706846121697560,7.0743742,0.81190628,1.0776616,9,1132
da02,1706846121797546,7.0799708,0.80543059,1.0691371,11,1133
da02,1706846121897541,7.0644169,0.81607044,1.0649828,8,1134
da02,1706846121997600,7.081368,0.82319635,1.0810512,11,1135
da02,1706846122097550,7.0803967,0.82613283,1.0841993,9,1136
da02,1706846122197548,7.0766325,0.8269484,1.0691718,10,1137
da02,1706846122298122,7.0749149,0.83089417,1.0624709,10,1138
da02,1706846122397620,7.0626359,0.82988,1.0679148,7,1139
da02,1706846122497654,7.0575047,0.83415556,1.0598235,9,1140
da02,1706846122597554,7.0507431,0.83006668,1.0725213,7,1141
da02,1706846122697561,7.0505033,0.83453292,1.0806487,8,1142
da02,1706846122797543,7.06866,0.83925331,1.0864695,11,1143
da02,1706846122897706,7.0609064,0.8410213,1.0892382,8,1144
da02,1706846122997598,7.0782075,0.83260173,1.0862898,11,1145
da02,1706846123097553,7.0688238,0.83645415,1.0839462,8,1146
da02,1706846123197537,7.0690951,0.83342135,1.0910625,8,1147
da02,1706846123297566,7.0590787,0.82878387,1.0907329,7,1148
da02,1706846123397549,7.0542908,0.82161576,1.0860767,8,1149
da02,1706846123497600,7.0601068,0.82382947,1.087603,9,1150
da02,1706846123597547,7.0557513,0.82162392,1.091037,8,1151
da02,1706846123697562,7.0539355,0.82524896,1.0885679,8,1152
da02,1706846123797548,7.0682883,0.82746595,1.0814126,11,1153
da02,1706846123897598,7.0518618,0.83181137,1.0737073,8,1154
da02,1706846123997542,7.0649581,0.82300121,1.0690277,11,1155
da02,1706846124097585,7.06237,0.82598478,1.0652279,9,1156
da02,1706846124197576,7.0727315,0.82308996,1.0716125,10,1157
da02,1706846124297614,7.0601826,0.82597357,1.0654444,8,1158
da02,1706846124397572,7.0617046,0.8363589,1.0746379,9,1159
da02,1706846124497588,7.0609765,0.84165317,1.0671886,10,1160
da02,1706846124597522,7.0606027,0.835506,1.0621361,9,1161
da02,1706846124697572,7.0606227,0.8337943,1.0756513,8,1162
da02,1706846124797530,7.070682,0.82973558,1.0697758,11,1163
da02,1706846124897566,7.0712705,0.82995033,1.068077,10,1164
da02,1706846124997602,7.07323,0.83087069,1.0679331,10,1165
da02,1706846125097568,7.0670619,0.83109468,1.0670794,9,1166
da02,1706846125197554,7.0604053,0.83870906,1.0668513,9,1167
da02,1706846125297582,7.0672994,0.840778,1.0751504,10,1168
da02,1706846125397540,7.081903,0.83131474,1.068107,12,1169
da02,1706846125497568,7.0838175,0.83602172,1.0699184,10,1170
da02,1706846125597560,7.0685205,0.83559883,1.0717722,8,1171
da02,1706846125697570,7.0671649,0.82230884,1.0690281,9,1172
da02,1706846125797557,7.072062,0.82555121,1.0670463,10,1173
da02,1706846125897639,7.0895166,0.80829293,1.0590017,12,1174
da02,1706846125997587,7.0799103,0.79800779,1.0641339,8,1175
da02,1706846126097610,7.0686636,0.80524856,1.0685557,8,1176
da02,1706846126197607,7.0782418,0.80911785,1.0618268,11,1177
da02,1706846126297612,7.073184,0.8103292,1.0604944,9,1178
da02,1706846126397546,7.0654984,0.816019,1.0645447,8,1179
da02,1706846126499309,7.0539927,0.82243949,1.0698286,8,1180
da02,1706846126597613,7.0510378,0.82852894,1.0650475,9,1181
da02,1706846126697571,7.0630274,0.82833868,1.0728272,10,1182
da02,1706846126797554,7.0563989,0.82655782,1.0681732,8,1183
da02,1706846126897580,7.0648036,0.82346797,1.0746381,9,1184
da02,1706846126997577,7.0736365,0.83317268,1.0726516,11,1185
da02,1706846127097595,7.0673132,0.83614546,1.0755146,8,1186
da02,1706846127197599,7.0740671,0.83628672,1.0778877,10,1187
da02,1706846127297580,7.0719557,0.82993031,1.081925,9,1188
da02,1706846127397574,7.0706277,0.8326211,1.0885494,9,1189
da02,1706846127497627,7.0663109,0.82801086,1.0732739,10,1190
da02,1706846127597598,7.053329,0.83925897,1.0754983,8,1191
da02,1706846127697592,7.0607781,0.84679705,1.0761896,10,1192
da02,1706846127797578,7.0709572,0.85371608,1.0684179,11,1193
da02,1706846127897611,7.0846386,0.84216976,1.0596498,12,1194
da02,1706846127997635,7.0808983,0.84332669,1.0670706,9,1195
da02,1706846128097619,7.0835128,0.8413319,1.0653057,10,1196
da02,1706846128197603,7.0736446,0.83775294,1.0726404,8,1197
da02,1706846128297599,7.0732102,0.82958484,1.0708303,9,1198
da02,1706846128397665,7.0752764,0.84099662,1.0758284,10,1199
da02,1706846128497602,7.0674715,0.83755219,1.072934,9,1200
da02,1706846128597569,7.058413,0.843563,1.0680344,9,1201
da02,1706846128697582,7.0608344,0.8435902,1.0795547,8,1202
da02,1706846128797578,7.052021,0.84275794,1.0818244,8,1203
da02,1706846128897662,7.0489559,0.83331281,1.0684049,9,1204
da02,1706846128997632,7.0583167,0.83942747,1.0646271,11,1205
da02,1706846129097588,7.048295,0.83587116,1.0711939,8,1206
da02,1706846129197564,7.0515356,0.82741857,1.0651413,9,1207
da02,1706846129297585,7.0569844,0.82143164,1.0738268,9,1208
da02,1706846129397547,7.0717144,0.82459456,1.0738723,11,1209
da02,1706846129497631,7.0841165,0.81463927,1.0697926,11,1210
da02,1706846129597579,7.0653877,0.816127,1.075331,8,1211
da02,1706846129697584,7.0830231,0.82031232,1.0750291,12,1212
da02,1706846129797575,7.0679455,0.82267076,1.0790501,7,1213
da02,1706846129897583,7.0651283,0.84050816,1.087764,8,1214
da02,1706846129997596,7.0763021,0.83814085,1.083174,11,1215
da02,1706846130097606,7.0772033,0.82466018,1.0754077,10,1216
da02,1706846130197583,7.0658588,0.82599157,1.0749186,8,1217
da02,1706846130297597,7.0574055,0.82362765,1.0734761,8,1218
da02,1706846130397585,7.0444908,0.82921356,1.0778346,8,1219
da02,1706846130497604,7.0431142,0.83648938,1.0811176,8,1220
da02,1706846130597596,7.0617871,0.82991356,1.0786066,11,1221
da02,1706846130697610,7.0619287,0.82812178,1.0848814,8,1222
da02,1706846130797609,7.0632606,0.82349312,1.0768658,10,1223
da02,1706846130897624,7.0588827,0.82177955,1.0778371,8,1224
da02,1706846130997682,7.0558872,0.82456613,1.0886849,7,1225
da02,1706846131097604,7.068985,0.82655996,1.0828136,11,1226
da02,1706846131197576,7.0776048,0.83024925,1.0831882,10,1227
da02,1706846131297604,7.0719409,0.82460856,1.0888743,8,1228
da02,1706846131397580,7.077991,0.8239246,1.084089,10,1229
da02,1706846131497584,7.0713086,0.83079451,1.075527,9,1230
da02,1706846131597588,7.0549216,0.83456147,1.0831989,8,1231
da02,1706846131697597,7.0712733,0.83442611,1.0882108,11,1232
da02,1706846131797587,7.0636959,0.83334953,1.083923,8,1233
da02,1706846131897614,7.0557656,0.83024246,1.0843858,8,1234
da02,1706846131997607,7.0463328,0.83128136,1.0791253,8,1235
da02,1706846132097601,7.03963,0.83280045,1.0765878,8,1236
da02,1706846132197592,7.0423031,0.8287769,1.0773342,8,1237
da02,1706846132297597,7.0573168,0.82105953,1.0857929,9,1238
da02,1706846132397596,7.0605421,0.81971538,1.076571,10,1239
da02,1706846132497694,7.0495725,0.82149106,1.075299,7,1240
da02,1706846132597600,7.0501838,0.81772405,1.06914,9,1241
da02,1706846132697616,7.0443993,0.82412869,1.0716168,8,1242
da02,1706846132797604,7.0421185,0.81925607,1.0685989,8,1243
da02,1706846132897594,7.0357432,0.82118112,1.0655205,8,1244
da02,1706846132997628,7.0411057,0.83172184,1.0634704,9,1245
da02,1706846133097628,7.0559516,0.826999,1.0792037,9,1246
da02,1706846133197600,7.0388651,0.83164972,1.0872467,8,1247
da02,1706846133298121,7.0467677,0.82311594,1.0838186,9,1248
da02,1706846133397672,7.0601878,0.82502574,1.0883226,10,1249
da02,1706846133497788,7.0561514,0.82552332,1.0899031,8,1250
da02,1706846133597628,7.0481157,0.82961708,1.0847315,8,1251
da02,1706846133697625,7.061379,0.82213742,1.0714372,11,1252
da02,1706846133797623,7.0643291,0.8220427,1.0648302,10,1253
da02,1706846133897662,7.0623069,0.82373536,1.0665551,9,1254
da02,1706846133997703,7.0684509,0.82321554,1.07168,10,1255
da02,1706846134097655,7.06926,0.82204872,1.071167,9,1256
da02,1706846134197632,7.0782671,0.8220197,1.0740517,10,1257
da02,1706846134297632,7.0643396,0.82621592,1.075238,8,1258
da02,1706846134397600,7.0772724,0.82712078,1.0670279,12,1259
da02,1706846134497611,7.0713477,0.82156754,1.0639836,9,1260
da02,1706846134597613,7.0647683,0.83154219,1.0680412,9,1261
da02,1706846134697616,7.0668659,0.8290388,1.0698438,9,1262
da02,1706846134797607,7.0775313,0.83519268,1.0640025,11,1263
da02,1706846134897634,7.0612493,0.8285377,1.0761802,8,1264
da02,1706846134997608,7.0606894,0.83243376,1.067246,10,1265
da02,1706846135097612,7.0691352,0.83126652,1.0709587,10,1266
da02,1706846135197612,7.0745921,0.83556795,1.080708,9,1267
da02,1706846135297622,7.0672369,0.8397814,1.0836449,8,1268
da02,1706846135397612,7.0600548,0.82801527,1.075242,8,1269
da02,1706846135497675,7.0587478,0.82632565,1.0763903,9,1270
da02,1706846135597672,7.0657048,0.83077073,1.0770854,10,1271
da02,1706846135697620,7.0595322,0.82952034,1.0714271,9,1272
da02,1706846135797643,7.0631871,0.83611649,1.0725646,10,1273
da02,1706846135897632,7.0659647,0.83883166,1.072675,10,1274
da02,1706846135997624,7.0592537,0.84150463,1.0726894,8,1275
da02,1706846136097659,7.063097,0.83725572,1.0747383,9,1276
da02,1706846136197612,7.07284,0.83527291,1.0787725,10,1277
da02,1706846136297628,7.07174,0.83411962,1.0713233,10,1278
da02,1706846136397624,7.0518579,0.83586985,1.0844743,8,1279
da02,1706846136497627,7.0570431,0.84129363,1.0775081,10,1280
da02,1706846136597628,7.0556054,0.84378046,1.0743858,9,1281
da02,1706846136697635,7.0531926,0.8336792,1.0673521,9,1282
da02,1706846136797616,7.0658016,0.83452636,1.0636638,11,1283
da02,1706846136897626,7.0730634,0.828432,1.0555406,11,1284
da02,1706846136997732,7.0677114,0.82854134,1.0560876,9,1285
da02,1706846137097883,7.072114,0.82833534,1.0593525,10,1286
da02,1706846137197667,7.0734935,0.8289507,1.0562009,10,1287
da02,1706846137297649,7.0745087,0.82933068,1.065196,9,1288
da02,1706846137397672,7.0657182,0.83099544,1.0697802,8,1289
da02,1706846137497676,7.0713482,0.832879,1.0614665,11,1290
da02,1706846137597628,7.0668797,0.82696503,1.0677351,8,1291
da02,1706846137697636,7.0638018,0.82899779,1.0604753,10,1292
da02,1706846137797605,7.0593762,0.82034087,1.056232,9,1293
da02,1706846137897646,7.0559344,0.82168239,1.0592831,9,1294
da02,1706846137997646,7.0526223,0.82001358,1.0697972,8,1295
da02,1706846138097628,7.0594349,0.81104732,1.0691414,9,1296
da02,1706846138197619,7.0588994,0.821935,1.0616531,10,1297
da02,1706846138298046,7.0609407,0.82105029,1.0677193,9,1298
da02,1706846138397660,7.0636492,0.81932968,1.0640635,10,1299
da02,1706846138498234,7.0670362,0.82890564,1.0619214,10,1300
da02,1706846138597622,7.068265,0.82067269,1.0696585,9,1301
da02,1706846138697666,7.0752616,0.81987697,1.0655483,11,1302
da02,1706846138797659,7.0754108,0.8263073,1.0646694,10,1303
da02,1706846138897642,7.0713582,0.8284474,1.0654607,9,1304
da02,1706846138997689,7.0831547,0.83580458,1.0719193,11,1305
da02,1706846139097656,7.0864639,0.82443571,1.0802509,9,1306
da02,1706846139197663,7.0847521,0.81888384,1.0745833,10,1307
da02,1706846139297633,7.0832314,0.82934988,1.0674421,10,1308
da02,1706846139397660,7.0767994,0.83334374,1.0672239,9,1309
da02,1706846139497727,7.0605068,0.83831191,1.0861382,8,1310
da02,1706846139597660,7.0731444,0.84173286,1.0810518,11,1311
da02,1706846139697676,7.0738468,0.83927363,1.0865837,9,1312
da02,1706846139797655,7.0767579,0.83417106,1.0777345,10,1313
da02,1706846139897632,7.0760803,0.84068936,1.0814743,9,1314
da02,1706846139997702,7.0647197,0.83278358,1.0766408,8,1315
da02,1706846140097644,7.0667753,0.83332777,1.0773772,9,1316
da02,1706846140197654,7.0665359,0.82548124,1.0770485,9,1317
da02,1706846140297659,7.0681067,0.83011538,1.074622,10,1318
da02,1706846140397649,7.0686331,0.82647848,1.0719705,9,1319
da02,1706846140497645,7.0769019,0.83277154,1.0785418,10,1320
da02,1706846140597722,7.0827441,0.83113974,1.0916008,9,1321
da02,1706846140697698,7.0830321,0.82725906,1.0914344,9,1322
da02,1706846140797655,7.0797729,0.82769859,1.0856503,9,1323
da02,1706846140897640,7.0826058,0.83293396,1.0841254,10,1324
da02,1706846140997651,7.0757179,0.82667315,1.0782026,9,1325
da02,1706846141097621,7.0708656,0.82611835,1.0724378,9,1326
da02,1706846141197649,7.0545979,0.82891667,1.0686959,8,1327
da02,1706846141297638,7.0474887,0.822789,1.0708013,7,1328
da02,1706846141397648,7.0554428,0.82097888,1.0761143,9,1329
da02,1706846141497740,7.0517507,0.82773703,1.0763146,8,1330
da02,1706846141597664,7.054801,0.82499892,1.0838515,8,1331
da02,1706846141697649,7.048965,0.83079678,1.0751129,9,1332
da02,1706846141797666,7.0546274,0.82885545,1.0740986,9,1333
da02,1706846141899254,7.0558124,0.82695335,1.0790387,8,1334
da02,1706846141997690,7.0585461,0.83046246,1.0749836,10,1335
da02,1706846142097678,7.0517373,0.83712941,1.0691996,9,1336
da02,1706846142197670,7.0643682,0.83068979,1.0769671,10,1337
da02,1706846142297653,7.0654263,0.827243,1.0802546,9,1338
da02,1706846142397676,7.0570245,0.82687932,1.0706103,9,1339
da02,1706846142497672,7.0593719,0.83481234,1.077751,9,1340
da02,1706846142597704,7.048151,0.84320945,1.0823004,8,1341
da02,1706846142697672,7.0585275,0.84385836,1.0764073,10,1342
da02,1706846142797664,7.0491648,0.84185439,1.0755939,8,1343
da02,1706846142897646,7.0516987,0.83793944,1.0653712,10,1344
da02,1706846142997756,7.0553575,0.84437162,1.0589988,10,1345
da02,1706846143097675,7.0473275,0.85494494,1.0615097,8,1346
da02,1706846143197669,7.0423131,0.84866178,1.0686039,7,1347
da02,1706846143297668,7.0547533,0.85604787,1.0788535,10,1348
da02,1706846143397662,7.0682068,0.84341228,1.0808561,10,1349
da02,1706846143497682,7.0515175,0.83959311,1.0784039,8,1350
da02,1706846143597687,7.0539889,0.8279587,1.0698631,9,1351
da02,1706846143697670,7.0555887,0.83492953,1.0684453,9,1352
da02,1706846143797698,7.0608234,0.82634246,1.0708337,9,1353
da02,1706846143897703,7.0656128,0.81468385,1.065816,10,1354
da02,1706846143997706,7.07509,0.8213672,1.0666537,11,1355
da02,1706846144097660,7.075707,0.82481056,1.0658172,10,1356
da02,1706846144197685,7.0655813,0.82089126,1.0645987,8,1357
da02,1706846144298261,7.0693712,0.81917572,1.0763096,9,1358
da02,1706846144397688,7.0823989,0.83146757,1.0795,11,1359
da02,1706846144497862,7.08886,0.83288509,1.0725116,11,1360
da02,1706846144597704,7.0811281,0.82924986,1.0726467,9,1361
da02,1706846144697674,7.0702939,0.83128536,1.0781299,8,1362
da02,1706846144797704,7.0691566,0.82507253,1.0779632,9,1363
da02,1706846144897686,7.0767488,0.82020313,1.0694125,11,1364
da02,1706846144997766,7.0744658,0.83514476,1.0645788,10,1365
da02,1706846145097680,7.0634208,0.834204,1.0695546,8,1366
da02,1706846145197672,7.052402,0.83713186,1.0854405,8,1367
da02,1706846145297670,7.0536,0.84368491,1.0784105,9,1368
da02,1706846145397686,7.0463715,0.83205032,1.068776,8,1369
da02,1706846145497681,7.04789,0.818846,1.0697445,8,1370
da02,1706846145597686,7.0635738,0.80840123,1.0692461,11,1371
da02,1706846145697701,7.0736876,0.80881494,1.0667214,11,1372
da02,1706846145797710,7.06403,0.81113994,1.0659826,8,1373
da02,1706846145897696,7.0711818,0.82131934,1.063217,11,1374
da02,1706846145997825,7.0633297,0.81828958,1.0623516,8,1375
da02,1706846146097720,7.06688,0.82247442,1.0663791,10,1376
da02,1706846146197733,7.0718045,0.82788229,1.069577,10,1377
da02,1706846146297737,7.0743022,0.83533728,1.0657802,10,1378
da02,1706846146397747,7.0778956,0.82940388,1.0563475,11,1379
da02,1706846146497661,7.0774088,0.83116186,1.0646216,9,1380
da02,1706846146597698,7.0731831,0.83513856,1.0599861,10,1381
da02,1706846146697679,7.0633721,0.8476724,1.0626888,9,1382
da02,1706846146797814,7.0742521,0.83974487,1.0683877,10,1383
da02,1706846146897693,7.0529752,0.84083492,1.0801803,8,1384
da02,1706846146997709,7.0676064,0.83463413,1.081241,10,1385
da02,1706846147097670,7.0824056,0.834211,1.0724279,12,1386
da02,1706846147197707,7.0730424,0.84210604,1.0785693,8,1387
da02,1706846147297680,7.0769119,0.83666176,1.0741758,10,1388
da02,1706846147397652,7.0694532,0.83469671,1.0703552,9,1389
da02,1706846147497768,7.0775356,0.84013796,1.0663302,11,1390
da02,1706846147597734,7.0702009,0.84363431,1.0677114,9,1391
da02,1706846147697688,7.0682716,0.83730775,1.0725502,9,1392
da02,1706846147797720,7.0699024,0.83195364,1.0625908,10,1393
da02,1706846147897692,7.0713534,0.83763766,1.0594003,10,1394
da02,1706846147997736,7.0759482,0.83859897,1.0550896,11,1395
da02,1706846148097770,7.0752745,0.83323544,1.0559918,10,1396
da02,1706846148197738,7.0757537,0.83699328,1.0703245,9,1397
da02,1706846148297678,7.0692711,0.83978152,1.071382,9,1398
da02,1706846148397710,7.0552659,0.83962584,1.0624486,8,1399
da02,1706846148497671,7.053381,0.82676351,1.0659732,8,1400
da02,1706846148597694,7.0567846,0.82352895,1.0781981,8,1401
da02,1706846148697701,7.0581827,0.82451916,1.0735524,9,1402
da02,1706846148797704,7.0615592,0.82302648,1.0725714,9,1403
da02,1706846148897672,7.0682449,0.82571226,1.0707526,10,1404
da02,1706846148997775,7.0670176,0.8346861,1.0757608,9,1405
da02,1706846149097709,7.0766349,0.82700258,1.0798569,10,1406
da02,1706846149197704,7.0712733,0.81995457,1.0780866,9,1407
da02,1706846149297703,7.0686541,0.82225436,1.0686414,10,1408
da02,1706846149397700,7.0739045,0.82696819,1.0733739,10,1409
da02,1706846149497693,7.067215,0.82625175,1.076984,8,1410
da02,1706846149597709,7.0686336,0.82961029,1.0704226,10,1411
da02,1706846149697713,7.0749617,0.83810526,1.0725039,10,1412
da02,1706846149797734,7.0687132,0.83838052,1.0722809,9,1413
da02,1706846149897757,7.0656495,0.83262628,1.0710707,9,1414
da02,1706846149997863,7.0668426,0.82383496,1.0754694,9,1415
da02,1706846150097773,7.0731158,0.81780052,1.0612689,11,1416
da02,1706846150197779,7.0700607,0.81945062,1.0632364,9,1417
da02,1706846150297726,7.074357,0.81439424,1.0674218,10,1418
da02,1706846150397732,7.0673561,0.82916337,1.0689923,9,1419
da02,1706846150497872,7.0777411,0.82105637,1.0614709,11,1420
da02,1706846150597742,7.0753584,0.82675028,1.0670173,9,1421
da02,1706846150697699,7.0728526,0.82841939,1.0679828,9,1422
da02,1706846150797712,7.2231379,0.68187976,1.4161667,72,1423
da02,1706846150897711,7.1917148,0.71759313,1.3385444,10,1424
da02,1706846150997710,7.1555214,0.74760234,1.2731513,8,1425
da02,1706846151097700,7.1383476,0.768402,1.2197778,10,1426
da02,1706846151197726,7.1232581,0.77719659,1.1857333,9,1427
da02,1706846151297691,7.1139565,0.77859277,1.1531026,10,1428
da02,1706846151397750,7.1017776,0.79349089,1.125338,10,1429
da02,1706846151497732,7.0934615,0.80166233,1.1058902,10,1430
da02,1706846151597720,7.0932393,0.81414747,1.100727,10,1431
da02,1706846151697697,7.0939465,0.81492633,1.1001892,10,1432
da02,1706846151797737,7.0795574,0.8165803,1.0811337,9,1433
da02,1706846151897691,7.0687847,0.81882834,1.0785524,8,1434
da02,1706846151997802,7.079443,0.82153118,1.0735413,11,1435
da02,1706846152097731,7.0809689,0.81631041,1.0816673,9,1436
da02,1706846152197742,7.0743527,0.81974262,1.0933604,8,1437
da02,1706846152297750,7.0695977,0.81230664,1.0799785,9,1438
da02,1706846152397737,7.074224,0.82106,1.0736177,10,1439
da02,1706846152497715,7.0663409,0.81856495,1.0612596,9,0
da02,1706846152597756,7.0615506,0.81881231,1.071341,8,1
da02,1706846152697722,7.0621958,0.81721497,1.072175,9,2
da02,1706846152797736,7.0513105,0.81246477,1.0785232,7,3
da02,1706846152897722,7.0597477,0.81960875,1.0810615,10,4
da02,1706846152997741,7.0664811,0.82464468,1.0764343,10,5
da02,1706846153097755,7.0590682,0.81926507,1.0732584,8,6
da02,1706846153197742,7.0580258,0.8186422,1.074545,9,7
da02,1706846153297716,7.0748572,0.82032424,1.069405,12,8
da02,1706846153397725,7.0718389,0.81307483,1.0792893,8,9
da02,1706846153497781,7.0774426,0.82010078,1.0810858,10,10
da02,1706846153597740,7.0657082,0.81956077,1.0808524,8,11
da02,1706846153697736,7.0535727,0.81346315,1.0874399,7,12
da02,1706846153797759,7.06392,0.81032979,1.0802057,10,13
da02,1706846153897740,7.0597444,0.81265289,1.0817479,8,14
da02,1706846153997753,7.0634832,0.81449687,1.0811732,9,15
da02,1706846154097795,7.0706463,0.80619669,1.0792261,10,16
da02,1706846154197779,7.0736661,0.8033129,1.0793436,9,17
da02,1706846154297727,7.0785308,0.80758423,1.0744848,10,18
da02,1706846154397737,7.07627,0.8207621,1.0755152,9,19
da02,1706846154497689,7.05688,0.83870375,1.070971,8,20
da02,1706846154597724,7.0651646,0.8337124,1.0733073,10,21
da02,1706846154697716,7.0727921,0.83868909,1.0636171,11,22
da02,1706846154797740,7.0825233,0.82966018,1.0677601,10,23
da02,1706846154897717,7.0728126,0.83458465,1.0763273,8,24
da02,1706846154997815,7.0666218,0.84067112,1.0679865,9,25
da02,1706846155097726,7.0704322,0.84377545,1.0680058,10,26
da02,1706846155197746,7.0671806,0.84524763,1.0718164,9,27
da02,1706846155298506,7.0737538,0.85769731,1.0686322,11,28
da02,1706846155397740,7.0688481,0.83545125,1.0700145,8,29
da02,1706846155497778,7.0547423,0.82874435,1.0768743,7,30
da02,1706846155597792,7.0723062,0.83234906,1.0763705,11,31
da02,1706846155697742,7.06818,0.83820528,1.0736136,9,32
da02,1706846155797776,7.0482,0.82771993,1.094381,8,33
da02,1706846155897742,7.0501404,0.83130133,1.0974239,8,34
da02,1706846155998799,7.065774,0.83498228,1.0901979,11,35
da02,1706846156097810,7.0622134,0.83449793,1.0938416,8,36
da02,1706846156197742,7.0786672,0.8393575,1.0809755,12,37
da02,1706846156297728,7.0738883,0.83266109,1.0721254,9,38
da02,1706846156397856,7.0591612,0.83273679,1.0674814,8,39
da02,1706846156497890,7.062983,0.83409452,1.0643426,10,40
da02,1706846156597832,7.0650358,0.83807039,1.0644133,10,41
da02,1706846156697840,7.0717635,0.82844257,1.0567305,11,42
da02,1706846156797880,7.071229,0.83300978,1.0686882,9,43
da02,1706846156897877,7.0755396,0.82754833,1.0774057,9,44
da02,1706846156997880,7.0752974,0.82677072,1.0820695,9,45
da02,1706846157097838,7.0654993,0.83206415,1.0810796,8,46
da02,1706846157197838,7.0663218,0.82604855,1.0788416,9,47
da02,1706846157299586,7.0648928,0.83011252,1.0778675,9,48
da02,1706846157397937,7.064877,0.83879238,1.0749112,10,49
da02,1706846157497860,7.0676265,0.83932024,1.0789121,9,50
da02,1706846157597835,7.0780964,0.8428663,1.0745822,11,51
da02,1706846157698505,7.0806561,0.83944786,1.075684,10,52
da02,1706846157797842,7.0771394,0.84210694,1.0694115,10,53
da02,1706846157897832,7.07844,0.83699667,1.0703127,10,54
da02,1706846157997876,7.0619364,0.82990342,1.0770979,7,55
da02,1706846158097850,7.0636859,0.82218117,1.0751573,9,56
da02,1706846158197837,7.0682316,0.82994521,1.0695955,10,57
da02,1706846158297852,7.0769854,0.83613485,1.0743883,10,58
da02,1706846158397871,7.072926,0.83547246,1.0700077,9,59
da02,1706846158497904,7.082222,0.83106053,1.0612543,11,60
da02,1706846158597901,7.0768719,0.83051568,1.0635849,9,61
da02,1706846158697871,7.0801711,0.82759255,1.0639871,10,62
da02,1706846158797882,7.0826335,0.82654917,1.060869,10,63
da02,1706846158897838,7.0740609,0.83117783,1.0666776,8,64
da02,1706846158997853,7.0604076,0.83384132,1.0676179,8,65
da02,1706846159097857,7.0673132,0.83832806,1.0647147,10,66
da02,1706846159197881,7.0591321,0.84003067,1.0628479,9,67
da02,1706846159297835,7.0654421,0.82837266,1.0568051,10,68
da02,1706846159397844,7.06958,0.83239579,1.051321,11,69
da02,1706846159497922,7.0814648,0.83920163,1.052689,12,70
da02,1706846159597856,7.0823569,0.84080338,1.0582601,10,71
da02,1706846159697851,7.0759811,0.85196084,1.0637357,9,72
da02,1706846159797858,7.0638351,0.84416515,1.0733585,7,73
da02,1706846159897856,7.0650263,0.83734953,1.0775481,9,74
da02,1706846159997858,7.0559492,0.83626544,1.0744332,8,75
da02,1706846160097854,7.0568089,0.83154577,1.0600299,10,76
da02,1706846160197861,7.0535955,0.83161956,1.057655,9,77
da02,1706846160297858,7.050365,0.83571756,1.0624701,8,78
da02,1706846160397857,7.0611348,0.8262527,1.0638506,10,79
da02,1706846160497885,7.0465345,0.82973927,1.0639753,8,80
da02,1706846160597862,7.0467272,0.82611156,1.065424,8,81
da02,1706846160697857,7.057869,0.82957411,1.060655,11,82
da02,1706846160797881,7.0422926,0.82621288,1.0614523,7,83
da02,1706846160897884,7.0505314,0.8168481,1.0559688,10,84
da02,1706846160997946,7.0680656,0.81893659,1.0594982,11,85
da02,1706846161097960,7.0747614,0.81673968,1.0524162,11,86
da02,1706846161197924,7.0812697,0.81813657,1.0451758,11,87
da02,1706846161297949,7.0726767,0.82308072,1.0455381,9,88
da02,1706846161397874,7.0735083,0.82647371,1.0489327,10,89
da02,1706846161497887,7.0669107,0.8247332,1.0659062,7,90
da02,1706846161597892,7.0620017,0.82133681,1.0551867,9,91
da02,1706846161697870,7.0671415,0.81805444,1.0585817,10,92
da02,1706846161797862,7.0651536,0.82229167,1.0571065,9,93
da02,1706846161897857,7.0659766,0.8243503,1.0588565,9,94
da02,1706846161997873,7.0778127,0.81741124,1.0648948,10,95
da02,1706846162097880,7.055975,0.82705605,1.0797424,9,96
da02,1706846162197882,7.0556359,0.82899195,1.0770541,9,97
da02,1706846162297874,7.0738058,0.83075523,1.0669345,12,98
da02,1706846162397890,7.0604863,0.83988279,1.0672797,8,99
da02,1706846162497919,7.0461969,0.8320542,1.0716436,7,100
da02,1706846162597880,7.062396,0.83587325,1.0773875,10,101
da02,1706846162698577,7.0555253,0.8336761,1.0746968,8,102
da02,1706846162797886,7.0710554,0.83237255,1.0639107,12,103
da02,1706846162897778,7.0665216,0.83559382,1.0648648,9,104
da02,1706846162997897,7.0620141,0.83344018,1.0796371,7,105
da02,1706846163097907,7.0664058,0.82561678,1.0778974,9,106
da02,1706846163197786,7.0599909,0.83006924,1.0810899,8,107
da02,1706846163297908,7.051352,0.83485067,1.0837181,8,108
da02,1706846163398020,7.0389132,0.8309294,1.0798328,7,109
da02,1706846163497776,7.0299911,0.82648736,1.0776076,7,110
da02,1706846163597832,7.030138,0.82322907,1.0778874,8,111
da02,1706846163697813,7.0470061,0.8236351,1.0772576,10,112
da02,1706846163797810,7.0461888,0.82904458,1.0716636,9,113
da02,1706846163897804,7.0347185,0.82350647,1.0839317,8,114
da02,1706846163997968,7.041564,0.71007961,1.0624318,70,115
da02,1706846164097895,7.0644135,0.74162954,1.0519621,13,116
da02,1706846164197878,7.0773296,0.75911695,1.0632381,10,117
da02,1706846164297876,7.0812416,0.776678,1.06312,10,118
da02,1706846164397892,7.07751,0.79945189,1.0652744,10,119
da02,1706846164497890,7.0605416,0.79800022,1.0698195,7,120
da02,1706846164597922,7.0677605,0.81326628,1.0719485,10,121
da02,1706846164697924,7.0775938,0.81285757,1.0674334,11,122
da02,1706846164797922,7.06805,0.81752205,1.0710933,8,123
da02,1706846164897937,7.06861,0.81593913,1.065196,10,124
da02,1706846164997898,7.0632811,0.81579006,1.0625532,9,125
da02,1706846165097884,7.0629048,0.82645696,1.0758159,8,126
da02,1706846165197890,7.0683885,0.83462572,1.0729263,10,127
da02,1706846165297880,7.0588965,0.83155382,1.0788976,7,128
da02,1706846165397904,7.0676661,0.8395977,1.0750664,11,129
da02,1706846165497952,7.081759,0.83190668,1.0710973,11,130
da02,1706846165597934,7.0641136,0.82196635,1.0752337,7,131
da02,1706846165698670,7.0597086,0.83254761,1.0817211,8,132
da02,1706846165798792,7.0541892,0.83484077,1.0929484,8,133
da02,1706846165897941,7.0631227,0.83307719,1.0867242,10,134
da02,1706846165998040,7.0737915,0.8224352,1.0832636,10,135
da02,1706846166097828,7.07774,0.8294335,1.0737153,11,136
da02,1706846166197910,7.0771174,0.81926364,1.0651661,10,137
da02,1706846166298568,7.0814228,0.82483578,1.059145,11,138
da02,1706846166397842,7.0805593,0.82066149,1.0618281,10,139
da02,1706846166497910,7.0583649,0.83143729,1.0677326,8,140
da02,1706846166597897,7.0518031,0.82658964,1.0677326,8,141
da02,1706846166697814,7.0564065,0.82386297,1.0630258,10,142
da02,1706846166797928,7.0613565,0.82367224,1.0647523,10,143
da02,1706846166897911,7.0631504,0.82196724,1.0748911,8,144
da02,1706846166997840,7.0714836,0.81750792,1.0646646,11,145
da02,1706846167097885,7.0656085,0.82997125,1.0714031,8,146
da02,1706846167197844,7.0661187,0.84238166,1.0736784,9,147
da02,1706846167297846,7.0492043,0.83842492,1.074381,8,148
da02,1706846167398114,7.0444355,0.83893114,1.0738314,8,149
da02,1706846167497893,7.0474224,0.83419019,1.068804,9,150
da02,1706846167597862,7.0454555,0.8313098,1.0676031,8,151
da02,1706846167697827,7.0367193,0.83159423,1.0796521,8,152
da02,1706846167798813,7.0527039,0.83148152,1.0700727,11,153
da02,1706846167897939,7.0618696,0.8383494,1.0759388,10,154
da02,1706846167997892,7.0618606,0.843398,1.0820365,9,155
da02,1706846168097885,7.0634656,0.8423894,1.0820733,9,156
da02,1706846168197743,7.0670185,0.83831137,1.0804461,10,157
da02,1706846168297814,7.0771289,0.85032594,1.0735344,12,158
da02,1706846168397801,7.0617061,0.840291,1.0781544,7,159
da02,1706846168497894,7.0660405,0.83977741,1.0720699,10,160
da02,1706846168597818,7.0651975,0.83221775,1.0675403,9,161
da02,1706846168697828,7.0573611,0.82339394,1.0751745,7,162
da02,1706846168797760,7.0761886,0.831091,1.0629609,13,163
da02,1706846168897846,7.0696836,0.82979435,1.0602491,9,164
da02,1706846168997816,7.0715184,0.81577063,1.0551118,10,165
da02,1706846169097805,7.0650182,0.81940788,1.0550115,9,166
da02,1706846169197836,7.0581551,0.82731563,1.0583966,8,167
da02,1706846169297861,7.053082,0.82871675,1.067075,8,168
da02,1706846169397838,7.0560322,0.83347952,1.050223,11,169
da02,1706846169497864,7.0542369,0.82854027,1.0561571,8,170
da02,1706846169597837,7.0582309,0.82529712,1.0581217,9,171
da02,1706846169697865,7.067966,0.83307081,1.0574218,11,172
da02,1706846169797866,7.0772953,0.831426,1.0603219,11,173
da02,1706846169897893,7.0793076,0.83056277,1.0549757,11,174
da02,1706846169997943,7.079999,0.83167475,1.0643622,9,175
da02,1706846170097844,7.0728841,0.8308872,1.077911,8,176
da02,1706846170197837,7.0794139,0.83124244,1.0790489,10,177
da02,1706846170297845,7.0758514,0.83399791,1.0815356,9,178
da02,1706846170397840,7.0870981,0.83073252,1.0707867,12,179
da02,1706846170497838,7.07942,0.82801187,1.0703053,9,180
da02,1706846170597798,7.0721459,0.82518548,1.0726223,8,181
da02,1706846170697823,7.0695443,0.8347891,1.0647193,10,182
da02,1706846170797816,7.0609307,0.82943839,1.0755272,7,183
da02,1706846170897859,7.0536294,0.83072835,1.0715719,8,184
da02,1706846170997837,7.0420437,0.83311248,1.0694537,8,185
da02,1706846171097860,7.0502625,0.826477,1.0708895,9,186
da02,1706846171197825,7.0592966,0.83430058,1.0664905,11,187
da02,1706846171297860,7.0578842,0.8258279,1.0632341,9,188
da02,1706846171397907,7.0663171,0.82142872,1.0716302,9,189
da02,1706846171497959,7.063797,0.82330579,1.0678661,9,190
da02,1706846171597884,7.0756865,0.82372665,1.0727223,10,191
da02,1706846171697919,7.0834546,0.82633877,1.0660187,11,192
da02,1706846171797858,7.0763083,0.82295918,1.0536549,10,193
da02,1706846171897990,7.0828032,0.82233,1.0584567,10,194
da02,1706846171997994,7.0737629,0.83065718,1.0607605,9,195
da02,1706846172097970,7.0797362,0.82923049,1.0606341,11,196
da02,1706846172197944,7.0723305,0.82948649,1.0626518,9,197
da02,1706846172298510,7.087575,0.82096249,1.0677623,11,198
da02,1706846172397870,7.0908704,0.8200677,1.0714085,10,199
da02,1706846172497999,7.08381,0.81739038,1.0746111,9,200
da02,1706846172598002,7.0783772,0.82435948,1.0761106,9,201
da02,1706846172699778,7.0721016,0.81832063,1.0932314,7,202
da02,1706846172798648,7.075407,0.82066983,1.0872104,10,203
da02,1706846172897992,7.0816536,0.82544094,1.0878062,10,204
da02,1706846172998031,7.0894771,0.8272993,1.0743551,12,205
da02,1706846173098005,7.0754161,0.82983166,1.0759034,8,206
da02,1706846173197988,7.0721507,0.82806039,1.0828539,8,207
da02,1706846173298298,7.0589619,0.83154231,1.0759473,8,208
da02,1706846173398032,7.062336,0.84023917,1.0756586,10,209
da02,1706846173497987,7.0727048,0.83605796,1.0725909,11,210
da02,1706846173597997,7.0787439,0.84556061,1.0735686,11,211
da02,1706846173698004,7.0624046,0.84492749,1.0796801,8,212
da02,1706846173797979,7.0799804,0.84489655,1.0769138,12,213
da02,1706846173898002,7.0782261,0.84244049,1.0737917,10,214
da02,1706846173997983,7.06994,0.84611958,1.0712167,9,215
da02,1706846174097995,7.0574007,0.83824527,1.0879221,8,216
da02,1706846174197981,7.067379,0.840589,1.0752604,11,217
da02,1706846174297990,7.0660563,0.84179008,1.0728006,9,218
da02,1706846174397995,7.0597463,0.84108216,1.0768979,8,219
da02,1706846174498057,7.0644059,0.85037178,1.0782821,10,220
da02,1706846174598004,7.0599136,0.85499561,1.0805699,8,221
da02,1706846174697996,7.0563183,0.84876662,1.0816954,8,222
da02,1706846174798028,7.0587182,0.83598191,1.0723904,10,223
da02,1706846174898011,7.0471077,0.82925564,1.06347,8,224
da02,1706846174997996,7.0566254,0.831109,1.0656132,10,225
da02,1706846175098017,7.0571756,0.83760256,1.071818,9,226
da02,1706846175197998,7.04496,0.84677553,1.077504,8,227
da02,1706846175298009,7.0618548,0.84767765,1.079414,11,228
da02,1706846175398047,7.0608754,0.84037131,1.0740378,9,229
da02,1706846175498046,7.0457392,0.83202845,1.0780755,8,230
da02,1706846175598044,7.0469007,0.82713038,1.0705248,9,231
da02,1706846175698062,7.0359354,0.82697469,1.0755121,8,232
da02,1706846175798044,7.0440979,0.82565355,1.0681658,10,233
da02,1706846175898039,7.0503917,0.83765417,1.0719137,9,234
da02,1706846175998092,7.0454531,0.83050722,1.0694705,8,235
da02,1706846176098045,7.0523615,0.8293826,1.0712748,9,236
da02,1706846176198069,7.0632882,0.82862514,1.0712473,10,237
da02,1706846176298077,7.0630746,0.82725459,1.0642027,10,238
da02,1706846176398068,7.0662971,0.82968318,1.055377,11,239
da02,1706846176498416,7.0780187,0.82593352,1.0561448,11,240
da02,1706846176598096,7.0817618,0.82685912,1.0502561,11,241
da02,1706846176698084,7.0765085,0.82851565,1.0519086,9,242
da02,1706846176798044,7.0883346,0.82581979,1.0582017,11,243
da02,1706846176898062,7.0910544,0.82294887,1.0666127,10,244
da02,1706846176998064,7.0996633,0.81902981,1.0695763,11,245
da02,1706846177098059,7.0795422,0.828123,1.0670936,8,246
da02,1706846177198054,7.0835743,0.83441615,1.0665168,11,247
da02,1706846177298934,7.0732241,0.83751142,1.0625635,9,248
da02,1706846177398099,7.0785203,0.83736575,1.0606062,11,249
da02,1706846177498090,7.0690045,0.843374,1.0658052,8,250
da02,1706846177598067,7.0786228,0.8286714,1.064523,11,251
da02,1706846177698069,7.0780606,0.82163143,1.0754671,9,252
da02,1706846177798738,7.0734615,0.81715322,1.063532,10,253
da02,1706846177898107,7.0644774,0.8256653,1.0609871,9,254
da02,1706846177998087,7.07121,0.82579958,1.0675889,10,255
da02,1706846178098100,7.0747256,0.82742792,1.0645576,10,256
da02,1706846178198122,7.0651793,0.82581788,1.06956,8,257
da02,1706846178298106,7.0669155,0.81725997,1.0674833,9,258
da02,1706846178398122,7.0653868,0.82014054,1.072051,9,259
da02,1706846178498080,7.0463481,0.82395095,1.074528,8,260
da02,1706846178598092,7.0418024,0.83407915,1.0709475,8,261
da02,1706846178698151,7.0345941,0.84196222,1.0719489,8,262
da02,1706846178798149,7.049212,0.837759,1.0617551,11,263
da02,1706846178898080,7.0455818,0.83839339,1.0716803,8,264
da02,1706846178998146,7.0587707,0.84804767,1.0743175,11,265
da02,1706846179098357,7.0542216,0.8491,1.0829698,8,266
da02,1706846179198064,7.0550418,0.84815639,1.0788697,9,267
da02,1706846179298069,7.05992,0.84336394,1.0797346,9,268
da02,1706846179398062,7.0633035,0.83001965,1.0875123,8,269
da02,1706846179498097,7.067646,0.8305757,1.0797749,10,270
da02,1706846179598062,7.0636458,0.83009362,1.0818523,8,271
da02,1706846179698069,7.0665607,0.84057111,1.0905763,9,272
da02,1706846179798077,7.0686235,0.8343662,1.0798795,10,273
da02,1706846179898070,7.0566678,0.83598262,1.0671738,9,274
da02,1706846179998062,7.0596666,0.83125609,1.0653359,9,275
da02,1706846180098066,7.0561161,0.83210826,1.0668337,9,276
da02,1706846180198096,7.0627093,0.82725525,1.0676688,10,277
da02,1706846180298104,7.0584149,0.82796139,1.0720197,8,278
da02,1706846180398056,7.0671005,0.82378888,1.0758407,10,279
da02,1706846180498122,7.0682111,0.82471955,1.0750035,9,280
da02,1706846180598082,7.0514183,0.82794607,1.0633385,8,281
da02,1706846180698068,7.0497193,0.81873804,1.0683293,8,282
da02,1706846180798056,7.0525494,0.81794012,1.0640384,9,283
da02,1706846180898074,7.0444093,0.81601816,1.0707221,7,284
da02,1706846180998058,7.0580893,0.81899482,1.0695134,11,285
da02,1706846181098099,7.0772376,0.81835878,1.0681816,12,286
da02,1706846181198080,7.0616407,0.82529485,1.0732367,8,287
da02,1706846181298074,7.0547771,0.83684415,1.0829426,8,288
da02,1706846181398069,7.0701113,0.83165854,1.0830498,11,289
da02,1706846181498068,7.0720453,0.82804734,1.0766832,10,290
da02,1706846181598101,7.0735507,0.82199872,1.0670915,10,291
da02,1706846181698074,7.077261,0.82385325,1.062505,10,292
da02,1706846181798083,7.0751104,0.82219023,1.0580578,10,293
da02,1706846181898092,7.0687146,0.83310723,1.0674951,8,294
da02,1706846181998138,7.0678883,0.83209872,1.064194,10,295
da02,1706846182098087,7.0741329,0.83137059,1.0714082,10,296
da02,1706846182198105,7.0599122,0.84333485,1.0693105,8,297
da02,1706846182298132,7.0584083,0.85235339,1.0729741,9,298
da02,1706846182398359,7.0503,0.84257847,1.0823312,7,299
da02,1706846182498080,7.0509133,0.84552085,1.0756223,9,300
da02,1706846182598099,7.0586982,0.84403288,1.0764186,10,301
da02,1706846182698105,7.055748,0.84250295,1.0689702,9,302
da02,1706846182798088,7.0722909,0.83889574,1.0782279,11,303
da02,1706846182898884,7.0737462,0.82895958,1.0754429,10,304
da02,1706846182998130,7.0720296,0.8297649,1.0677797,10,305
da02,1706846183098086,7.0609574,0.82197493,1.063236,8,306
da02,1706846183198064,7.0597773,0.82371545,1.0615704,9,307
da02,1706846183298088,7.0651126,0.81794912,1.0653981,9,308
da02,1706846183398146,7.0694976,0.81325096,1.0693197,9,309
da02,1706846183498186,7.0615587,0.81938273,1.0642325,9,310
da02,1706846183598136,7.0586429,0.82545656,1.066444,9,311
da02,1706846183698134,7.0729008,0.83210886,1.06602,11,312
da02,1706846183798144,7.0739555,0.83839518,1.0747874,9,313
da02,1706846183898151,7.0683279,0.8393386,1.0754069,9,314
da02,1706846183998156,7.0705986,0.83935654,1.0803338,9,315
da02,1706846184098182,7.0720081,0.83415049,1.0811626,9,316
da02,1706846184198147,7.0743222,0.82352716,1.0793998,9,317
da02,1706846184298136,7.0809207,0.82427758,1.0732965,11,318
da02,1706846184398130,7.085423,0.82740307,1.0759528,10,319
da02,1706846184498112,7.0881028,0.82602048,1.0743978,10,320
da02,1706846184598099,7.0972543,0.834767,1.0759991,11,321
da02,1706846184698100,7.0935082,0.83261168,1.0756119,10,322
da02,1706846184798124,7.082603,0.835349,1.0787822,8,323
da02,1706846184898102,7.0892315,0.82231539,1.0678,11,324
da02,1706846184998159,7.0677938,0.81661421,1.0751373,7,325
da02,1706846185098106,7.0711079,0.81261128,1.0793556,9,326
da02,1706846185198096,7.0680017,0.826029,1.0752673,9,327
da02,1706846185298106,7.082726,0.825488,1.0709984,12,328
da02,1706846185398109,7.08455,0.82497066,1.0661275,10,329
da02,1706846185498106,7.0678034,0.83510864,1.0718451,8,330
da02,1706846185598128,7.0703874,0.8261413,1.0668844,10,331
da02,1706846185698109,7.0646763,0.8188867,1.0737826,8,332
da02,1706846185798098,7.0655413,0.82623935,1.0766215,9,333
da02,1706846185898114,7.065382,0.83374661,1.0656532,10,334
da02,1706846185998116,7.0701809,0.82025415,1.061656,10,335
da02,1706846186098107,7.0695143,0.8119188,1.069052,9,336
da02,1706846186198135,7.0644574,0.80564654,1.0644183,9,337
da02,1706846186298148,7.0501308,0.81758326,1.0728348,8,338
da02,1706846186398158,7.0669403,0.822452,1.0745444,11,339
da02,1706846186498168,7.0514069,0.81865722,1.0705354,7,340
da02,1706846186598112,7.0483894,0.82302028,1.0699831,8,341
da02,1706846186698104,7.0587249,0.82763594,1.0630267,11,342
da02,1706846186798107,7.0738273,0.82858288,1.056563,12,343
da02,1706846186898112,7.0840826,0.82363415,1.0539731,11,344
da02,1706846186998122,7.091259,0.82814604,1.0534673,11,345
da02,1706846187098115,7.088644,0.82690167,1.057305,10,346
da02,1706846187198107,7.08396,0.82861966,1.0528498,10,347
da02,1706846187298072,7.0755424,0.82562274,1.0633283,8,348
da02,1706846187398118,7.0852842,0.82587487,1.0642253,11,349
da02,1706846187498128,7.0879564,0.82829458,1.0591269,11,350
da02,1706846187598122,7.0774012,0.82543623,1.0569553,9,351
da02,1706846187698123,7.070796,0.83426487,1.0483407,10,352
da02,1706846187798106,7.07126,0.83890563,1.0576284,9,353
da02,1706846187898141,7.0740128,0.83571571,1.061834,10,354
da02,1706846187998818,7.0802784,0.8337453,1.0666287,10,355
da02,1706846188099919,7.0759826,0.844171,1.062394,10,356
da02,1706846188198172,7.0829144,0.84131175,1.0558168,11,357
da02,1706846188298812,7.0843163,0.83606607,1.0571114,10,358
da02,1706846188398560,7.0808558,0.82642823,1.0612171,9,359
da02,1706846188498143,7.0692191,0.8111679,1.071826,7,360
da02,1706846188598133,7.0522509,0.81761736,1.0761739,8,361
da02,1706846188698135,7.0512037,0.80468059,1.063288,9,362
da02,1706846188798120,7.0557146,0.79878032,1.0596638,9,363
da02,1706846188898179,7.0617108,0.79854363,1.0550318,10,364
da02,1706846188998256,7.0488849,0.808214,1.0591354,8,365
da02,1706846189098320,7.0495248,0.81670278,1.0636679,9,366
da02,1706846189198269,7.0454879,0.81964624,1.0671598,8,367
da02,1706846189298562,7.0494246,0.81520313,1.0696721,9,368
da02,1706846189398166,7.0618696,0.81726354,1.0683678,11,369
da02,1706846189498383,7.0546727,0.8245123,1.0759645,8,370
da02,1706846189598172,7.0526562,0.83233541,1.070093,9,371
da02,1706846189698175,7.0704269,0.8298046,1.072197,11,372
da02,1706846189798167,7.0745468,0.82896644,1.0649296,11,373
da02,1706846189898129,7.0699344,0.83116609,1.0673559,9,374
da02,1706846189998130,7.0745263,0.83181691,1.066841,10,375
da02,1706846190098138,7.0695496,0.83256263,1.0673782,9,376
da02,1706846190198127,7.0586519,0.82782722,1.0629332,8,377
da02,1706846190298121,7.0592685,0.82131696,1.0740864,8,378
da02,1706846190398127,7.0554767,0.82170552,1.0674832,9,379
da02,1706846190498150,7.0562711,0.83161819,1.0812387,8,380
da02,1706846190598134,7.0454655,0.83792955,1.0751047,8,381
da02,1706846190698140,7.0572824,0.83460766,1.0868237,9,382
da02,1706846190798129,7.0661206,0.83892012,1.0788479,11,383
da02,1706846190898124,7.0599036,0.83221138,1.0792646,8,384
da02,1706846190998274,7.0494275,0.83384305,1.0794553,8,385
da02,1706846191098148,7.0445929,0.83338135,1.0655421,9,386
da02,1706846191198260,7.0391927,0.82801437,1.0666953,8,387
da02,1706846191298528,7.0542521,0.82123029,1.0719231,10,388
da02,1706846191398177,7.0593281,0.82316935,1.0745246,9,389
da02,1706846191498135,7.0659051,0.81984746,1.0679885,10,390
da02,1706846191598139,7.0561461,0.82799143,1.0676855,8,391
da02,1706846191698142,7.0684485,0.82649648,1.067662,11,392
da02,1706846191798134,7.0623,0.82771754,1.082405,8,393
da02,1706846191898143,7.0599556,0.8321026,1.0787355,9,394
da02,1706846191998135,7.0626359,0.844419,1.0740428,10,395
da02,1706846192098155,7.0579557,0.84232843,1.0761176,8,396
da02,1706846192198145,7.0495658,0.83553267,1.0684435,8,397
da02,1706846192298630,7.0676837,0.83367848,1.074046,11,398
da02,1706846192398146,7.0508265,0.82597041,1.0663358,7,399
da02,1706846192498313,7.0572338,0.8207463,1.0696013,9,400
da02,1706846192598154,7.0511432,0.8304987,1.0741978,8,401
da02,1706846192698140,7.0540586,0.8229863,1.0722175,9,402
da02,1706846192798169,7.0573649,0.81847405,1.0745786,9,403
da02,1706846192898131,7.065917,0.8193323,1.0698617,10,404
da02,1706846192998146,7.0573411,0.82532251,1.075666,8,405
da02,1706846193098758,7.0649171,0.83655059,1.0608951,11,406
da02,1706846193198157,7.050766,0.84598655,1.0693119,8,407
da02,1706846193298128,7.0539064,0.84894115,1.059127,10,408
da02,1706846193398302,7.0560203,0.84361321,1.0554676,10,409
da02,1706846193498177,7.055706,0.83917046,1.0581262,9,410
da02,1706846193598252,7.0614214,0.84466851,1.047543,11,411
da02,1706846193698165,7.0540967,0.83648926,1.0563861,8,412
da02,1706846193798167,7.0596156,0.83198512,1.0669945,9,413
da02,1706846193898461,7.0526824,0.8303194,1.0758597,7,414
da02,1706846193998306,7.0569725,0.8310684,1.081924,9,415
da02,1706846194098306,7.0644011,0.83327442,1.0733008,11,416
da02,1706846194198156,7.0502133,0.82941777,1.0689515,7,417
da02,1706846194298143,7.061223,0.83122295,1.0767599,10,418
da02,1706846194398280,7.0561161,0.83321977,1.0722646,9,419
da02,1706846194498368,7.0647135,0.82288009,1.0684073,10,420
da02,1706846194598276,7.0621872,0.82583225,1.0723501,9,421
da02,1706846194698311,7.0502543,0.83651167,1.0744238,8,422
da02,1706846194798273,7.0588822,0.84328151,1.0722564,10,423
da02,1706846194898320,7.0570211,0.84303641,1.0697113,9,424
da02,1706846194998267,7.0626616,0.83054638,1.0773218,9,425
da02,1706846195098385,7.0692015,0.82356089,1.064315,11,426
da02,1706846195198288,7.0670357,0.82706881,1.0780247,8,427
da02,1706846195298372,7.0674233,0.82572412,1.0700504,10,428
da02,1706846195398580,7.0726838,0.82552654,1.0643678,10,429
da02,1706846195498374,7.073812,0.83355331,1.0621496,10,430
da02,1706846195598167,7.0820823,0.82915556,1.0679834,10,431
da02,1706846195698168,7.0726891,0.8196311,1.0794055,7,432
da02,1706846195798158,7.0614204,0.81655538,1.0840352,7,433
da02,1706846195898171,7.0611558,0.8264187,1.0752814,10,434
da02,1706846195998148,7.0660849,0.82448536,1.0733091,10,435
da02,1706846196098166,7.0701823,0.81814015,1.0828269,9,436
da02,1706846196198176,7.0576177,0.81614405,1.092441,8,437
da02,1706846196298937,7.0550003,0.81818765,1.0836961,9,438
da02,1706846196398184,7.0534267,0.81931376,1.0819753,8,439
da02,1706846196498784,7.0517511,0.8272441,1.0818318,8,440
da02,1706846196598170,7.0498419,0.82606769,1.0846726,8,441
da02,1706846196698796,7.0449896,0.82515675,1.083901,8,442
da02,1706846196798184,7.0469475,0.83124071,1.0878395,8,443
da02,1706846196898158,7.0509882,0.84123081,1.0741349,10,444
da02,1706846196998309,7.0610933,0.83747369,1.0774499,10,445
da02,1706846197098357,7.0555921,0.84052461,1.0724696,9,446
da02,1706846197198180,7.0648012,0.84552312,1.0764116,10,447
da02,1706846197298180,7.067184,0.83911824,1.0923817,8,448
da02,1706846197398157,7.0788884,0.843816,1.0885798,11,449
da02,1706846197498186,7.0662789,0.84555382,1.0879842,8,450
da02,1706846197598304,7.0710468,0.83881778,1.0901318,9,451
da02,1706846197698289,7.0724092,0.83040053,1.0836688,10,452
da02,1706846197798284,7.0656829,0.83029956,1.0878258,8,453
da02,1706846197898387,7.0846844,0.83503455,1.0904553,12,454
da02,1706846197998313,7.0798473,0.83466429,1.0817736,10,455
da02,1706846198098891,7.0817213,0.82587063,1.0700201,11,456
da02,1706846198198272,7.0738273,0.82580042,1.076928,8,457
da02,1706846198298177,7.0653138,0.82165039,1.0726347,8,458
da02,1706846198398180,7.0603828,0.822697,1.0677956,9,459
da02,1706846198498364,7.061203,0.82569176,1.078922,8,460
da02,1706846198598256,7.0493178,0.82557881,1.0784165,7,461
da02,1706846198698168,7.0567107,0.83094549,1.0767843,10,462
da02,1706846198798309,7.0648508,0.84020269,1.0779269,10,463
da02,1706846198898290,7.0758014,0.83154136,1.0763869,11,464
da02,1706846198998300,7.0782237,0.82837182,1.0700868,10,465
da02,1706846199098490,7.0808425,0.822973,1.070532,10,466
da02,1706846199198321,7.0886345,0.81337655,1.0715666,10,467
da02,1706846199298869,7.0877213,0.82258344,1.0689975,10,468
da02,1706846199398368,7.089036,0.82427788,1.0674396,10,469
da02,1706846199498348,7.07248,0.82346207,1.0650331,8,470
da02,1706846199598248,7.0771832,0.827587,1.0603617,11,471
da02,1706846199698276,7.0829372,0.83421808,1.0461129,12,472
da02,1706846199798269,7.0831289,0.83408868,1.0511832,10,473
da02,1706846199898358,7.0936565,0.82737261,1.0655574,10,474
da02,1706846199998328,7.0762687,0.82880366,1.0619464,8,475
da02,1706846200098366,7.0719113,0.83590513,1.0652612,9,476
da02,1706846200198302,7.0836062,0.84030885,1.0676056,11,477
da02,1706846200298337,7.0806274,0.83492935,1.060557,10,478
da02,1706846200398326,7.0836611,0.83689308,1.0621973,10,479
da02,1706846200498469,7.08392,0.84350425,1.0706882,10,480
da02,1706846200598360,7.0908127,0.83891809,1.0672855,11,481
da02,1706846200698364,7.0802984,0.83371991,1.0731063,8,482
da02,1706846200798328,7.086925,0.83268237,1.0697192,11,483
da02,1706846200898379,7.0831423,0.8268854,1.0727729,9,484
da02,1706846200998329,7.0787811,0.82291663,1.070514,9,485
da02,1706846201098396,7.0766916,0.81655276,1.0750518,9,486
da02,1706846201198329,7.0734992,0.81894165,1.0684575,10,487
da02,1706846201298387,7.0803213,0.81971771,1.0647341,11,488
da02,1706846201398328,7.090486,0.8087244,1.0773211,10,489
da02,1706846201498437,7.0881915,0.80447412,1.0727472,10,490
da02,1706846201598274,7.0692677,0.80440742,1.0747637,7,491
da02,1706846201698312,7.0718131,0.8049503,1.0783757,9,492
da02,1706846201798282,7.0645576,0.80640841,1.0723794,9,493
da02,1706846201898554,7.0590258,0.81305307,1.0772623,8,494
da02,1706846201998290,7.0728965,0.8153078,1.0780938,11,495
da02,1706846202098462,7.0551543,0.8117525,1.0780048,7,496
da02,1706846202198288,7.0570593,0.80890864,1.0788554,9,497
da02,1706846202298323,7.0646482,0.80542791,1.0674906,11,498
da02,1706846202398291,7.0743484,0.81554234,1.0682763,11,499
da02,1706846202498332,7.06602,0.81804049,1.0724101,8,500
da02,1706846202598284,7.0631948,0.81994462,1.0784261,8,501
da02,1706846202698405,7.0628777,0.82857949,1.0721198,10,502
da02,1706846202798334,7.0674028,0.82270753,1.0774442,9,503
da02,1706846202898349,7.0538225,0.83228052,1.0802641,8,504
da02,1706846202998375,7.0486374,0.835775,1.0848867,8,505
da02,1706846203098950,7.0484848,0.84263337,1.0785741,9,506
da02,1706846203198349,7.0746121,0.84181535,1.0682594,13,507
da02,1706846203298414,7.0984511,0.84047061,1.0656809,13,508
da02,1706846203398290,7.095243,0.82939273,1.0754205,9,509
da02,1706846203500020,7.0881014,0.83340991,1.072636,10,510
da02,1706846203598302,7.0772567,0.82057595,1.0784047,8,511
da02,1706846203698307,7.0685763,0.82153088,1.069677,9,512
da02,1706846203798446,7.0712814,0.82007432,1.0677024,10,513
da02,1706846203898364,7.061307,0.82822126,1.0633688,9,514
da02,1706846203998323,7.0563812,0.840726,1.0590155,9,515
da02,1706846204098372,7.0611925,0.84525913,1.0646785,10,516
da02,1706846204198302,7.0613704,0.84746605,1.0732137,9,517
da02,1706846204298406,7.0681863,0.8372786,1.0766571,10,518
da02,1706846204398293,7.0575533,0.83690631,1.0792834,7,519
da02,1706846204498466,7.0710106,0.83627939,1.0669141,12,520
da02,1706846204598335,7.0612292,0.83354008,1.0757993,7,521
da02,1706846204698365,7.0654926,0.82271355,1.0691658,10,522
da02,1706846204798314,7.0654483,0.82546145,1.0620258,10,523
da02,1706846204898395,7.0552154,0.82172477,1.0613108,8,524
da02,1706846204998416,7.0634713,0.825926,1.0551144,11,525
da02,1706846205098417,7.0700173,0.82972187,1.0632285,10,526
da02,1706846205198342,7.0765119,0.82772654,1.0724256,10,527
da02,1706846205298364,7.0852175,0.82143205,1.0857153,10,528
da02,1706846205398306,7.0887141,0.82193524,1.0804002,11,529
da02,1706846205498403,7.0912843,0.82339334,1.0843419,10,530
da02,1706846205598336,7.0857186,0.81277657,1.0905621,8,531
da02,1706846205698378,7.0830827,0.80789763,1.0781403,10,532
da02,1706846205798333,7.0781693,0.81681353,1.0912445,8,533
da02,1706846205898428,7.0723157,0.81904435,1.0887518,9,534
da02,1706846205998450,7.0696807,0.82889766,1.0954649,8,535
da02,1706846206098426,7.0582628,0.83214784,1.0889027,8,536
da02,1706846206198346,7.0572791,0.83728063,1.0853951,9,537
da02,1706846206298396,7.0489855,0.83623469,1.0768245,8,538
da02,1706846206398366,7.0546284,0.83408266,1.0719566,10,539
da02,1706846206498350,7.0561171,0.83611107,1.0765047,9,540
da02,1706846206598340,7.0577545,0.829468,1.0708665,9,541
da02,1706846206698333,7.0596261,0.83164734,1.0636609,10,542
da02,1706846206798308,7.0622478,0.8287257,1.0678906,9,543
da02,1706846206898350,7.0625677,0.83371037,1.0611095,10,544
da02,1706846206998309,7.0728459,0.83225864,1.0658168,10,545
da02,1706846207098363,7.0719347,0.8437199,1.0705358,9,546
da02,1706846207198315,7.0794449,0.8435207,1.0691435,11,547
da02,1706846207298366,7.0882835,0.83481377,1.0671707,11,548
da02,1706846207398308,7.0771012,0.84070635,1.0728209,8,549
da02,1706846207498489,7.0748286,0.8448661,1.0728449,9,550
da02,1706846207598338,7.0614538,0.83707666,1.0635514,8,551
da02,1706846207698356,7.0747175,0.83332551,1.0678107,11,552
da02,1706846207798334,7.0788717,0.83266324,1.0730692,10,553
da02,1706846207898395,7.0836587,0.82512361,1.0681088,11,554
da02,1706846207998352,7.0771914,0.82566959,1.0700617,9,555
da02,1706846208098993,7.0762067,0.82353842,1.0672209,10,556
da02,1706846208198368,7.0738292,0.82798171,1.0585551,10,557
da02,1706846208298465,7.0787621,0.8193453,1.0568043,10,558
da02,1706846208398317,7.0625715,0.81515938,1.0714734,8,559
da02,1706846208498341,7.0690308,0.81754827,1.0729916,10,560
da02,1706846208598306,7.0631304,0.8217783,1.0801848,8,561
da02,1706846208698353,7.0583086,0.82646585,1.081091,8,562
da02,1706846208798326,7.060843,0.82748091,1.0768449,9,563
da02,1706846208898355,7.0594206,0.82029772,1.0796148,8,564
da02,1706846208998440,7.0562439,0.82801664,1.0762578,9,565
da02,1706846209098394,7.0699677,0.8306132,1.0801085,10,566
da02,1706846209198337,7.0668483,0.83309948,1.0877693,8,567
da02,1706846209298363,7.0761523,0.8273645,1.0768492,11,568
da02,1706846209398340,7.0662484,0.8247419,1.0670538,9,569
da02,1706846209498366,7.0750165,0.81278229,1.0715246,10,570
da02,1706846209598339,7.07369,0.82134795,1.0683846,10,571
da02,1706846209698390,7.0800705,0.81959504,1.07425,10,572
da02,1706846209798400,7.08052,0.82800561,1.068915,10,573
da02,1706846209898472,7.0851626,0.82913435,1.0647415,11,574
da02,1706846209998398,7.0886588,0.82768995,1.0684493,10,575
da02,1706846210098470,7.0917454,0.822912,1.0636739,11,576
da02,1706846210198340,7.0770979,0.82763231,1.072072,8,577
da02,1706846210298926,7.0796676,0.81942189,1.0699288,10,578
da02,1706846210398523,7.0959039,0.83403218,1.0666376,13,579
da02,1706846210498642,7.1014838,0.82019067,1.0690991,11,580
da02,1706846210598360,7.0936117,0.82239729,1.0688989,9,581
da02,1706846210698375,7.0761633,0.83058888,1.0739038,8,582
da02,1706846210798380,7.0802979,0.83482927,1.0650138,11,583
da02,1706846210898381,7.0738139,0.83718324,1.0553763,10,584
da02,1706846210998388,7.0785227,0.83853513,1.0658963,10,585
da02,1706846211098414,7.06862,0.84459478,1.0725423,8,586
da02,1706846211198388,7.0667796,0.83396131,1.0661526,9,587
da02,1706846211298421,7.072391,0.84361345,1.0665339,10,588
da02,1706846211398387,7.06341,0.83910322,1.0676025,8,589
da02,1706846211498425,7.0694036,0.82575285,1.0734373,9,590
da02,1706846211598557,7.0737958,0.82477409,1.0692775,10,591
da02,1706846211698427,7.0641,0.82079887,1.0862206,8,592
da02,1706846211798455,7.0649319,0.81458664,1.084383,9,593
da02,1706846211898416,7.0451632,0.82175082,1.0744357,8,594
da02,1706846211998414,7.0512094,0.83365232,1.0724311,10,595
da02,1706846212098546,7.0646892,0.83528191,1.0651114,11,596
da02,1706846212198410,7.0527792,0.82752979,1.0687265,7,597
da02,1706846212298462,7.0634775,0.83391535,1.0753292,10,598
da02,1706846212398386,7.0687013,0.82378614,1.0661662,10,599
da02,1706846212498552,7.0573273,0.81740969,1.073707,7,600
da02,1706846212598388,7.0642233,0.82672459,1.0709726,10,601
da02,1706846212698382,7.0679288,0.82960254,1.0666834,10,602
da02,1706846212798367,7.06797,0.83425242,1.075103,9,603
da02,1706846212898391,7.0712366,0.82814252,1.0686961,10,604
da02,1706846212998360,7.06221,0.82451332,1.0671097,8,605
da02,1706846213098967,7.0615668,0.82037467,1.0651532,9,606
da02,1706846213198376,7.0527744,0.81193221,1.0591978,8,607
da02,1706846213298426,7.0498524,0.81426984,1.0576555,9,608
da02,1706846213398391,7.06519,0.821468,1.0589546,11,609
da02,1706846213498418,7.0593624,0.80898368,1.0650245,8,610
da02,1706846213598443,7.069387,0.80929244,1.0562956,11,611
da02,1706846213698412,7.0663567,0.82168967,1.0561786,9,612
da02,1706846213798414,7.0655594,0.83401507,1.054179,10,613
da02,1706846213898432,7.0525484,0.83406073,1.0605847,8,614
da02,1706846213998419,7.0534306,0.8349607,1.0678978,9,615
da02,1706846214098393,7.0663548,0.83626318,1.0617114,11,616
da02,1706846214198410,7.0635366,0.82800758,1.0686152,8,617
da02,1706846214298433,7.0625978,0.82074714,1.0655878,9,618
da02,1706846214398383,7.0618358,0.81864905,1.0681473,9,619
da02,1706846214498379,7.0654488,0.81870168,1.060686,10,620
da02,1706846214598378,7.0483236,0.82101327,1.0674064,8,621
da02,1706846214698394,7.048419,0.82146078,1.0659665,9,622
da02,1706846214798412,7.0408225,0.82469517,1.0653108,8,623
da02,1706846214898451,7.0488353,0.82498169,1.0795555,8,624
da02,1706846214998396,7.0671968,0.8201583,1.0843711,11,625
da02,1706846215098461,7.0751157,0.82660466,1.0774212,11,626
da02,1706846215198380,7.0713806,0.83605236,1.0862994,8,627
da02,1706846215298396,7.0672421,0.83235347,1.0846833,9,628
da02,1706846215398407,7.0751643,0.83346003,1.0844928,10,629
da02,1706846215498540,7.0639687,0.83076239,1.0761756,8,630
da02,1706846215598430,7.0605755,0.82612669,1.0766696,8,631
da02,1706846215698443,7.0514584,0.82891887,1.0782468,8,632
da02,1706846215798457,7.0582609,0.83687615,1.0701896,10,633
da02,1706846215898443,7.0747004,0.83101231,1.0640287,12,634
da02,1706846215998472,7.0792241,0.83167368,1.0716491,10,635
da02,1706846216098454,7.0693636,0.82602996,1.0724643,8,636
da02,1706846216198411,7.068058,0.82268256,1.0654583,10,637
da02,1706846216298437,7.066493,0.83282405,1.0669363,9,638
da02,1706846216398494,7.0752969,0.83753073,1.0747662,10,639
da02,1706846216498509,7.0763221,0.83207422,1.0715194,10,640
da02,1706846216598444,7.072937,0.82188731,1.080875,8,641
da02,1706846216698470,7.0799642,0.81627363,1.0798346,10,642
da02,1706846216798448,7.0727963,0.82501543,1.0761305,9,643
da02,1706846216898470,7.059134,0.826161,1.0840029,8,644
da02,1706846216998438,7.0599971,0.82310218,1.0806226,9,645
da02,1706846217098508,7.0629745,0.81859672,1.076817,9,646
da02,1706846217198432,7.0782981,0.81395996,1.0642122,12,647
da02,1706846217298456,7.0614343,0.8130489,1.0638702,7,648
da02,1706846217398362,7.0603924,0.824507,1.0618595,9,649
da02,1706846217498469,7.0610423,0.81510091,1.0657091,9,650
da02,1706846217598386,7.0696907,0.82461858,1.0692687,10,651
da02,1706846217698435,7.0785089,0.83070636,1.0672445,11,652
da02,1706846217798532,7.0791721,0.82321042,1.065878,10,653
da02,1706846217898432,7.058598,0.82551432,1.071665,8,654
da02,1706846217998435,7.0546861,0.81955677,1.0704321,8,655
da02,1706846218099033,7.06931,0.81833875,1.0674362,11,656
da02,1706846218198433,7.0611911,0.81336486,1.0775468,7,657
da02,1706846218298466,7.0504742,0.81413841,1.0725636,8,658
da02,1706846218398584,7.0515261,0.81815743,1.0751032,9,659
da02,1706846218498462,7.05274,0.81860989,1.0697578,9,660
da02,1706846218598436,7.0546708,0.8256014,1.079037,8,661
da02,1706846218698455,7.0565977,0.82607353,1.0741816,9,662
da02,1706846218798436,7.0581441,0.81738681,1.0828717,8,663
da02,1706846218900024,7.0648665,0.82444227,1.0808971,10,664
da02,1706846218998624,7.0684576,0.82333881,1.0840447,9,665
da02,1706846219098452,7.05803,0.832746,1.0919406,8,666
da02,1706846219198462,7.0602345,0.83251643,1.0915192,9,667
da02,1706846219298511,7.0732141,0.84488541,1.081196,12,668
da02,1706846219398461,7.0706768,0.82925874,1.0798702,9,669
da02,1706846219498405,7.0571065,0.83309329,1.0830485,8,670
da02,1706846219598446,7.0465107,0.8342762,1.068452,8,671
da02,1706846219698430,7.0546956,0.83194256,1.0599447,10,672
da02,1706846219798432,7.0516682,0.82998955,1.0634097,8,673
da02,1706846219898478,7.0656939,0.83844185,1.0664389,11,674
da02,1706846219998405,7.0598264,0.840457,1.0701042,8,675
da02,1706846220098482,7.0490775,0.83477819,1.0735351,7,676
da02,1706846220198421,7.0658,0.83234841,1.0767107,11,677
da02,1706846220298470,7.07094,0.83863449,1.0784414,10,678
da02,1706846220398428,7.0749583,0.83328879,1.076453,10,679
da02,1706846220498446,7.0779977,0.82818216,1.0708334,10,680
da02,1706846220598509,7.0707655,0.82119811,1.070562,8,681
da02,1706846220698445,7.0519671,0.820997,1.0768617,8,682
da02,1706846220798411,7.0588427,0.81855166,1.0727389,10,683
da02,1706846220898454,7.0552545,0.81055743,1.0864288,7,684
da02,1706846220998423,7.0624032,0.81410384,1.0807006,10,685
da02,1706846221098488,7.0594029,0.81365681,1.076275,9,686
da02,1706846221198430,7.0632186,0.81642437,1.0698607,10,687
da02,1706846221298969,7.0763645,0.8174473,1.0811685,10,688
da02,1706846221398402,7.0736437,0.81920272,1.0778753,9,689
da02,1706846221498517,7.0642004,0.80652559,1.07435,8,690
da02,1706846221598442,7.0656829,0.80874717,1.0793421,9,691
da02,1706846221698481,7.0798492,0.81138825,1.0739548,11,692
da02,1706846221798398,7.07213,0.80970788,1.077042,8,693
da02,1706846221898449,7.0636,0.81327295,1.0803313,8,694
da02,1706846221998398,7.0537205,0.81931078,1.0771869,8,695
da02,1706846222098496,7.0596914,0.82212174,1.0771424,10,696
da02,1706846222198437,7.0612593,0.81482846,1.0761787,9,697
da02,1706846222298526,7.0585127,0.81539059,1.0656767,9,698
da02,1706846222398435,7.0607324,0.81167221,1.0655421,9,699
da02,1706846222498484,7.0610671,0.82014024,1.061722,10,700
da02,1706846222598518,7.0553226,0.82000029,1.0646818,8,701
da02,1706846222698544,7.0544939,0.81655794,1.0687445,8,702
da02,1706846222798429,7.0444307,0.83289385,1.0728717,8,703
da02,1706846222898498,7.0493217,0.83007586,1.0664673,10,704
da02,1706846222998399,7.0644836,0.82693744,1.0699036,11,705
da02,1706846223099032,7.053957,0.8321752,1.0690556,8,706
da02,1706846223198474,7.0579667,0.83138567,1.0688663,9,707
da02,1706846223298771,7.0506725,0.8306725,1.0675608,8,708
da02,1706846223398430,7.0488567,0.8398279,1.0738722,8,709
da02,1706846223498460,7.0438042,0.83924359,1.0720395,8,710
da02,1706846223598466,7.0504026,0.83338833,1.0624852,10,711
da02,1706846223698535,7.0625687,0.83086467,1.0705433,10,712
da02,1706846223798432,7.06948,0.82561046,1.0685004,10,713
da02,1706846223898493,7.0681291,0.82345992,1.0666142,9,714
da02,1706846223998489,7.0503745,0.82231843,1.0749468,8,715
da02,1706846224098674,7.0465446,0.82122,1.0797487,8,716
da02,1706846224198502,7.0559978,0.81423944,1.073243,10,717
da02,1706846224298579,7.0532141,0.805094,1.0709522,8,718
da02,1706846224398465,7.0481629,0.81650084,1.078277,8,719
da02,1706846224498446,7.04907,0.817298,1.080007,8,720
da02,1706846224598446,7.0435457,0.82492626,1.080137,8,721
da02,1706846224698526,7.0586157,0.82343119,1.0793697,10,722
da02,1706846224798459,7.0484624,0.82720786,1.0871707,8,723
da02,1706846224898572,7.0540881,0.8362931,1.0788568,10,724
da02,1706846224998450,7.0413179,0.83387488,1.0779486,8,725
da02,1706846225098484,7.0502315,0.81766278,1.0793457,9,726
da02,1706846225198808,7.0636535,0.81803232,1.0712318,11,727
da02,1706846225298462,7.0617447,0.82411647,1.0686535,9,728
da02,1706846225398901,7.0428381,0.82769132,1.0698937,8,729
da02,1706846225498503,7.0450058,0.83022523,1.0675749,9,730
da02,1706846225598949,7.0542388,0.83482474,1.0673273,10,731
da02,1706846225698497,7.0540113,0.83066678,1.0728433,8,732
da02,1706846225798510,7.0536785,0.83770341,1.0688775,9,733
da02,1706846225898570,7.0555682,0.82874596,1.0709604,9,734
da02,1706846225998483,7.0423555,0.83269054,1.0734881,8,735
da02,1706846226098606,7.0508261,0.82915103,1.0760283,9,736
da02,1706846226198488,7.0640283,0.82657582,1.0838597,10,737
da02,1706846226298526,7.0620008,0.831682,1.0747002,10,738
da02,1706846226398498,7.056335,0.83278888,1.0731068,8,739
da02,1706846226498474,7.0540919,0.82725483,1.0757104,8,740
da02,1706846226598413,7.0576839,0.8257736,1.0834709,8,741
da02,1706846226698472,7.0583777,0.83217436,1.0782806,9,742
da02,1706846226798409,7.0651684,0.82769769,1.0749284,10,743
da02,1706846226898474,7.0698395,0.827026,1.0645289,11,744
da02,1706846226998436,7.0731969,0.8353948,1.0672073,10,745
da02,1706846227098535,7.081347,0.82417339,1.0686259,10,746
da02,1706846227198421,7.0629358,0.82255912,1.0692443,7,747
da02,1706846227298534,7.061192,0.82743073,1.0785713,8,748
da02,1706846227398470,7.0714664,0.82685864,1.0699552,11,749
da02,1706846227498522,7.0779481,0.82971305,1.0723958,10,750
da02,1706846227598426,7.0764046,0.82582676,1.0675709,10,751
da02,1706846227698498,7.07665,0.8303622,1.0710269,10,752
da02,1706846227798451,7.0796542,0.82561004,1.0678133,10,753
da02,1706846227898513,7.0752263,0.83278924,1.0679544,9,754
da02,1706846227998509,7.0727844,0.8307758,1.0604048,10,755
da02,1706846228099021,7.0866446,0.83203024,1.0619812,12,756
da02,1706846228198429,7.0770636,0.83526331,1.0713216,8,757
da02,1706846228298484,7.0739508,0.84595644,1.0749502,9,758
da02,1706846228398430,7.0638037,0.84041381,1.0866932,8,759
da02,1706846228498508,7.06112,0.83834624,1.0732914,10,760
da02,1706846228598493,7.070363,0.82826138,1.0679308,11,761
da02,1706846228698484,7.0607586,0.82648313,1.0647987,8,762
da02,1706846228798437,7.0652905,0.83169806,1.059,10,763
da02,1706846228898484,7.0611629,0.82717025,1.070336,8,764
da02,1706846228998407,7.0505176,0.8210544,1.0774961,7,765
da02,1706846229098474,7.0397825,0.821375,1.0724533,7,766
da02,1706846229198440,7.0488882,0.82180625,1.071823,10,767
da02,1706846229298502,7.0581059,0.81655252,1.0690366,10,768
da02,1706846229398450,7.067091,0.82723194,1.0672969,11,769
da02,1706846229498524,7.0571723,0.82563758,1.0722201,7,770
da02,1706846229598481,7.06563,0.83368838,1.0672169,11,771
da02,1706846229698550,7.0713067,0.83256441,1.0701599,10,772
da02,1706846229798439,7.068223,0.83652997,1.0668827,9,773
da02,1706846229898697,7.074861,0.83105844,1.0583019,11,774
da02,1706846229998180,7.0891533,0.82027435,1.0589989,12,775
da02,1706846230098293,7.0905004,0.81989253,1.0678408,10,776
da02,1706846230198186,7.0805063,0.81458032,1.076951,8,777
da02,1706846230298261,7.08838,0.80936396,1.0695422,11,778
da02,1706846230398186,7.0836349,0.82329124,1.0645899,10,779
da02,1706846230498255,7.0789876,0.83029485,1.067631,9,780
da02,1706846230598414,7.0757189,0.82094568,1.0728277,9,781
da02,1706846230698180,7.0553508,0.81781864,1.0764419,8,782
da02,1706846230798248,7.0720272,0.82267046,1.0732126,11,783
da02,1706846230898244,7.0776014,0.82504541,1.0795887,10,784
da02,1706846230998286,7.069613,0.8240453,1.0840387,8,785
da02,1706846231098238,7.0749393,0.83365464,1.0726702,11,786
da02,1706846231198183,7.0587606,0.8378666,1.0772885,8,787
da02,1706846231298180,7.0613847,0.84689718,1.0711515,10,788
da02,1706846231398445,7.0612984,0.83903074,1.069936,9,789
da02,1706846231498266,7.0483785,0.82770491,1.0695189,7,790
da02,1706846231598272,7.05571,0.82735717,1.0634689,10,791
da02,1706846231698279,7.0588889,0.82812238,1.0674181,9,792
da02,1706846231798288,7.0662246,0.83065271,1.0672505,10,793
da02,1706846231898352,7.0655742,0.83393049,1.0716382,9,794
da02,1706846231998298,7.0713291,0.82940853,1.0686235,10,795
da02,1706846232098366,7.0797105,0.83424425,1.0743371,10,796
da02,1706846232198316,7.075707,0.83550709,1.0765849,9,797
da02,1706846232298870,7.0653191,0.84461093,1.0739887,9,798
da02,1706846232398150,7.078269,0.848363,1.0696898,12,799
da02,1706846232498460,7.0704889,0.84235185,1.0666327,9,800
da02,1706846232598440,7.0677357,0.83597428,1.069286,9,801
da02,1706846232698281,7.0716586,0.83991051,1.0662394,10,802
da02,1706846232798277,7.0737858,0.84581345,1.0663942,10,803
da02,1706846232898266,7.0710773,0.83222246,1.0656751,9,804
da02,1706846232998256,7.0734944,0.8311078,1.0630382,10,805
da02,1706846233098339,7.0692739,0.82376844,1.0706602,8,806
da02,1706846233198262,7.0687852,0.81907934,1.0696278,9,807
da02,1706846233298254,7.0754385,0.80778366,1.0648118,10,808
da02,1706846233398187,7.0758238,0.82355064,1.0674052,10,809
da02,1706846233498558,7.0750551,0.82861477,1.074986,9,810
da02,1706846233598495,7.0637908,0.83377641,1.0788348,8,811
da02,1706846233698286,7.0466976,0.83160853,1.0758009,8,812
da02,1706846233798272,7.0462828,0.83803952,1.0689263,9,813
da02,1706846233898266,7.0591264,0.83476722,1.0667585,11,814
da02,1706846233998285,7.0610566,0.83403236,1.0726327,9,815
da02,1706846234098286,7.0542083,0.82813716,1.0762508,8,816
da02,1706846234198288,7.0551138,0.826788,1.0796037,8,817
da02,1706846234299859,7.0500641,0.82686216,1.0763589,8,818
da02,1706846234398362,7.0634007,0.832767,1.0715128,11,819
da02,1706846234498324,7.0544224,0.82866812,1.0750234,7,820
da02,1706846234598319,7.0542216,0.82156152,1.0771991,8,821
da02,1706846234698278,7.0543184,0.82484329,1.078944,9,822
da02,1706846234798282,7.0541072,0.82093829,1.0808432,8,823
da02,1706846234898316,7.0642529,0.8192848,1.0800825,10,824
da02,1706846234998305,7.0589819,0.81150883,1.0757115,8,825
da02,1706846235098258,7.0619283,0.80350775,1.0737987,9,826
da02,1706846235198286,7.0521603,0.80782783,1.0774027,7,827
da02,1706846235298464,7.051548,0.81896859,1.0846854,8,828
da02,1706846235398296,7.0568657,0.82523096,1.0803498,10,829
da02,1706846235498300,7.0656252,0.81876266,1.0762093,10,830
da02,1706846235598328,7.0606742,0.81711006,1.0769892,8,831
da02,1706846235698318,7.0631428,0.81108671,1.0757799,9,832
da02,1706846235798294,7.0625806,0.81444556,1.0703344,9,833
da02,1706846235898300,7.0578589,0.82323188,1.0706375,9,834
da02,1706846235998302,7.080112,0.82306534,1.0713468,12,835
da02,1706846236098316,7.0770817,0.83160377,1.0755422,9,836
da02,1706846236198312,7.0871024,0.83293718,1.084154,10,837
da02,1706846236298340,7.0913377,0.82607478,1.0813228,10,838
da02,1706846236398314,7.0907245,0.81902313,1.0744934,10,839
da02,1706846236498338,7.0825267,0.81885338,1.0741333,9,840
da02,1706846236598338,7.0861878,0.82823807,1.0694305,11,841
da02,1706846236698345,7.19095,0.82906049,1.0565792,66,842
da02,1706846236798358,7.1591988,0.82712406,1.0656099,9,843
da02,1706846236898347,7.1410456,0.82909721,1.0758587,9,844
da02,1706846236998334,7.1069117,0.82919347,1.0809224,8,845
da02,1706846237098495,7.1038051,0.83004379,1.0702432,11,846
da02,1706846237198344,7.0957394,0.82941073,1.0708054,9,847
da02,1706846237298297,7.081234,0.83252305,1.0771183,8,848
da02,1706846237398361,7.071569,0.83045506,1.0724974,9,849
da02,1706846237498323,7.0748811,0.83759016,1.0742322,10,850
da02,1706846237598344,7.0560546,0.83793265,1.0655127,8,851
da02,1706846237698308,7.0479946,0.84119964,1.0633713,8,852
da02,1706846237798324,7.032897,0.84124267,1.0673423,8,853
da02,1706846237898292,7.0459857,0.83898073,1.0681543,10,854
da02,1706846237998302,7.0505347,0.83130759,1.0581099,10,855
da02,1706846238098316,7.054029,0.82098782,1.0567386,9,856
da02,1706846238198283,7.0519967,0.81767982,1.0582447,9,857
da02,1706846238298312,7.0498881,0.82669377,1.0733908,8,858
da02,1706846238398290,7.0484676,0.82455575,1.0741832,8,859
da02,1706846238498271,7.0522509,0.82946438,1.0654649,10,860
da02,1706846238598306,7.07788,0.82819986,1.0584117,13,861
da02,1706846238698350,7.0805039,0.82847285,1.0597721,10,862
da02,1706846238798328,7.0668821,0.82470161,1.0648146,7,863
da02,1706846238898323,7.0731487,0.81841594,1.0570315,11,864
da02,1706846238998281,7.06744,0.81804413,1.0550929,9,865
da02,1706846239098335,7.0645676,0.82520932,1.0607135,9,866
da02,1706846239198309,7.072938,0.81725144,1.0656888,10,867
da02,1706846239298294,7.0606751,0.82457083,1.0631355,8,868
da02,1706846239398303,7.0548816,0.83224,1.072488,8,869
da02,1706846239498316,7.0576749,0.84439206,1.0810796,9,870
da02,1706846239598329,7.0511222,0.84637976,1.0810102,8,871
da02,1706846239698305,7.0653667,0.84638822,1.0668311,12,872
da02,1706846239798312,7.0626407,0.8456983,1.0719032,9,873
da02,1706846239898297,7.0644541,0.8426218,1.0751563,9,874
da02,1706846239998320,7.0582995,0.83309954,1.0785373,8,875
da02,1706846240098342,7.0643005,0.83142036,1.0699577,10,876
da02,1706846240198327,7.074861,0.83546484,1.0650321,11,877
da02,1706846240298337,7.0810375,0.82684839,1.0631316,11,878
da02,1706846240398343,7.0793538,0.83191466,1.0618095,10,879
da02,1706846240498306,7.0803905,0.83574873,1.0602645,10,880
da02,1706846240598391,7.0819936,0.83221227,1.0707544,9,881
da02,1706846240698361,7.0775323,0.82728904,1.067952,9,882
da02,1706846240798355,7.0736489,0.8329708,1.0638957,10,883
da02,1706846240898367,7.0681524,0.83191448,1.0661449,9,884
da02,1706846240998358,7.0640841,0.8277598,1.0667588,9,885
da02,1706846241098374,7.0607085,0.82049006,1.0723433,8,886
da02,1706846241198324,7.0640836,0.82706237,1.0801121,9,887
da02,1706846241298328,7.0590234,0.8304289,1.0810366,8,888
da02,1706846241398322,7.0595779,0.81989962,1.0904096,8,889
da02,1706846241498294,7.0612106,0.81091058,1.0854445,9,890
da02,1706846241598324,7.0772076,0.81448275,1.0851231,11,891
da02,1706846241698320,7.0658422,0.81843084,1.0746182,9,892
da02,1706846241798365,7.0639172,0.81388879,1.0803956,8,893
da02,1706846241898346,7.0704069,0.8185479,1.0701166,11,894
da02,1706846241998326,7.0895047,0.82067174,1.0713146,12,895
da02,1706846242098357,7.0763183,0.81738609,1.0735599,8,896
da02,1706846242198386,7.0828471,0.81590784,1.0726764,10,897
da02,1706846242298354,7.096499,0.82325786,1.0601158,13,898
da02,1706846242398632,7.0724564,0.8181206,1.0596786,7,899
da02,1706846242498436,7.0814328,0.81946433,1.0641173,11,900
da02,1706846242598408,7.0721259,0.8191337,1.0672282,8,901
da02,1706846242698434,7.0657539,0.82819557,1.0749583,8,902
da02,1706846242798310,7.0698361,0.83106756,1.0721318,10,903
da02,1706846242898711,7.0757027,0.82387471,1.0752199,10,904
da02,1706846242998381,7.0606,0.82269508,1.0801346,8,905
da02,1706846243098431,7.0655918,0.82628077,1.0670519,11,906
da02,1706846243198992,7.0590825,0.82537776,1.0662891,8,907
da02,1706846243298866,7.0656486,0.82599151,1.063224,10,908
da02,1706846243398444,7.0624666,0.83080804,1.0643497,9,909
da02,1706846243498415,7.0624342,0.82992744,1.0707499,9,910
da02,1706846243598423,7.0757656,0.83320129,1.072295,11,911
da02,1706846243698428,7.0750489,0.82912469,1.0878748,8,912
da02,1706846243798486,7.0593929,0.82401848,1.086462,7,913
da02,1706846243898442,7.0544157,0.8248018,1.0812048,8,914
da02,1706846243998406,7.0608172,0.83670938,1.0783737,10,915
da02,1706846244098481,7.0662766,0.82732117,1.0790515,9,916
da02,1706846244198470,7.0637264,0.829906,1.0817479,9,917
da02,1706846244298401,7.0645461,0.82701367,1.0865868,9,918
da02,1706846244398391,7.0576115,0.82100332,1.0884593,7,919
da02,1706846244498572,7.0615168,0.82001388,1.0848006,9,920
da02,1706846244598326,7.0652657,0.81632268,1.0758978,10,921
da02,1706846244698345,7.0642095,0.81609988,1.0734957,9,922
da02,1706846244798437,7.0740747,0.81791562,1.0785309,10,923
da02,1706846244898359,7.062428,0.81752956,1.0802869,7,924
da02,1706846244998371,7.0611787,0.82559556,1.0772262,9,925
da02,1706846245098548,7.0498142,0.81726784,1.0757226,7,926
da02,1706846245198318,7.0509791,0.82388723,1.0747701,9,927
da02,1706846245298465,7.0547071,0.81727707,1.0747453,9,928
da02,1706846245398454,7.0572314,0.82909817,1.0801831,9,929
da02,1706846245498363,7.0559115,0.8245253,1.0769343,9,930
da02,1706846245598463,7.0528946,0.82852608,1.0786532,8,931
da02,1706846245698436,7.0544348,0.83234787,1.076679,9,932
da02,1706846245798340,7.0569358,0.82289404,1.0710069,9,933
da02,1706846245898537,7.0690737,0.82164669,1.0585078,12,934
da02,1706846245998380,7.0700641,0.82388371,1.0596259,10,935
da02,1706846246098551,7.0720286,0.82112426,1.0549921,10,936
da02,1706846246198516,7.0695028,0.82946426,1.0545443,10,937
da02,1706846246298464,7.0757113,0.8324489,1.0549545,11,938
da02,1706846246398390,7.0739155,0.82968229,1.0641042,9,939
da02,1706846246498586,7.0720844,0.83471173,1.0683144,9,940
da02,1706846246598489,7.0654936,0.830175,1.0752231,8,941
da02,1706846246698438,7.0707541,0.8348043,1.0727881,10,942
da02,1706846246798555,7.0588417,0.82686317,1.0676396,8,943
da02,1706846246898430,7.052063,0.82879692,1.0656563,8,944
da02,1706846246998365,7.0688829,0.82491076,1.0646468,11,945
da02,1706846247098582,7.0693941,0.83446622,1.0733713,9,946
da02,1706846247198412,7.0610342,0.83796251,1.0631661,9,947
da02,1706846247298421,7.0612955,0.83978856,1.0675269,9,948
da02,1706846247398422,7.0593104,0.83441055,1.0691983,9,949
da02,1706846247498429,7.1813116,0.84169793,1.058484,67,950
da02,1706846247598381,7.1542063,0.84116006,1.0603329,10,951
da02,1706846247698444,7.1396747,0.83631855,1.0664649,10,952
da02,1706846247798441,7.1302137,0.840203,1.0668262,11,953
da02,1706846247898462,7.1048093,0.84061062,1.070927,8,954
da02,1706846247998431,7.1073003,0.83035851,1.0753498,10,955
da02,1706846248098622,7.0874014,0.82349467,1.0768387,7,956
da02,1706846248198493,7.07485,0.81275374,1.075628,8,957
da02,1706846248298675,7.0890136,0.81669843,1.0676097,12,958
da02,1706846248398644,7.0721021,0.81700248,1.067555,8,959
da02,1706846248498428,7.0776138,0.82189965,1.0795144,9,960
da02,1706846248598394,7.0835795,0.81066883,1.0733446,10,961
da02,1706846248698390,7.0897903,0.81389761,1.070591,11,962
da02,1706846248798447,7.086762,0.81694251,1.0718342,10,963
da02,1706846248898398,7.0769415,0.81198072,1.0812942,7,964
da02,1706846248998476,7.0722818,0.80797964,1.0737052,9,965
da02,1706846249098384,7.0810285,0.80667263,1.0642974,11,966
da02,1706846249198372,7.0785751,0.81632966,1.0716056,9,967
da02,1706846249298458,7.0692086,0.81753635,1.0707505,8,968
da02,1706846249398375,7.0657029,0.81290466,1.0637029,9,969
da02,1706846249498348,7.0566735,0.82764238,1.0646275,8,970
da02,1706846249598454,7.0592804,0.82535183,1.0661608,9,971
da02,1706846249699966,7.0542731,0.8281197,1.0591203,9,972
da02,1706846249798402,7.0636449,0.82090366,1.0678402,9,973
da02,1706846249898398,7.0500364,0.81975937,1.0658997,7,974
da02,1706846249998372,7.0531745,0.81830096,1.0670453,9,975
da02,1706846250098386,7.058176,0.81913358,1.0653132,10,976
da02,1706846250198425,7.0569463,0.82001841,1.0716925,8,977
da02,1706846250298369,7.0716834,0.82239711,1.0756904,11,978
da02,1706846250398421,7.0721078,0.81541765,1.0848287,8,979
da02,1706846250498392,7.084393,0.80888259,1.078349,11,980
da02,1706846250598415,7.0707636,0.8201648,1.0741103,8,981
da02,1706846250698399,7.07736,0.82918596,1.0731999,11,982
da02,1706846250798409,7.0681458,0.83606786,1.08251,8,983
da02,1706846250898400,7.0622334,0.82709551,1.0796133,8,984
da02,1706846250998446,7.0704021,0.82053578,1.0781062,10,985
da02,1706846251098457,7.0751977,0.82679552,1.0808419,10,986
da02,1706846251198434,7.0669723,0.83060521,1.0805372,8,987
da02,1706846251298452,7.0627012,0.83384418,1.082476,8,988
da02,1706846251398430,7.0598507,0.83815873,1.0819135,9,989
da02,1706846251498395,7.0608888,0.83399278,1.077029,9,990
da02,1706846251598440,7.0584879,0.83824188,1.0816373,8,991
da02,1706846251698439,7.0590358,0.83697635,1.0868344,8,992
da02,1706846251798461,7.06906,0.83471346,1.0815976,11,993
da02,1706846251898402,7.0778933,0.82292652,1.0742632,11,994
da02,1706846251998485,7.0781603,0.82783926,1.0733016,10,995
da02,1706846252098390,7.0662713,0.82308859,1.0819108,7,996
da02,1706846252198453,7.0679626,0.82496512,1.0771782,10,997
da02,1706846252298505,7.063591,0.82067961,1.0732821,9,998
da02,1706846252398428,7.0746541,0.83034521,1.0734677,11,999
da02,1706846252498399,7.0657868,0.833966,1.0805343,8,1000
da02,1706846252598478,7.0726209,0.83057404,1.0753779,10,1001
da02,1706846252698436,7.05092,0.83593071,1.0722268,8,1002
da02,1706846252798430,7.0625191,0.83881271,1.0672643,11,1003
da02,1706846252898406,7.0670757,0.83605051,1.0642301,10,1004
da02,1706846252998390,7.0521307,0.8381542,1.0719451,8,1005
da02,1706846253098424,7.0680704,0.83828092,1.069047,11,1006
da02,1706846253198432,7.0512271,0.84798622,1.0774915,9,1007
da02,1706846253298509,7.0460711,0.83819884,1.0850533,7,1008
da02,1706846253398411,7.0459375,0.83619589,1.0812593,9,1009
da02,1706846253498456,7.0287766,0.83442008,1.0869179,8,1010
da02,1706846253598402,7.0462918,0.83162552,1.0964614,9,1011
da02,1706846253698449,7.0579705,0.82991517,1.0914592,10,1012
da02,1706846253798524,7.0706558,0.82156742,1.0896113,10,1013
da02,1706846253898468,7.0639477,0.8262831,1.0919704,8,1014
da02,1706846253998515,7.0655508,0.82135886,1.0842791,9,1015
da02,1706846254098485,7.0471272,0.8297708,1.0799953,8,1016
da02,1706846254198416,7.0597596,0.82856572,1.0750601,11,1017
da02,1706846254298997,7.0565553,0.83083177,1.0755382,8,1018
da02,1706846254398454,7.0611539,0.8247875,1.0716745,10,1019
da02,1706846254498396,7.0513959,0.83498782,1.0756965,8,1020
da02,1706846254598414,7.0537653,0.83231705,1.0778493,9,1021
da02,1706846254698427,7.0628581,0.82441694,1.0846201,9,1022
da02,1706846254798424,7.0574217,0.82254809,1.0725883,9,1023
da02,1706846254898421,7.0507445,0.81801087,1.0772148,7,1024
da02,1706846254998482,7.0624609,0.8197214,1.076753,10,1025
da02,1706846255098432,7.0706272,0.81163168,1.0749274,10,1026
da02,1706846255198520,7.0794525,0.80641311,1.0631435,11,1027
da02,1706846255298492,7.0733323,0.80788165,1.0666037,9,1028
da02,1706846255398411,7.0629015,0.81676358,1.0694114,8,1029
da02,1706846255498456,7.0661492,0.82293493,1.0596428,11,1030
da02,1706846255598471,7.0612717,0.83104652,1.0692693,8,1031
da02,1706846255698417,7.0569687,0.83006114,1.0718102,8,1032
da02,1706846255798424,7.0519705,0.82105672,1.072884,8,1033
da02,1706846255898383,7.0417323,0.81606364,1.0810814,7,1034
da02,1706846255998414,7.0582089,0.82908112,1.0838686,11,1035
da02,1706846256098393,7.0754175,0.8255347,1.0767422,12,1036
da02,1706846256198428,7.0690408,0.82902813,1.0678785,9,1037
da02,1706846256298408,7.0555267,0.83101642,1.0799135,8,1038
da02,1706846256398414,7.0587225,0.83196378,1.0839143,9,1039
da02,1706846256498388,7.0588241,0.8338083,1.0802585,9,1040
da02,1706846256598420,7.071496,0.8353129,1.0858494,10,1041
da02,1706846256698436,7.0733805,0.83601117,1.0816257,10,1042
da02,1706846256798530,7.075047,0.83944166,1.0958519,8,1043
da02,1706846256898488,7.0796061,0.82902485,1.0964419,9,1044
da02,1706846256998471,7.0713315,0.83787209,1.0938092,8,1045
da02,1706846257098509,7.0616837,0.84346944,1.0809355,9,1046
da02,1706846257198492,7.0630012,0.83946294,1.0791079,9,1047
da02,1706846257298521,7.0657167,0.8480283,1.0798371,10,1048
da02,1706846257398398,7.0674868,0.84699625,1.0805081,9,1049
da02,1706846257498678,7.063827,0.8476463,1.0814844,9,1050
da02,1706846257598584,7.0754476,0.83337104,1.0828379,10,1051
da02,1706846257698457,7.0693188,0.84341288,1.0802612,9,1052
da02,1706846257798425,7.062139,0.84564829,1.0836082,8,1053
da02,1706846257898436,7.0669384,0.83102518,1.0808913,9,1054
da02,1706846257998426,7.0637569,0.83749759,1.0873841,8,1055
da02,1706846258098433,7.0668368,0.836167,1.0799559,10,1056
da02,1706846258198464,7.0489268,0.83568203,1.0735577,8,1057
da02,1706846258298533,7.0493646,0.82537097,1.0657539,9,1058
da02,1706846258398442,7.0594921,0.82595217,1.0701132,10,1059
da02,1706846258498469,7.0657482,0.81555951,1.0615789,10,1060
da02,1706846258598484,7.0684576,0.8118574,1.058136,10,1061
da02,1706846258698440,7.07078,0.81089455,1.0724399,9,1062
da02,1706846258798417,7.0713744,0.81355304,1.0731429,9,1063
da02,1706846258898550,7.0813537,0.81866813,1.0736215,11,1064
da02,1706846258998667,7.066329,0.81855196,1.0644844,8,1065
da02,1706846259098664,7.0671916,0.8245241,1.0665288,9,1066
da02,1706846259198592,7.05914,0.82404345,1.0661943,8,1067
da02,1706846259298666,7.0658565,0.81257778,1.070646,9,1068
da02,1706846259398608,7.0800109,0.80973989,1.0735631,11,1069
da02,1706846259498635,7.0659742,0.82001454,1.0732144,8,1070
da02,1706846259598534,7.058898,0.82557482,1.0675164,9,1071
da02,1706846259698568,7.0666,0.82948351,1.0687386,10,1072
da02,1706846259798542,7.066854,0.84210503,1.0640734,10,1073
da02,1706846259898577,7.0750546,0.829562,1.0654904,10,1074
da02,1706846259998543,7.0672688,0.83121574,1.0659033,9,1075
da02,1706846260098626,7.0545812,0.8323558,1.0680234,7,1076
da02,1706846260198552,7.0610681,0.83456576,1.0658826,10,1077
da02,1706846260298604,7.0631042,0.84447235,1.0588057,10,1078
da02,1706846260398562,7.0602212,0.84163463,1.0664898,8,1079
da02,1706846260498564,7.0573797,0.83350188,1.0755957,8,1080
da02,1706846260598526,7.0658479,0.83278072,1.0827034,9,1081
da02,1706846260698569,7.0715404,0.82513422,1.0872077,9,1082
da02,1706846260798726,7.0742769,0.8220247,1.0829493,10,1083
da02,1706846260898641,7.0743909,0.82154918,1.0782896,10,1084
da02,1706846260998586,7.0779858,0.81673288,1.0763347,10,1085
da02,1706846261098638,7.0603685,0.82028967,1.0837381,8,1086
da02,1706846261198598,7.0684628,0.82603216,1.0682584,11,1087
da02,1706846261298584,7.0720239,0.81932908,1.0676885,10,1088
da02,1706846261398556,7.0571175,0.81669694,1.0675222,7,1089
da02,1706846261498581,7.0544806,0.827548,1.0679333,9,1090
da02,1706846261598569,7.0591555,0.82610071,1.0622023,10,1091
da02,1706846261698587,7.0447412,0.82653677,1.0758711,8,1092
da02,1706846261798565,7.0493197,0.83983016,1.0735066,10,1093
da02,1706846261898577,7.0434756,0.83434117,1.0754719,7,1094
da02,1706846261998548,7.0546885,0.83078629,1.0832123,9,1095
da02,1706846262098578,7.0520053,0.83105,1.0750418,9,1096
da02,1706846262198570,7.0618429,0.83212435,1.0712841,10,1097
da02,1706846262298620,7.06668,0.82313204,1.072336,9,1098
da02,1706846262398536,7.0700297,0.8333711,1.0596125,11,1099
da02,1706846262498649,7.0631118,0.83439296,1.0680542,8,1100
da02,1706846262598575,7.0646091,0.8233189,1.0639145,9,1101
da02,1706846262698609,7.0601344,0.83021969,1.0720973,8,1102
da02,1706846262798591,7.0579619,0.833207,1.0733893,9,1103
da02,1706846262898612,7.0509219,0.83952439,1.0707626,8,1104
da02,1706846262998620,7.0487442,0.84130275,1.0695438,9,1105
da02,1706846263098662,7.0596991,0.84505773,1.0662575,11,1106
da02,1706846263198574,7.0729589,0.84190518,1.0732946,10,1107
da02,1706846263298623,7.0549893,0.84190476,1.066213,8,1108
da02,1706846263399066,7.0731668,0.823883,1.0638431,11,1109
da02,1706846263498661,7.0788927,0.82450044,1.0656737,10,1110
da02,1706846263598588,7.0789633,0.82573241,1.0582157,10,1111
da02,1706846263698651,7.065731,0.82158077,1.0557114,8,1112
da02,1706846263798604,7.0656266,0.82461184,1.051935,10,1113
da02,1706846263898649,7.053741,0.8269974,1.0624043,8,1114
da02,1706846263998613,7.0684729,0.82947695,1.0707712,10,1115
da02,1706846264098641,7.0616312,0.82737142,1.073921,8,1116
da02,1706846264198624,7.0649629,0.82221961,1.0666898,10,1117
da02,1706846264298686,7.0711112,0.82579529,1.0791428,9,1118
da02,1706846264398600,7.0725751,0.812738,1.0768057,9,1119
da02,1706846264498774,7.0691924,0.82054228,1.0715007,9,1120
da02,1706846264598794,7.0711689,0.83085978,1.0754678,10,1121
da02,1706846264698988,7.0853944,0.83318818,1.0774211,11,1122
da02,1706846264798623,7.0742493,0.83347625,1.0876243,8,1123
da02,1706846264898651,7.0685463,0.83568245,1.0812372,9,1124
da02,1706846264998667,7.0590873,0.82790464,1.0761135,8,1125
da02,1706846265100251,7.0564375,0.82995951,1.0773751,8,1126
da02,1706846265198632,7.0571351,0.83013988,1.0670625,10,1127
da02,1706846265299193,7.0619025,0.82837987,1.0677799,10,1128
da02,1706846265398620,7.0492787,0.83806813,1.0685302,8,1129
da02,1706846265498662,7.0601134,0.84148049,1.0689138,10,1130
da02,1706846265599092,7.0633631,0.83647305,1.074289,9,1131
da02,1706846265698699,7.0638022,0.83909893,1.0707406,10,1132
da02,1706846265798658,7.0632033,0.82640725,1.0751022,8,1133
da02,1706846265898683,7.0676789,0.82116622,1.0645837,10,1134
da02,1706846265998664,7.076313,0.82210529,1.0670109,10,1135
da02,1706846266098740,7.0889049,0.82476079,1.0692961,11,1136
da02,1706846266198662,7.0876884,0.82023245,1.0739957,9,1137
da02,1706846266298745,7.0840197,0.82279593,1.0750299,9,1138
da02,1706846266398650,7.0734954,0.83322024,1.074235,9,1139
da02,1706846266498691,7.0750165,0.82545185,1.073846,9,1140
da02,1706846266598672,7.0745406,0.82445157,1.077988,9,1141
da02,1706846266698698,7.073144,0.81811416,1.0720499,9,1142
da02,1706846266798668,7.0758471,0.81750637,1.0729852,10,1143
da02,1706846266898703,7.068625,0.81912112,1.0881301,7,1144
da02,1706846266998674,7.0647712,0.82115078,1.085368,9,1145
da02,1706846267098696,7.0675392,0.82723093,1.083326,10,1146
da02,1706846267198681,7.074203,0.83304769,1.0734928,11,1147
da02,1706846267298714,7.0630021,0.82183474,1.0641083,8,1148
da02,1706846267398632,7.0609856,0.81943011,1.0711207,8,1149
da02,1706846267498726,7.060854,0.82741678,1.0690179,9,1150
da02,1706846267598700,7.0708737,0.82383019,1.0644495,11,1151
da02,1706846267698740,7.0596089,0.82352328,1.0614436,8,1152
da02,1706846267798703,7.0485063,0.82251865,1.0583982,8,1153
da02,1706846267898731,7.0437212,0.81497926,1.0682733,7,1154
da02,1706846267998694,7.0480509,0.81509227,1.0677773,9,1155
da02,1706846268098741,7.0508022,0.82227254,1.0685221,9,1156
da02,1706846268198719,7.0572844,0.81464088,1.0626588,10,1157
da02,1706846268298854,7.0589056,0.81968671,1.0674601,9,1158
da02,1706846268399396,7.0589304,0.82566595,1.0758913,8,1159
da02,1706846268498758,7.049964,0.82110471,1.074105,8,1160
da02,1706846268598673,7.063859,0.81911355,1.0680002,11,1161
da02,1706846268698709,7.0551448,0.81803703,1.0772444,7,1162
da02,1706846268798675,7.0676723,0.82129741,1.0717727,11,1163
da02,1706846268898705,7.0643806,0.82479346,1.0597273,10,1164
da02,1706846268998691,7.0768404,0.82972568,1.0629765,11,1165
da02,1706846269098864,7.0633774,0.82523143,1.0723774,7,1166
da02,1706846269198689,7.0586195,0.82124048,1.068927,9,1167
da02,1706846269298714,7.0480943,0.8248744,1.0702913,7,1168
da02,1706846269398686,7.04725,0.81532454,1.069416,8,1169
da02,1706846269498735,7.0528383,0.82430845,1.0747678,9,1170
da02,1706846269598698,7.0617633,0.82334316,1.0675519,10,1171
da02,1706846269698710,7.05783,0.84036857,1.0668169,9,1172
da02,1706846269798694,7.051621,0.84301937,1.0675497,8,1173
da02,1706846269898742,7.0501366,0.83757049,1.0674134,9,1174
da02,1706846269999062,7.0699987,0.84128237,1.0622047,12,1175
da02,1706846270098889,7.0645657,0.84234089,1.0562937,9,1176
da02,1706846270198733,7.0836682,0.82988125,1.0648535,11,1177
da02,1706846270298815,7.0793476,0.83824015,1.0661973,10,1178
da02,1706846270398758,7.063983,0.83951765,1.0662136,8,1179
da02,1706846270499010,7.0722995,0.84144062,1.0703257,10,1180
da02,1706846270598710,7.0782447,0.83652896,1.0739596,10,1181
da02,1706846270698745,7.0869813,0.82992572,1.073499,11,1182
da02,1706846270798888,7.08965,0.82868189,1.070188,11,1183
da02,1706846270898706,7.0749,0.8237527,1.0719687,8,1184
da02,1706846270999158,7.0659013,0.83354229,1.0732815,8,1185
da02,1706846271098731,7.0707436,0.83327073,1.065052,11,1186
da02,1706846271199334,7.07638,0.82783687,1.0592937,11,1187
da02,1706846271298741,7.0652165,0.8295272,1.059397,8,1188
da02,1706846271398678,7.0630078,0.82713729,1.0579782,9,1189
da02,1706846271498722,7.0563297,0.82901925,1.0581117,8,1190
da02,1706846271598674,7.0490522,0.82805747,1.0771497,8,1191
da02,1706846271698728,7.0584917,0.82757652,1.0799865,10,1192
da02,1706846271798697,7.057117,0.83084816,1.0803534,9,1193
da02,1706846271898729,7.0474825,0.823851,1.0774076,7,1194
da02,1706846271998704,7.0532212,0.81843764,1.0692376,10,1195
da02,1706846272098776,7.0507965,0.80521786,1.0696726,8,1196
da02,1706846272198697,7.0471892,0.81145972,1.0665219,8,1197
da02,1706846272298922,7.0604982,0.81970274,1.0650834,11,1198
da02,1706846272398707,7.0598764,0.81826788,1.0629368,9,1199
da02,1706846272498750,7.0735345,0.82035875,1.0639318,11,1200
da02,1706846272598837,7.0792041,0.817344,1.0718794,10,1201
da02,1706846272698746,7.0844731,0.82634932,1.0698376,11,1202
da02,1706846272798741,7.0858955,0.82220417,1.0717474,10,1203
da02,1706846272898787,7.0804911,0.81751347,1.0717769,9,1204
da02,1706846272998736,7.080977,0.81629121,1.0751591,9,1205
da02,1706846273098786,7.0767374,0.81642705,1.0791855,9,1206
da02,1706846273198686,7.0766768,0.81360751,1.075459,10,1207
da02,1706846273298738,7.0695572,0.82373649,1.074558,9,1208
da02,1706846273398688,7.0661726,0.82839459,1.071148,9,1209
da02,1706846273499256,7.0609436,0.83227551,1.0643356,9,1210
da02,1706846273598746,7.0594134,0.82957804,1.0606357,9,1211
da02,1706846273698727,7.0755544,0.82669252,1.0534569,12,1212
da02,1706846273798724,7.0779967,0.82694876,1.0573795,10,1213
da02,1706846273898768,7.0747228,0.8352685,1.062971,9,1214
da02,1706846273998712,7.0777326,0.83530509,1.0587252,11,1215
da02,1706846274098742,7.0717039,0.82653928,1.0649755,8,1216
da02,1706846274198714,7.0649443,0.8407982,1.0745244,8,1217
da02,1706846274298789,7.0590878,0.82911152,1.0784121,8,1218
da02,1706846274398713,7.0671825,0.82840455,1.0768719,10,1219
da02,1706846274498754,7.0583806,0.82653368,1.0790974,8,1220
da02,1706846274598700,7.0514264,0.82329,1.0752101,8,1221
da02,1706846274698776,7.0496678,0.81869167,1.0669245,9,1222
da02,1706846274798729,7.0581226,0.82579732,1.0678878,10,1223
da02,1706846274898758,7.0506268,0.83653527,1.0701565,8,1224
da02,1706846274998752,7.0647073,0.83255315,1.0667937,11,1225
da02,1706846275098838,7.0616679,0.81695855,1.0713632,8,1226
da02,1706846275198695,7.0641727,0.817356,1.0709295,9,1227
da02,1706846275298742,7.0680614,0.8113054,1.0706743,9,1228
da02,1706846275398709,7.0628686,0.81226385,1.0742415,8,1229
da02,1706846275498790,7.0505123,0.8188659,1.0759977,8,1230
da02,1706846275598790,7.0523062,0.82207245,1.0801398,8,1231
da02,1706846275698756,7.0584917,0.83198118,1.0857563,9,1232
da02,1706846275798762,7.0510845,0.82999831,1.0798696,8,1233
da02,1706846275898561,7.0599675,0.83359039,1.0721232,11,1234
da02,1706846275999156,7.0659227,0.83252972,1.0665513,10,1235
da02,1706846276098570,7.0658479,0.82711256,1.0734229,9,1236
da02,1706846276198526,7.05968,0.82332653,1.0828017,7,1237
da02,1706846276299070,7.0592179,0.82318,1.0845169,8,1238
da02,1706846276398534,7.060358,0.82615292,1.0762732,10,1239
da02,1706846276498550,7.0669,0.8318668,1.0660135,11,1240
da02,1706846276598566,7.0691218,0.83641672,1.0653862,10,1241
da02,1706846276698575,7.0571151,0.83624333,1.0711373,8,1242
da02,1706846276798526,7.0370736,0.84001756,1.0850362,9,1243
da02,1706846276898544,7.0341659,0.83911711,1.0703821,9,1244
da02,1706846276998542,7.0412455,0.83391982,1.0745531,9,1245
da02,1706846277098549,7.0427394,0.83039784,1.0699246,9,1246
da02,1706846277198552,7.0450463,0.82434136,1.0764711,8,1247
da02,1706846277298544,7.0581794,0.825726,1.061474,11,1248
da02,1706846277398527,7.0695524,0.82513523,1.0695145,10,1249
da02,1706846277498557,7.0634708,0.83090729,1.0672683,9,1250
da02,1706846277598614,7.0597196,0.83218771,1.0745466,8,1251
da02,1706846277698582,7.06529,0.83401048,1.0794078,9,1252
da02,1706846277798584,7.0538182,0.83705014,1.0813463,8,1253
da02,1706846277898594,7.0582528,0.83469421,1.0753479,10,1254
da02,1706846277998588,7.053894,0.8357603,1.0788083,8,1255
da02,1706846278098610,7.050674,0.8332625,1.0727193,9,1256
da02,1706846278198531,7.0453668,0.82196587,1.0673026,8,1257
da02,1706846278298542,7.0508728,0.81660366,1.0667615,9,1258
da02,1706846278398534,7.0503426,0.81706524,1.0613447,9,1259
da02,1706846278498628,7.0461764,0.81437045,1.0560683,9,1260
da02,1706846278598615,7.0533619,0.81242049,1.0608505,9,1261
da02,1706846278698562,7.0481415,0.80670428,1.0608344,8,1262
da02,1706846278798532,7.0635986,0.80940872,1.065679,11,1263
da02,1706846278898543,7.0702767,0.8084206,1.0607352,10,1264
da02,1706846278998517,7.0683928,0.80757636,1.058691,9,1265
da02,1706846279098563,7.0621204,0.80045688,1.0627685,8,1266
da02,1706846279198510,7.0625548,0.80795717,1.0633869,9,1267
da02,1706846279298547,7.0651875,0.81247008,1.066712,9,1268
da02,1706846279398545,7.0679703,0.81172997,1.0740238,9,1269
da02,1706846279498551,7.0661831,0.81604874,1.0693748,9,1270
da02,1706846279598590,7.057909,0.82362872,1.0729053,8,1271
da02,1706846279698555,7.0672593,0.83661592,1.0727555,11,1272
da02,1706846279798524,7.0787244,0.8311125,1.0729488,11,1273
da02,1706846279898572,7.0721822,0.8390277,1.0845839,8,1274
da02,1706846279998557,7.0761681,0.838785,1.0877084,10,1275
da02,1706846280098580,7.0794983,0.84274006,1.0849911,10,1276
da02,1706846280198540,7.0828934,0.837131,1.0824983,10,1277
da02,1706846280298564,7.0888944,0.83297628,1.0798229,11,1278
da02,1706846280398539,7.0788097,0.83162946,1.0680704,9,1279
da02,1706846280500116,7.0715852,0.83359915,1.0613747,9,1280
da02,1706846280598576,7.0730238,0.83733803,1.0629547,10,1281
da02,1706846280698564,7.0651536,0.82653111,1.0659442,8,1282
da02,1706846280798561,7.0587687,0.82339257,1.0571874,9,1283
da02,1706846280898555,7.062521,0.83591717,1.0710274,9,1284
da02,1706846280998586,7.069994,0.84329236,1.0643301,11,1285
da02,1706846281098635,7.0722566,0.84202838,1.0617015,10,1286
da02,1706846281198570,7.0572252,0.83603889,1.0561527,8,1287
da02,1706846281298581,7.0673218,0.83324242,1.0609566,10,1288
da02,1706846281398566,7.0668731,0.829905,1.0661474,9,1289
da02,1706846281498600,7.05839,0.83625287,1.071231,8,1290
da02,1706846281598635,7.0516591,0.84027541,1.0736238,8,1291
da02,1706846281698558,7.0474386,0.83918726,1.0764011,8,1292
da02,1706846281798591,7.0590014,0.84981871,1.0709162,11,1293
da02,1706846281898618,7.0507736,0.83958864,1.0728184,7,1294
da02,1706846281998619,7.0559759,0.83555186,1.06105,10,1295
da02,1706846282098616,7.066783,0.83252507,1.0619013,11,1296
da02,1706846282198640,7.0633106,0.83565128,1.0709664,8,1297
da02,1706846282298624,7.0775232,0.84085834,1.0733088,11,1298
da02,1706846282398557,7.0656419,0.84295911,1.077577,8,1299
da02,1706846282498590,7.0673647,0.84651577,1.083739,9,1300
da02,1706846282598616,7.0600638,0.8386603,1.0808384,8,1301
da02,1706846282698584,7.0672607,0.8273052,1.0813282,10,1302
da02,1706846282798559,7.0542588,0.82531977,1.0771058,7,1303
da02,1706846282898564,7.06351,0.82777685,1.0804056,10,1304
da02,1706846282998550,7.05728,0.8178432,1.080034,8,1305
da02,1706846283098748,7.0474782,0.82189977,1.0872986,8,1306
da02,1706846283198572,7.0399017,0.8152678,1.0808772,7,1307
da02,1706846283298583,7.0421939,0.81151235,1.0780947,8,1308
da02,1706846283398571,7.0522203,0.81519723,1.0734013,10,1309
da02,1706846283498580,7.057631,0.829829,1.0755572,10,1310
da02,1706846283598594,7.042078,0.82864803,1.0733428,8,1311
da02,1706846283698573,7.0362363,0.83990479,1.0638082,9,1312
da02,1706846283798560,7.0510497,0.84545046,1.0685928,10,1313
da02,1706846283898585,7.0781908,0.83454865,1.066275,13,1314
da02,1706846283998581,7.0614557,0.82282245,1.0712712,7,1315
da02,1706846284098626,7.0747313,0.82380146,1.0664119,11,1316
da02,1706846284198555,7.0724669,0.82058185,1.0695271,9,1317
da02,1706846284298666,7.0685143,0.81588787,1.0717366,9,1318
da02,1706846284398584,7.061244,0.81863713,1.0815749,7,1319
da02,1706846284498615,7.0711036,0.81944364,1.0821259,10,1320
da02,1706846284598600,7.0753856,0.82414365,1.0782814,10,1321
da02,1706846284698629,7.0649743,0.81961906,1.0763389,8,1322
da02,1706846284798718,7.0740104,0.81344867,1.0760859,10,1323
da02,1706846284898612,7.0780668,0.81140649,1.0760822,10,1324
da02,1706846284998623,7.063077,0.81603438,1.0725362,8,1325
da02,1706846285098652,7.0659542,0.81929719,1.0711955,10,1326
da02,1706846285198552,7.06472,0.81830829,1.0737568,9,1327
da02,1706846285298588,7.0741844,0.81321675,1.0755484,10,1328
da02,1706846285398568,7.0735869,0.8122862,1.0771447,9,1329
da02,1706846285498588,7.0727038,0.81305742,1.0852368,8,1330
da02,1706846285598616,7.0755091,0.81492352,1.071908,11,1331
da02,1706846285698593,7.064662,0.81418049,1.0746598,8,1332
da02,1706846285798623,7.0791206,0.81207716,1.0731544,11,1333
da02,1706846285898636,7.0798044,0.82115954,1.0791056,9,1334
da02,1706846285998600,7.0892491,0.82292068,1.0747471,11,1335
da02,1706846286098592,7.0814214,0.82180357,1.0705376,9,1336
da02,1706846286198586,7.0635052,0.83569962,1.0741421,8,1337
da02,1706846286298624,7.0585704,0.83805537,1.0731241,9,1338
da02,1706846286398668,7.0492926,0.83187187,1.0751346,7,1339
da02,1706846286498597,7.0493169,0.84262735,1.0772505,9,1340
da02,1706846286598575,7.0575228,0.8384726,1.0841364,9,1341
da02,1706846286698584,7.0506563,0.84008485,1.0815157,8,1342
da02,1706846286798587,7.0584764,0.84221941,1.0777829,10,1343
da02,1706846286898592,7.05265,0.83397955,1.0697893,9,1344
da02,1706846286998586,7.0724154,0.82582641,1.0724078,11,1345
da02,1706846287098686,7.0831766,0.83344877,1.0784446,11,1346
da02,1706846287198694,7.0866947,0.83688897,1.079499,10,1347
da02,1706846287299174,7.0783424,0.83233553,1.0668352,10,1348
da02,1706846287398595,7.0769978,0.83301967,1.0662328,10,1349
da02,1706846287498632,7.0744405,0.83397263,1.0574545,10,1350
da02,1706846287598573,7.0825033,0.83518159,1.05116,12,1351
da02,1706846287698610,7.0823073,0.84188873,1.0561323,10,1352
da02,1706846287798605,7.0812821,0.82780772,1.0653931,9,1353
da02,1706846287898588,7.0936761,0.83013684,1.0795554,11,1354
da02,1706846287998574,7.0885358,0.82683271,1.0857069,9,1355
da02,1706846288098602,7.0820041,0.82582659,1.0864062,9,1356
da02,1706846288198590,7.068337,0.82572967,1.0831089,8,1357
da02,1706846288298593,7.0670266,0.83815926,1.0747541,10,1358
da02,1706846288398584,7.0703249,0.84335113,1.0762025,10,1359
da02,1706846288498611,7.0774617,0.84399933,1.0712948,11,1360
da02,1706846288598690,7.0712667,0.84770286,1.0677161,9,1361
da02,1706846288698611,7.0646663,0.853411,1.0677878,9,1362
da02,1706846288798584,7.0750971,0.853011,1.0713406,11,1363
da02,1706846288898594,7.0761385,0.84595722,1.0658827,10,1364
da02,1706846288998606,7.0915608,0.83671153,1.0672144,12,1365
da02,1706846289098680,7.097683,0.83381659,1.0681918,11,1366
da02,1706846289198618,7.0915155,0.83298403,1.0706769,9,1367
da02,1706846289298633,7.0783811,0.83935094,1.0719365,8,1368
da02,1706846289398642,7.0763497,0.83226097,1.0733861,9,1369
da02,1706846289498649,7.0908256,0.83163637,1.0797108,11,1370
da02,1706846289598636,7.1000896,0.83944321,1.0711161,12,1371
da02,1706846289698655,7.0920653,0.84388715,1.0753692,9,1372
da02,1706846289798604,7.0830731,0.84235662,1.0751855,9,1373
da02,1706846289898606,7.0616035,0.834297,1.0730404,7,1374
da02,1706846289998622,7.0633688,0.82999188,1.0697359,9,1375
da02,1706846290098674,7.0676756,0.8317107,1.0630249,10,1376
da02,1706846290198624,7.080225,0.82634944,1.0612707,11,1377
da02,1706846290298608,7.0796309,0.82409668,1.0565758,10,1378
da02,1706846290398598,7.0826454,0.81900865,1.066283,9,1379
da02,1706846290498633,7.078989,0.82742178,1.0751777,9,1380
da02,1706846290598629,7.0857687,0.83915704,1.0711806,11,1381
da02,1706846290698591,7.1024127,0.849248,1.0660393,13,1382
da02,1706846290798609,7.0980372,0.85060334,1.0652218,10,1383
da02,1706846290898627,7.096705,0.84979981,1.0622792,11,1384
da02,1706846290998586,7.0824356,0.8418954,1.0623535,8,1385
da02,1706846291098666,7.0831995,0.83613735,1.0595617,10,1386
da02,1706846291198635,7.0665359,0.83496284,1.0591019,8,1387
da02,1706846291298657,7.0766835,0.82919282,1.0502807,12,1388
da02,1706846291398772,7.0636783,0.822275,1.0518042,8,1389
da02,1706846291498641,7.0569053,0.8208878,1.0520519,8,1390
da02,1706846291598662,7.0658584,0.82633466,1.0596071,10,1391
da02,1706846291698645,7.0659723,0.83669436,1.0626397,10,1392
da02,1706846291798667,7.066895,0.83582944,1.0796316,8,1393
da02,1706846291898682,7.0754046,0.8301397,1.0724097,11,1394
da02,1706846291998635,7.0694108,0.83312005,1.0774283,8,1395
da02,1706846292098648,7.0719724,0.82198542,1.0827624,9,1396
da02,1706846292198661,7.0605016,0.81871367,1.0817031,7,1397
da02,1706846292298964,7.0601735,0.82278609,1.0744475,9,1398
da02,1706846292398616,7.0699353,0.8218087,1.0753709,10,1399
da02,1706846292498598,7.0672336,0.82619196,1.0738509,9,1400
da02,1706846292598658,7.0707231,0.81868273,1.0742611,9,1401
da02,1706846292698650,7.0713396,0.81375712,1.0879098,8,1402
da02,1706846292798605,7.0786333,0.820343,1.0769844,11,1403
da02,1706846292898624,7.0802751,0.82445484,1.071965,10,1404
da02,1706846292998606,7.0726032,0.83376294,1.0699277,9,1405
da02,1706846293098673,7.0745077,0.84005392,1.0725826,10,1406
da02,1706846293198592,7.0771222,0.83915395,1.083842,9,1407
da02,1706846293298666,7.0829377,0.84044379,1.0818578,10,1408
da02,1706846293398620,7.0796409,0.84091586,1.0833563,9,1409
da02,1706846293498623,7.076766,0.8417995,1.0682883,10,1410
da02,1706846293598664,7.0650821,0.84154183,1.0616686,9,1411
da02,1706846293698667,7.0804815,0.83933818,1.0652894,11,1412
da02,1706846293798622,7.07675,0.83452952,1.0618274,10,1413
da02,1706846293898630,7.0808506,0.8298524,1.0647697,10,1414
da02,1706846293998615,7.0898743,0.83496821,1.0771935,10,1415
da02,1706846294098632,7.0852818,0.83308154,1.07981,9,1416
da02,1706846294198616,7.084496,0.83368808,1.0678546,11,1417
da02,1706846294298630,7.0843163,0.8325718,1.0671287,10,1418
da02,1706846294398650,7.0718055,0.84121889,1.0741489,8,1419
da02,1706846294498716,7.0771928,0.82923472,1.0798156,9,1420
da02,1706846294598757,7.0654278,0.83198351,1.0855304,8,1421
da02,1706846294698682,7.0599775,0.8374688,1.0862147,8,1422
da02,1706846294798665,7.0688224,0.84470963,1.0895802,10,1423
da02,1706846294898675,7.064949,0.83808041,1.0895331,8,1424
da02,1706846294998636,7.0596352,0.84095806,1.0850364,9,1425
da02,1706846295098639,7.0465512,0.84180987,1.0913771,8,1426
da02,1706846295198629,7.0550947,0.83826953,1.086096,10,1427
da02,1706846295298676,7.0666089,0.82859844,1.0762175,11,1428
da02,1706846295398643,7.0766263,0.82993472,1.0761919,11,1429
da02,1706846295498628,7.0764928,0.82932353,1.078776,9,1430
da02,1706846295598658,7.0818396,0.82145351,1.0833614,10,1431
da02,1706846295698654,7.0941,0.83331877,1.0729257,12,1432
da02,1706846295798635,7.0905519,0.82104361,1.0677215,10,1433
da02,1706846295900218,7.0943909,0.81344515,1.0614902,11,1434
da02,1706846295998681,7.0741906,0.81751388,1.0657042,8,1435
da02,1706846296098694,7.0665665,0.82553315,1.0671648,9,1436
da02,1706846296198624,7.06816,0.82789,1.0702702,9,1437
da02,1706846296298662,7.0780573,0.838058,1.0643871,12,1438
da02,1706846296398638,7.0824432,0.84298307,1.0648584,11,1439
da02,1706846296498697,7.0800185,0.84439522,1.0620579,10,0
da02,1706846296598588,7.0856409,0.836215,1.0565159,11,1
da02,1706846296698593,7.076035,0.83206683,1.0639806,8,2
da02,1706846296798596,7.0753045,0.82941282,1.0705891,9,3
da02,1706846296898634,7.0781989,0.82747364,1.0747052,10,4
da02,1706846296998692,7.0876403,0.829152,1.0707552,11,5
da02,1706846297098644,7.083281,0.82459623,1.0762893,9,6
da02,1706846297198650,7.0775409,0.83232015,1.0846885,8,7
da02,1706846297298690,7.0820765,0.83760136,1.0759295,11,8
da02,1706846297398672,7.0783863,0.82951021,1.0660343,10,9
da02,1706846297498638,7.0689926,0.82959241,1.0825381,8,10
da02,1706846297598669,7.0854259,0.82748151,1.0707846,12,11
da02,1706846297698748,7.0776491,0.83375025,1.0756125,9,12
da02,1706846297798700,7.0702863,0.83884352,1.0746732,9,13
da02,1706846297898721,7.0637107,0.83705747,1.0724279,9,14
da02,1706846297998686,7.0667276,0.84034842,1.0664102,10,15
da02,1706846298098862,7.0729127,0.83683223,1.0678704,10,16
da02,1706846298198716,7.06931,0.8464691,1.0636098,10,17
da02,1706846298299329,7.0725918,0.83800793,1.0690339,9,18
da02,1706846298398697,7.0638161,0.81798238,1.0756665,7,19
da02,1706846298498629,7.0726085,0.82270586,1.0739443,11,20
da02,1706846298598660,7.06679,0.81263649,1.0639836,9,21
da02,1706846298698726,7.0645723,0.81412381,1.058686,9,22
da02,1706846298798658,7.05217,0.81991571,1.0615661,7,23
da02,1706846298898666,7.0639462,0.81967723,1.0619327,11,24
da02,1706846298998700,7.0623093,0.8271479,1.07107,8,25
da02,1706846299098776,7.0656967,0.83176053,1.0688107,10,26
da02,1706846299198680,7.0702796,0.82661951,1.0702018,10,27
da02,1706846299298710,7.0615859,0.81772584,1.070285,8,28
da02,1706846299398686,7.0747628,0.82449061,1.0633429,12,29
da02,1706846299498744,7.073875,0.82743037,1.0777658,8,30
da02,1706846299598682,7.0894041,0.82996297,1.0696797,12,31
da02,1706846299698728,7.0900106,0.82343543,1.0685538,10,32
da02,1706846299798687,7.0720291,0.82611507,1.0748684,8,33
da02,1706846299899292,7.0737753,0.82794923,1.0806128,9,34
da02,1706846299998750,7.0808678,0.82948828,1.0722001,11,35
da02,1706846300099242,7.0716825,0.8243677,1.0878015,7,36
da02,1706846300198693,7.0628605,0.825789,1.0839138,8,37
da02,1706846300298804,7.0777802,0.82195181,1.0729221,12,38
da02,1706846300398708,7.068891,0.82808948,1.0749667,8,39
da02,1706846300498711,7.0553083,0.83705395,1.0798303,8,40
da02,1706846300598854,7.0638409,0.84027958,1.0863099,9,41
da02,1706846300698713,7.0642505,0.83632696,1.0817313,9,42
da02,1706846300798719,7.0695057,0.83535922,1.0713893,11,43
da02,1706846300898746,7.0664458,0.84123975,1.0674989,9,44
da02,1706846300998709,7.057127,0.83125931,1.0796088,7,45
da02,1706846301098763,7.0605187,0.81944734,1.0770603,9,46
da02,1706846301198767,7.0652514,0.81623024,1.0800982,9,47
da02,1706846301298734,7.0676174,0.81604272,1.0833689,9,48
da02,1706846301398781,7.0720439,0.81896138,1.0798135,10,49
da02,1706846301498810,7.0700116,0.82068914,1.0796006,9,50
da02,1706846301598759,7.0648561,0.83424032,1.0805999,9,51
da02,1706846301698758,7.0784364,0.83238238,1.0731504,12,52
da02,1706846301798839,7.0809455,0.82707781,1.0807525,9,53
da02,1706846301898723,7.0644774,0.82845545,1.0853753,8,54
da02,1706846301998724,7.0637035,0.81956172,1.0826397,9,55
da02,1706846302098874,7.0626106,0.82112247,1.082008,9,56
da02,1706846302198727,7.0682149,0.82735807,1.0689052,11,57
da02,1706846302298747,7.0716996,0.82932091,1.0672288,10,58
da02,1706846302398848,7.0786762,0.82229549,1.0572611,11,59
da02,1706846302498743,7.0867624,0.830914,1.0522084,12,60
da02,1706846302598758,7.0826445,0.82598317,1.0510323,10,61
da02,1706846302698808,7.0806041,0.82785255,1.05922,9,62
da02,1706846302798721,7.0896072,0.81933564,1.0559849,11,63
da02,1706846302899014,7.0821109,0.81646818,1.0605923,9,64
da02,1706846302998791,7.0883789,0.81185406,1.0654079,10,65
da02,1706846303098734,7.0728974,0.82761741,1.0638202,8,66
da02,1706846303198772,7.0744052,0.8313303,1.0692632,9,67
da02,1706846303298829,7.0633368,0.83355522,1.077616,8,68
da02,1706846303398759,7.0696006,0.8325206,1.0703983,10,69
da02,1706846303498763,7.0631347,0.83570874,1.0665193,9,70
da02,1706846303598874,7.0626421,0.82837307,1.0695421,9,71
da02,1706846303698789,7.0652957,0.82440168,1.0740447,9,72
da02,1706846303798772,7.0507855,0.82621682,1.0629933,8,73
da02,1706846303898870,7.0648675,0.82142603,1.0641347,11,74
da02,1706846303998785,7.0668359,0.82719928,1.0535951,11,75
da02,1706846304098734,7.0752153,0.8326245,1.0557553,11,76
da02,1706846304198759,7.2359843,0.67895365,1.3614759,72,77
da02,1706846304298712,7.1921029,0.72205937,1.2867843,9,78
da02,1706846304398736,7.1568923,0.7543956,1.2275485,9,79
da02,1706846304498761,7.119422,0.7813462,1.1997768,8,80
da02,1706846304598744,7.1121798,0.78282332,1.1712396,9,81
da02,1706846304698711,7.0880122,0.78854179,1.1510788,7,82
da02,1706846304798799,7.0777807,0.79857588,1.1318251,8,83
da02,1706846304898704,7.06023,0.80451614,1.1132001,7,84
da02,1706846304998735,7.0519981,0.80977911,1.0994076,8,85
da02,1706846305098877,7.0424061,0.81259239,1.0858281,8,86
da02,1706846305198732,7.0481696,0.81562817,1.07381,10,87
da02,1706846305298802,7.0574942,0.81640971,1.0719296,10,88
da02,1706846305398734,7.0651784,0.82186818,1.0706341,10,89
da02,1706846305498730,7.0648079,0.8262251,1.0738076,9,90
da02,1706846305598764,7.0741777,0.823642,1.0769947,10,91
da02,1706846305698737,7.0777817,0.82169211,1.0726409,10,92
da02,1706846305798780,7.068131,0.826495,1.0643411,9,93
da02,1706846305898770,7.0637131,0.8218565,1.059875,9,94
da02,1706846305998772,7.0538116,0.82571626,1.0656509,8,95
da02,1706846306098763,7.0573978,0.83139163,1.0667242,9,96
da02,1706846306198820,7.0465746,0.82308078,1.074747,7,97
da02,1706846306298790,7.0562129,0.82762671,1.07065,10,98
da02,1706846306398774,7.0536513,0.8215127,1.0721152,8,99
da02,1706846306498725,7.0669103,0.82579768,1.0659235,11,100
da02,1706846306598840,7.0768919,0.82680959,1.056798,12,101
da02,1706846306698717,7.0778322,0.82813871,1.0605227,10,102
da02,1706846306798734,7.0754662,0.829889,1.0579952,10,103
da02,1706846306898748,7.06995,0.82584417,1.0654868,8,104
da02,1706846306998731,7.0608563,0.8231684,1.0636569,8,105
da02,1706846307098790,7.0612493,0.82194352,1.0733075,8,106
da02,1706846307198750,7.0727439,0.81370634,1.0780256,10,107
da02,1706846307298762,7.0646124,0.80580497,1.0751723,8,108
da02,1706846307398730,7.0533829,0.811423,1.0767018,7,109
da02,1706846307498760,7.0664778,0.808481,1.0689077,11,110
da02,1706846307598756,7.0479307,0.814482,1.0704408,8,111
da02,1706846307698729,7.0545945,0.81813288,1.0696238,10,112
da02,1706846307798733,7.0507183,0.826019,1.0666001,9,113
da02,1706846307898772,7.0506153,0.82253981,1.0770862,8,114
da02,1706846307998811,7.062346,0.82423753,1.0770169,10,115
da02,1706846308098897,7.058012,0.83358306,1.0740093,9,116
da02,1706846308198836,7.0550971,0.843555,1.0739329,9,117
da02,1706846308298789,7.0569515,0.83726925,1.0734252,9,118
da02,1706846308399412,7.0574741,0.83887595,1.0765579,9,119
da02,1706846308498840,7.0552211,0.83825415,1.0701195,9,120
da02,1706846308598811,7.0513411,0.83211386,1.0678799,8,121
da02,1706846308698734,7.0514741,0.827938,1.0642755,9,122
da02,1706846308798805,7.0549521,0.82825905,1.0580007,10,123
da02,1706846308898830,7.0563655,0.83177036,1.0622368,9,124
da02,1706846308998798,7.0679188,0.8233133,1.0669084,10,125
da02,1706846309098802,7.0620084,0.82089877,1.0689657,8,126
da02,1706846309198838,7.0700703,0.82596874,1.073343,10,127
da02,1706846309299378,7.0706663,0.83609825,1.0699069,10,128
da02,1706846309398814,7.070179,0.83019638,1.0708145,9,129
da02,1706846309498766,7.0785794,0.82512051,1.0792319,10,130
da02,1706846309598872,7.066205,0.82148576,1.0739135,8,131
da02,1706846309698812,7.0528522,0.83581638,1.0791481,8,132
da02,1706846309798826,7.0561886,0.84485292,1.0852998,9,133
da02,1706846309898790,7.0524731,0.83556181,1.0799602,8,134
da02,1706846309998765,7.0618591,0.83022094,1.0834785,9,135
da02,1706846310098809,7.066576,0.8295778,1.0801721,10,136
da02,1706846310198773,7.0828261,0.82819575,1.070663,12,137
da02,1706846310298858,7.0711632,0.83097321,1.064196,9,138
da02,1706846310398806,7.06925,0.83526343,1.0735257,9,139
da02,1706846310498764,7.0824518,0.835754,1.0710254,11,140
da02,1706846310598810,7.0760579,0.82389337,1.071822,9,141
da02,1706846310698764,7.0793858,0.83383507,1.0700313,10,142
da02,1706846310798763,7.0696659,0.83964866,1.0686913,9,143
da02,1706846310898770,7.0726943,0.8418203,1.0795661,9,144
da02,1706846310998817,7.0736265,0.83377558,1.0760945,10,145
da02,1706846311098889,7.0762086,0.82698482,1.0828832,9,146
da02,1706846311198821,7.0765939,0.82563788,1.0806948,10,147
da02,1706846311300365,7.0800052,0.82171619,1.0723443,10,148
da02,1706846311398815,7.0793934,0.82510638,1.0663037,10,149
da02,1706846311498801,7.0872025,0.80971026,1.0731869,10,150
da02,1706846311598810,7.2133365,0.81667209,1.0590962,67,151
da02,1706846311698807,7.1650167,0.81396544,1.0628608,7,152
da02,1706846311798801,7.1424918,0.81211668,1.0659448,9,153
da02,1706846311898790,7.1152592,0.81280595,1.0753973,7,154
da02,1706846311998829,7.1087017,0.80682021,1.069366,10,155
da02,1706846312098738,7.1042132,0.82057327,1.080649,9,156
da02,1706846312198865,7.0979462,0.82269371,1.0807884,9,157
da02,1706846312298829,7.0897393,0.82876444,1.0756152,10,158
da02,1706846312398841,7.0871305,0.82546043,1.0797247,9,159
da02,1706846312498763,7.0835886,0.82789743,1.0721167,10,160
da02,1706846312598832,7.0910983,0.81670725,1.0700469,11,161
da02,1706846312698767,7.0890055,0.81119585,1.0724592,9,162
da02,1706846312798797,7.0793891,0.80920643,1.0731783,8,163
da02,1706846312898797,7.0730853,0.8222729,1.0781611,9,164
da02,1706846312998772,7.0722694,0.82617068,1.0802157,9,165
da02,1706846313098796,7.0556297,0.83115435,1.0790709,8,166
da02,1706846313198791,7.0618715,0.83258253,1.0700262,10,167
da02,1706846313298746,7.0674028,0.82844424,1.06015,11,168
da02,1706846313399169,7.0681067,0.8252539,1.0573388,10,169
da02,1706846313498849,7.0612121,0.83314395,1.0667925,8,170
da02,1706846313598822,7.0511866,0.83165425,1.0600702,8,171
da02,1706846313698800,7.0597262,0.83069885,1.0585598,10,172
da02,1706846313798849,7.0588007,0.8335833,1.062945,9,173
da02,1706846313898807,7.0743546,0.82474273,1.0663854,11,174
da02,1706846313998856,7.0679007,0.82644641,1.0735177,8,175
da02,1706846314098862,7.0623808,0.82287288,1.0749704,8,176
da02,1706846314198803,7.0590649,0.81614435,1.065767,9,177
da02,1706846314298816,7.0545216,0.82075763,1.0674528,8,178
da02,1706846314398813,7.0681143,0.81019759,1.0740038,10,179
da02,1706846314498792,7.072423,0.81343561,1.0762156,10,180
da02,1706846314598820,7.0775509,0.81739205,1.0766352,10,181
da02,1706846314698805,7.0781894,0.8288613,1.0817963,9,182
da02,1706846314798831,7.0780611,0.82816529,1.0802382,10,183
da02,1706846314898803,7.0763416,0.83366215,1.0725465,10,184
da02,1706846314998867,7.073626,0.83136386,1.0714087,9,185
da02,1706846315098808,7.0657578,0.83626485,1.0742031,8,186
da02,1706846315198820,7.0721674,0.83261651,1.0809313,9,187
da02,1706846315298805,7.0651226,0.832358,1.0809193,8,188
da02,1706846315398839,7.0625381,0.82967788,1.0692966,10,189
da02,1706846315498809,7.0735545,0.83072472,1.0747874,10,190
da02,1706846315598892,7.0612288,0.83012938,1.0761062,8,191
da02,1706846315698814,7.0740924,0.83296114,1.0776262,11,192
da02,1706846315798848,7.0748982,0.8368293,1.0789385,10,193
da02,1706846315898817,7.0649042,0.83436471,1.0796592,8,194
da02,1706846315998832,7.059639,0.83590561,1.0806968,8,195
da02,1706846316098812,7.0635839,0.84506255,1.0744737,10,196
da02,1706846316198837,7.0689707,0.84294009,1.077657,10,197
da02,1706846316298900,7.07464,0.83656019,1.0718166,10,198
da02,1706846316398893,7.0729237,0.84506494,1.0770328,9,199
da02,1706846316498864,7.0725818,0.84070534,1.0721128,10,200
da02,1706846316598893,7.0855494,0.85141438,1.0686058,12,201
da02,1706846316698810,7.0836244,0.84289539,1.0620772,10,202
da02,1706846316798828,7.0805888,0.84019822,1.0612552,10,203
da02,1706846316898824,7.0642366,0.83611119,1.0624082,7,204
da02,1706846316998860,7.0759487,0.71975613,1.0422214,70,205
da02,1706846317098958,7.0939717,0.7506749,1.0529037,12,206
da02,1706846317198858,7.0890293,0.77357078,1.0689703,9,207
da02,1706846317298809,7.0830154,0.79412019,1.0712892,9,208
da02,1706846317398835,7.0729594,0.79828584,1.0670644,9,209
da02,1706846317498820,7.0649786,0.80512428,1.0677028,8,210
da02,1706846317598870,7.0720148,0.80894274,1.0657543,10,211
da02,1706846317698829,7.0744491,0.81766516,1.080802,9,212
da02,1706846317798846,7.0766187,0.83068353,1.0725778,11,213
da02,1706846317898836,7.0704193,0.826798,1.0791737,8,214
da02,1706846317998862,7.067656,0.82541025,1.0828451,8,215
da02,1706846318098836,7.0667934,0.82104111,1.0804504,9,216
da02,1706846318198860,7.0767236,0.82764608,1.0766807,11,217
da02,1706846318298843,7.0586166,0.83040392,1.0746409,8,218
da02,1706846318398880,7.0691957,0.82607055,1.0686667,11,219
da02,1706846318498808,7.0836334,0.82212085,1.0725232,11,220
da02,1706846318598918,7.0707889,0.81629264,1.062719,9,221
da02,1706846318698797,7.059094,0.82269406,1.0643433,8,222
da02,1706846318798818,7.0643754,0.8317523,1.0683944,10,223
da02,1706846318898905,7.0605068,0.82610315,1.0732248,8,224
da02,1706846318998842,7.07815,0.82774794,1.0812663,11,225
da02,1706846319098832,7.068902,0.82500935,1.073853,9,226
da02,1706846319198838,7.0761323,0.82281643,1.0622157,11,227
da02,1706846319298876,7.0827069,0.81546694,1.0741034,9,228
da02,1706846319398874,7.0719476,0.81505579,1.0670838,9,229
da02,1706846319498940,7.0713873,0.823019,1.0688466,9,230
da02,1706846319598820,7.0672131,0.82484478,1.0685202,9,231
da02,1706846319698830,7.063725,0.82438529,1.0627283,9,232
da02,1706846319798800,7.0706787,0.82373983,1.0647508,10,233
da02,1706846319898829,7.0805187,0.82220453,1.0648414,11,234
da02,1706846319998812,7.0725589,0.82238811,1.0602583,9,235
da02,1706846320098899,7.0723863,0.81804246,1.065325,9,236
da02,1706846320198839,7.0724936,0.82457185,1.062042,10,237
da02,1706846320299389,7.073669,0.83279949,1.0641975,10,238
da02,1706846320398828,7.0762143,0.83078533,1.0640273,10,239
da02,1706846320498824,7.0636973,0.82421517,1.0635074,8,240
da02,1706846320598891,7.0713749,0.82739353,1.0613142,11,241
da02,1706846320698864,7.0657258,0.82509738,1.0648311,8,242
da02,1706846320798842,7.0690894,0.82611161,1.0651377,10,243
da02,1706846320898830,7.0638847,0.831966,1.0702503,8,244
da02,1706846320998829,7.06044,0.83151126,1.0736609,8,245
da02,1706846321098849,7.0560346,0.84836948,1.0697013,9,246
da02,1706846321198870,7.0417042,0.8395251,1.0741328,8,247
da02,1706846321298868,7.0292768,0.84329104,1.0838721,8,248
da02,1706846321398870,7.0450611,0.82442045,1.0764848,10,249
da02,1706846321498840,7.0517473,0.81955409,1.081283,9,250
da02,1706846321598890,7.0644555,0.81646049,1.0705879,11,251
da02,1706846321698834,7.0684872,0.82149541,1.0712283,10,252
da02,1706846321798882,7.0670042,0.81958282,1.0748307,9,253
da02,1706846321898872,7.0665989,0.82189965,1.0772738,9,254
da02,1706846321998868,7.0697985,0.82035094,1.0734,10,255
da02,1706846322098823,7.0686412,0.82592893,1.0659229,10,256
da02,1706846322198850,7.0605249,0.83031577,1.0686,8,257
da02,1706846322298855,7.0709472,0.82783,1.0734468,10,258
da02,1706846322398879,7.0683551,0.83152115,1.0662409,10,259
da02,1706846322498842,7.0641637,0.83194667,1.0682659,9,260
da02,1706846322598874,7.0736771,0.8313663,1.0625819,11,261
da02,1706846322698829,7.0574532,0.83325106,1.0599511,8,262
da02,1706846322798871,7.05348,0.84662479,1.0648395,9,263
da02,1706846322898843,7.0577545,0.83324152,1.0628937,9,264
da02,1706846322998920,7.0558438,0.8324948,1.0643464,9,265
da02,1706846323099059,7.0729403,0.81643909,1.0750321,10,266
da02,1706846323198881,7.0830736,0.81150693,1.0694966,11,267
da02,1706846323298862,7.0831409,0.82264078,1.0705588,10,268
da02,1706846323398838,7.0824537,0.82833987,1.0757368,9,269
da02,1706846323498833,7.0896449,0.83087611,1.0759311,11,270
da02,1706846323598879,7.0812421,0.83255219,1.0832155,8,271
da02,1706846323698876,7.0754704,0.82565808,1.0758365,9,272
da02,1706846323798885,7.0634785,0.82218587,1.0855272,7,273
da02,1706846323898860,7.0582428,0.82273829,1.0750188,9,274
da02,1706846323998908,7.0638323,0.8262341,1.0707659,10,275
da02,1706846324098915,7.0649843,0.82734048,1.0653182,10,276
da02,1706846324198896,7.0678258,0.82403797,1.0657606,10,277
da02,1706846324298876,7.0671606,0.82859451,1.0715694,9,278
da02,1706846324398842,7.0693393,0.83167183,1.0764058,9,279
da02,1706846324498868,7.0600266,0.82679552,1.0704489,8,280
da02,1706846324598928,7.0662308,0.83370358,1.0761216,10,281
da02,1706846324698890,7.0601621,0.84032834,1.0708753,9,282
da02,1706846324798882,7.0503578,0.841387,1.0798138,8,283
da02,1706846324898914,7.0606074,0.83987707,1.0748631,10,284
da02,1706846324999061,7.0545363,0.83851278,1.0783775,8,285
da02,1706846325099000,7.0633712,0.83698004,1.0723764,10,286
da02,1706846325198850,7.0593181,0.83378452,1.0724382,8,287
da02,1706846325298891,7.0647864,0.82437718,1.0732017,9,288
da02,1706846325398890,7.0637355,0.828832,1.0774385,9,289
da02,1706846325498870,7.0670466,0.83933681,1.0768752,10,290
da02,1706846325598859,7.06303,0.84469038,1.0632806,10,291
da02,1706846325698840,7.0612736,0.84404993,1.0702884,9,292
da02,1706846325798888,7.0539117,0.84053391,1.0710791,8,293
da02,1706846325898897,7.053051,0.83233309,1.072494,8,294
da02,1706846325998866,7.0683546,0.83199066,1.0790255,10,295
da02,1706846326098990,7.0729103,0.83501947,1.0790617,10,296
da02,1706846326198851,7.069901,0.83234078,1.0803732,9,297
da02,1706846326298888,7.0591664,0.83615512,1.0880497,8,298
da02,1706846326398844,7.0553355,0.83724844,1.0869898,8,299
da02,1706846326498843,7.0486684,0.83725095,1.0894938,8,300
da02,1706846326598855,7.0530105,0.82505,1.0850989,9,301
da02,1706846326700454,7.0435934,0.8214168,1.0754364,8,302
da02,1706846326798911,7.03601,0.8280015,1.0738195,8,303
da02,1706846326898914,7.044878,0.82902777,1.0700619,10,304
da02,1706846326998877,7.0397396,0.82773668,1.0722011,8,305
da02,1706846327098926,7.0507574,0.826964,1.0738133,10,306
da02,1706846327198910,7.0675731,0.82054269,1.0686675,11,307
da02,1706846327298890,7.0739064,0.82386667,1.0675526,10,308
da02,1706846327398866,7.0699325,0.82139081,1.0647887,9,309
da02,1706846327498858,7.0795035,0.82415485,1.0686718,11,310
da02,1706846327598912,7.0641,0.82895368,1.0680695,8,311
da02,1706846327698860,7.0689368,0.83119828,1.0794051,9,312
da02,1706846327798888,7.0695338,0.83363241,1.0787674,9,313
da02,1706846327898903,7.0649734,0.83803457,1.0753303,9,314
da02,1706846327998908,7.0608635,0.83650309,1.0688386,9,315
da02,1706846328098849,7.0708685,0.828348,1.0749345,10,316
da02,1706846328198889,7.0615673,0.82387388,1.0779773,8,317
da02,1706846328298860,7.0591593,0.82058537,1.0790693,8,318
da02,1706846328398907,7.0531158,0.82108939,1.0755997,8,319
da02,1706846328498884,7.0572824,0.82646042,1.071075,10,320
da02,1706846328598915,7.0508294,0.83290058,1.0773222,8,321
da02,1706846328698880,7.0590124,0.83540988,1.0677553,11,322
da02,1706846328798873,7.0576525,0.82775956,1.0683104,9,323
da02,1706846328898869,7.0547104,0.82158607,1.0779538,8,324
da02,1706846328999127,7.0441027,0.8206085,1.0797331,7,325
da02,1706846329098971,7.054359,0.82577246,1.0743897,10,326
da02,1706846329198950,7.0514984,0.81858647,1.0835103,7,327
da02,1706846329298953,7.0433955,0.82997966,1.0821054,8,328
da02,1706846329398968,7.0420384,0.82748616,1.0686142,9,329
da02,1706846329498885,7.0357308,0.8250767,1.0686151,7,330
da02,1706846329598910,7.0381646,0.8274737,1.0692931,9,331
da02,1706846329698900,7.0417027,0.81768423,1.0670346,9,332
da02,1706846329798892,7.0398993,0.82671082,1.0729424,8,333
da02,1706846329898890,7.0505648,0.82208496,1.0718985,10,334
da02,1706846329998911,7.0462313,0.82592088,1.0740609,8,335
da02,1706846330098908,7.040349,0.82690382,1.0745157,8,336
da02,1706846330198929,7.0429249,0.84296715,1.0793846,9,337
da02,1706846330298926,7.0503788,0.84335512,1.0650325,11,338
da02,1706846330398924,7.0461669,0.8363362,1.0595315,9,339
da02,1706846330510629,7.0482688,0.83590281,1.0694978,8,340
da02,1706846330598934,7.0613885,0.83241266,1.0692878,10,341
da02,1706846330698877,7.0598593,0.82290858,1.0660353,9,342
da02,1706846330798928,7.0582333,0.82175058,1.0680796,9,343
da02,1706846330898906,7.05086,0.82453483,1.071134,8,344
da02,1706846330998920,7.0452585,0.83005011,1.0669177,8,345
da02,1706846331098949,7.0614543,0.82579738,1.0698862,11,346
da02,1706846331198891,7.0570431,0.82954776,1.0657703,9,347
da02,1706846331299494,7.0606685,0.8291024,1.059888,10,348
da02,1706846331398944,7.0695915,0.82393038,1.0612885,10,349
da02,1706846331498954,7.0827994,0.82051182,1.0634762,11,350
da02,1706846331598916,7.086576,0.81259817,1.074973,9,351
da02,1706846331698902,7.0812306,0.81903982,1.0629648,10,352
da02,1706846331798878,7.0761776,0.81811529,1.0675839,9,353
da02,1706846331898885,7.0700669,0.8196528,1.0685511,9,354
da02,1706846331998885,7.0716195,0.81939381,1.0685397,10,355
da02,1706846332098996,7.0636239,0.819064,1.0708419,8,356
da02,1706846332198930,7.0698705,0.81828761,1.0642555,10,357
da02,1706846332298917,7.0566115,0.81708765,1.0611982,8,358
da02,1706846332398887,7.0461712,0.82434148,1.0679991,8,359
da02,1706846332498908,7.0467982,0.82399082,1.0626265,9,360
da02,1706846332598937,7.0541234,0.82373071,1.0720359,9,361
da02,1706846332698917,7.0541716,0.8310048,1.068946,9,362
da02,1706846332798883,7.0578184,0.82073784,1.0835066,8,363
da02,1706846332898902,7.0659409,0.81461525,1.0847282,9,364
da02,1706846332998882,7.0742407,0.81566548,1.0868654,10,365
da02,1706846333098912,7.0773869,0.81944937,1.0800635,10,366
da02,1706846333198900,7.0928254,0.8198204,1.0799669,12,367
da02,1706846333298910,7.0828981,0.82285941,1.0720267,9,368
da02,1706846333398934,7.0796866,0.82334554,1.063179,10,369
da02,1706846333498898,7.0840526,0.83157152,1.0650014,11,370
da02,1706846333598962,7.0724568,0.83424258,1.0613567,9,371
da02,1706846333698924,7.0640864,0.84029484,1.0649463,8,372
da02,1706846333798923,7.0624905,0.83588165,1.0787374,8,373
da02,1706846333898956,7.0647931,0.83157545,1.0726796,10,374
da02,1706846333998960,7.06167,0.82074255,1.0733534,8,375
da02,1706846334099027,7.0760717,0.70075881,1.0480114,70,376
da02,1706846334199076,7.0696039,0.73096144,1.0449027,9,377
da02,1706846334298914,7.0697856,0.74984664,1.0527585,9,378
da02,1706846334398909,7.0708895,0.77294958,1.0688614,9,379
da02,1706846334498922,7.0623384,0.78274059,1.0682797,8,380
da02,1706846334598947,7.0570312,0.79234457,1.0682561,8,381
da02,1706846334698912,7.0583858,0.80001014,1.0657386,9,382
da02,1706846334798888,7.042995,0.80920708,1.075753,8,383
da02,1706846334898917,7.0386553,0.81588256,1.074798,8,384
da02,1706846334998961,7.0503654,0.81432354,1.0795276,9,385
da02,1706846335099057,7.0511079,0.81537211,1.0706306,9,386
da02,1706846335198908,7.0546107,0.82327324,1.0679967,10,387
da02,1706846335298918,7.061996,0.81918037,1.0616963,10,388
da02,1706846335398896,7.0596857,0.82797235,1.0601461,9,389
da02,1706846335498964,7.0649691,0.82679945,1.0585349,10,390
da02,1706846335598946,7.0692611,0.82897651,1.0518982,11,391
da02,1706846335699104,7.0687337,0.82407576,1.0634837,9,392
da02,1706846335799007,7.05232,0.82359111,1.0660589,8,393
da02,1706846335898932,7.04874,0.82373923,1.0644984,8,394
da02,1706846335999992,7.0539093,0.83399254,1.0684024,9,395
da02,1706846336099001,7.051548,0.82559323,1.0614737,9,396
da02,1706846336198912,7.0549579,0.82862383,1.0717902,9,397
da02,1706846336298924,7.0576239,0.82305294,1.0807934,8,398
da02,1706846336398906,7.0648518,0.82946271,1.0769658,10,399
da02,1706846336498976,7.0604434,0.82700258,1.079318,8,400
da02,1706846336598993,7.0625529,0.821152,1.0733931,9,401
da02,1706846336699018,7.0793548,0.82558209,1.0693653,12,402
da02,1706846336798988,7.0755253,0.82350689,1.0597132,10,403
da02,1706846336899068,7.0871391,0.82924187,1.0538524,12,404
da02,1706846336998953,7.0820127,0.83230883,1.0447565,10,405
da02,1706846337098951,7.0751977,0.83066589,1.0538858,9,406
da02,1706846337198907,7.0633516,0.82152468,1.0524725,8,407
da02,1706846337299002,7.0555544,0.81806141,1.0521492,8,408
da02,1706846337398954,7.0621791,0.82343829,1.0588138,10,409
da02,1706846337499022,7.0439425,0.82642424,1.0646,8,410
da02,1706846337598940,7.0423841,0.83034289,1.0648512,8,411
da02,1706846337698962,7.0412154,0.83328187,1.0650394,8,412
da02,1706846337798929,7.0601625,0.840946,1.0671362,11,413
da02,1706846337898960,7.0638571,0.83243412,1.0578363,10,414
da02,1706846337998975,7.0702171,0.84139645,1.0561277,11,415
da02,1706846338099128,7.0759077,0.83838767,1.0577872,10,416
da02,1706846338198930,7.0736876,0.83453155,1.0613874,9,417
da02,1706846338298949,7.0765839,0.83397686,1.0599065,10,418
da02,1706846338398991,7.0837693,0.83213228,1.0584114,11,419
da02,1706846338498970,7.0864635,0.82992107,1.0639726,10,420
da02,1706846338598972,7.0736146,0.82694268,1.0677159,8,421
da02,1706846338698970,7.0695496,0.83373874,1.071972,9,422
da02,1706846338798926,7.0755229,0.8247686,1.0709771,10,423
da02,1706846338898980,7.0680251,0.82609636,1.0745009,8,424
da02,1706846338998916,7.0475268,0.83137709,1.0788416,8,425
da02,1706846339099049,7.0642543,0.83249122,1.0690385,12,426
da02,1706846339198970,7.0763078,0.83807915,1.0734379,11,427
da02,1706846339299006,7.072906,0.82977676,1.0757806,9,428
da02,1706846339398972,7.0803185,0.8240999,1.0702227,11,429
da02,1706846339498976,7.0764465,0.83428288,1.0691776,10,430
da02,1706846339599070,7.0731182,0.84448642,1.0719112,9,431
da02,1706846339698954,7.06724,0.84874815,1.0736924,9,432
da02,1706846339798930,7.0591407,0.84445232,1.0722861,8,433
da02,1706846339899013,7.0610309,0.84353113,1.0775125,9,434
da02,1706846339998936,7.0597925,0.84206349,1.0805937,9,435
da02,1706846340098961,7.0697222,0.83177906,1.0785714,10,436
da02,1706846340198941,7.0674787,0.83220559,1.0731452,9,437
da02,1706846340299042,7.066978,0.82798004,1.0825255,8,438
da02,1706846340399033,7.0762782,0.81897503,1.0828315,10,439
da02,1706846340499006,7.0916657,0.81647491,1.0799261,12,440
da02,1706846340599048,7.0989523,0.81641591,1.0767542,11,441
da02,1706846340699056,7.0963106,0.81970358,1.0659817,11,442
da02,1706846340798957,7.0833421,0.81366527,1.0782552,7,443
da02,1706846340898974,7.0799289,0.82205027,1.0696473,10,444
da02,1706846340999076,7.0859361,0.820174,1.0673735,11,445
da02,1706846341099175,7.0815849,0.81934357,1.076857,8,446
da02,1706846341199136,7.0767465,0.8236196,1.0732678,9,447
da02,1706846341299291,7.0612869,0.82707566,1.0686998,8,448
da02,1706846341399050,7.0615554,0.82721412,1.0626472,10,449
da02,1706846341499093,7.0748062,0.82709521,1.0599439,11,450
da02,1706846341599079,7.0568333,0.82801843,1.079432,8,451
da02,1706846341698977,7.0569992,0.83231354,1.0800152,9,452
da02,1706846341799004,7.0465903,0.82790339,1.083372,7,453
da02,1706846341899021,7.0507889,0.83532858,1.0734553,10,454
da02,1706846341998988,7.0594645,0.83121228,1.0678881,10,455
da02,1706846342100623,7.0473537,0.82371372,1.069723,7,456
da02,1706846342199058,7.0476007,0.82908279,1.0695157,9,457
da02,1706846342299505,7.0490589,0.82423264,1.0586517,10,458
da02,1706846342398952,7.0576744,0.82880884,1.0651078,10,459
da02,1706846342498974,7.0611267,0.8296333,1.0635282,10,460
da02,1706846342599108,7.0491233,0.83639729,1.0656319,8,461
da02,1706846342698980,7.0582891,0.82635391,1.0678201,10,462
da02,1706846342798954,7.0749121,0.8339029,1.0706909,11,463
da02,1706846342899077,7.0820136,0.83798838,1.0748364,10,464
da02,1706846342998968,7.079751,0.83725929,1.0722337,10,465
da02,1706846343098988,7.0798693,0.84173161,1.0588021,11,466
da02,1706846343199062,7.0761094,0.84746981,1.0644153,9,467
da02,1706846343299003,7.0653539,0.84719449,1.0691857,8,468
da02,1706846343399006,7.0712171,0.71579456,1.0510066,70,469
da02,1706846343499141,7.071619,0.74554884,1.0657535,9,470
da02,1706846343599003,7.0719857,0.76566386,1.0684869,9,471
da02,1706846343699012,7.0668044,0.78709894,1.0638254,9,472
da02,1706846343799086,7.0638275,0.79457337,1.0598998,9,473
da02,1706846343899022,7.0633183,0.81170768,1.0665734,9,474
da02,1706846343998984,7.0610323,0.82414883,1.0732075,9,475
da02,1706846344099218,7.0588,0.841719,1.0721996,9,476
da02,1706846344199034,7.0530295,0.84888953,1.0717437,8,477
da02,1706846344299000,7.0506377,0.8503173,1.0606835,10,478
da02,1706846344399038,7.0563836,0.83524466,1.0656517,9,479
da02,1706846344498952,7.0574503,0.83596271,1.0600325,10,480
da02,1706846344599135,7.0764151,0.82581967,1.0657978,11,481
da02,1706846344699027,7.0695429,0.82051903,1.0747215,8,482
da02,1706846344798960,7.0609064,0.82101196,1.0761359,8,483
da02,1706846344899001,7.0482721,0.82615113,1.079144,8,484
da02,1706846344998997,7.0509682,0.8305667,1.0770471,9,485
da02,1706846345098989,7.0515828,0.8263725,1.075983,9,486
da02,1706846345198957,7.0645528,0.83010864,1.0780653,10,487
da02,1706846345299012,7.060194,0.82745945,1.0877556,7,488
da02,1706846345398998,7.0552721,0.83486694,1.0819845,9,489
da02,1706846345499018,7.0506253,0.82915479,1.081916,8,490
da02,1706846345599192,7.0677328,0.82966077,1.0782659,11,491
da02,1706846345699043,7.0758076,0.83775836,1.0829659,10,492
da02,1706846345799380,7.0729909,0.84893876,1.0840696,9,493
da02,1706846345899078,7.0780869,0.836155,1.0838243,10,494
da02,1706846345999152,7.0843592,0.84190643,1.0854355,10,495
da02,1706846346099044,7.078753,0.84497845,1.0849726,9,496
da02,1706846346199006,7.0697112,0.8397665,1.0821805,8,497
da02,1706846346299149,7.0843191,0.8387512,1.0820899,11,498
da02,1706846346399064,7.0926352,0.83611441,1.0769852,11,499
da02,1706846346499087,7.0745368,0.847292,1.0721457,8,500
da02,1706846346598976,7.0664554,0.84712845,1.0705811,9,501
da02,1706846346699090,7.0823178,0.8428266,1.0665358,12,502
da02,1706846346798958,7.0726185,0.84678948,1.0647302,9,503
da02,1706846346899059,7.0738354,0.84503078,1.0609543,10,504
da02,1706846346998976,7.0550728,0.83589882,1.0672171,8,505
da02,1706846347099420,7.0480986,0.83447611,1.0614876,8,506
da02,1706846347199124,7.0524621,0.83085358,1.0627575,9,507
da02,1706846347299113,7.0568976,0.82587242,1.0702909,9,508
da02,1706846347399123,7.0586596,0.82473296,1.0758936,9,509
da02,1706846347499128,7.0654154,0.81996518,1.0611488,11,510
da02,1706846347599067,7.0691957,0.8240999,1.0679417,9,511
da02,1706846347699104,7.0686355,0.82493579,1.0693626,9,512
da02,1706846347799081,7.0670328,0.82778358,1.0714396,9,513
da02,1706846347899046,7.0838547,0.83054674,1.0714207,12,514
da02,1706846347998981,7.074234,0.83272946,1.0679661,9,515
da02,1706846348099075,7.0637636,0.82189286,1.081355,7,516
da02,1706846348199005,7.0664792,0.8225469,1.0812374,9,517
da02,1706846348299004,7.0581312,0.8285023,1.0818022,8,518
da02,1706846348399051,7.069171,0.82766235,1.0723784,11,519
da02,1706846348499062,7.0685072,0.83438486,1.0673007,10,520
da02,1706846348599356,7.0589886,0.83139467,1.0708721,8,521
da02,1706846348699066,7.0641584,0.82182163,1.0744083,9,522
da02,1706846348799134,7.0678411,0.82812762,1.0737782,10,523
da02,1706846348899170,7.0585036,0.82560772,1.0715749,8,524
da02,1706846348999038,7.0607166,0.81931704,1.0737466,9,525
da02,1706846349099093,7.0641661,0.8228786,1.0724645,10,526
da02,1706846349199128,7.071414,0.81997681,1.0761741,10,527
da02,1706846349299057,7.08217,0.823941,1.0670379,12,528
da02,1706846349399084,7.0814223,0.82524431,1.0667928,10,529
da02,1706846349499086,7.0912127,0.82749754,1.0645628,11,530
da02,1706846349599018,7.0820432,0.83041322,1.0698333,9,531
da02,1706846349699098,7.0803266,0.82112515,1.0625936,10,532
da02,1706846349799061,7.091855,0.82966822,1.0602609,12,533
da02,1706846349899072,7.0826435,0.82418364,1.0678802,8,534
da02,1706846349999074,7.0850677,0.81121892,1.0648222,10,535
da02,1706846350099283,7.0788975,0.82237464,1.0646647,9,536
da02,1706846350199068,7.0799661,0.83185226,1.0749186,9,537
da02,1706846350299129,7.0723252,0.841586,1.0690943,9,538
da02,1706846350399072,7.0688696,0.82683063,1.0597737,9,539
da02,1706846350499053,7.0776343,0.82494193,1.0527906,11,540
da02,1706846350599070,7.0617242,0.81834161,1.049123,8,541
da02,1706846350699119,7.0518694,0.82684541,1.0538404,8,542
da02,1706846350799022,7.0561986,0.81423986,1.0635581,8,543
da02,1706846350899052,7.0667949,0.82662958,1.0632927,11,544
da02,1706846350999022,7.0638051,0.8253119,1.0636375,9,545
da02,1706846351099037,7.0604911,0.819816,1.0627779,9,546
da02,1706846351199002,7.0652537,0.8165428,1.0618261,10,547
da02,1706846351299065,7.0629959,0.8195858,1.0680983,9,548
da02,1706846351399213,7.0737309,0.83546424,1.0704299,11,549
da02,1706846351499245,7.0805316,0.82986575,1.0655085,11,550
da02,1706846351599155,7.087781,0.83581293,1.0607511,11,551
da02,1706846351699106,7.0932369,0.83797282,1.064007,11,552
da02,1706846351799190,7.0756416,0.83367664,1.0700589,7,553
da02,1706846351899133,7.0688906,0.83089358,1.0793524,8,554
da02,1706846351999048,7.0623293,0.82811129,1.073817,9,555
da02,1706846352099162,7.0556955,0.83747119,1.0840398,8,556
da02,1706846352199127,7.0591187,0.84426069,1.0868671,9,557
da02,1706846352299361,7.0458212,0.84136593,1.08296,8,558
da02,1706846352399090,7.0600295,0.83169484,1.0715009,11,559
da02,1706846352499089,7.0617881,0.82837015,1.0751051,9,560
da02,1706846352599047,7.0635276,0.82326084,1.0781467,9,561
da02,1706846352699120,7.0819955,0.82869422,1.0717416,12,562
da02,1706846352799073,7.0821085,0.82587254,1.0641543,10,563
da02,1706846352899015,7.0609832,0.83836579,1.067516,8,564
da02,1706846352999146,7.0572124,0.83071327,1.0663277,9,565
da02,1706846353099146,7.0664554,0.83444589,1.071734,10,566
da02,1706846353199027,7.0629454,0.84495276,1.073361,9,567
da02,1706846353299571,7.0584145,0.85139447,1.0682175,9,568
da02,1706846353399000,7.0563369,0.84608257,1.0721363,8,569
da02,1706846353498967,7.0639515,0.84223497,1.0727993,10,570
da02,1706846353599068,7.0578136,0.83953208,1.0789248,8,571
da02,1706846353699034,7.0542622,0.84310341,1.0850768,8,572
da02,1706846353798940,7.0585828,0.8392691,1.0743679,10,573
da02,1706846353899064,7.0671344,0.83900362,1.0759771,10,574
da02,1706846353998980,7.0687132,0.83014715,1.0743823,9,575
da02,1706846354098937,7.0613532,0.8327257,1.0770371,8,576
da02,1706846354198948,7.059649,0.83433431,1.0791891,9,577
da02,1706846354299477,7.0587196,0.83739924,1.0825906,9,578
da02,1706846354398933,7.0746217,0.83059978,1.0832241,11,579
da02,1706846354499068,7.0757275,0.832509,1.0758721,10,580
da02,1706846354599012,7.0603285,0.822857,1.0698731,8,581
da02,1706846354698994,7.0708308,0.822277,1.0668458,11,582
da02,1706846354799112,7.0772405,0.81771117,1.062391,11,583
da02,1706846354899050,7.0826864,0.82256949,1.0564367,11,584
da02,1706846354998950,7.0765719,0.81704652,1.0554061,9,585
da02,1706846355099037,7.0734258,0.818133,1.0609357,9,586
da02,1706846355198980,7.0717897,0.82157993,1.0644697,9,587
da02,1706846355298963,7.0693603,0.82757109,1.0609176,10,588
da02,1706846355399049,7.0743618,0.83541662,1.0690726,10,589
da02,1706846355499038,7.0607677,0.829147,1.0706954,7,590
da02,1706846355598993,7.0624328,0.82084769,1.0727391,9,591
da02,1706846355699058,7.06523,0.81314248,1.0746933,9,592
da02,1706846355798986,7.0818582,0.81247622,1.0692582,12,593
da02,1706846355898997,7.0735459,0.81612796,1.0753078,8,594
da02,1706846355999034,7.0825615,0.82206929,1.0783437,11,595
da02,1706846356099064,7.0821438,0.82125056,1.0718287,10,596
da02,1706846356199015,7.0910215,0.8218689,1.0689321,11,597
da02,1706846356299087,7.0763512,0.81602037,1.0713729,8,598
da02,1706846356399010,7.0663619,0.8195017,1.0753949,8,599
da02,1706846356499146,7.0664654,0.82370108,1.0794759,9,600
da02,1706846356599038,7.0749712,0.82098347,1.0912077,9,601
da02,1706846356699065,7.0733385,0.82340252,1.0806496,10,602
da02,1706846356799048,7.0817642,0.82043761,1.0777279,11,603
da02,1706846356899312,7.0722251,0.82878256,1.0841792,8,604
da02,1706846356999063,7.0755358,0.82627547,1.0797064,10,605
da02,1706846357099092,7.071095,0.82659692,1.0711868,9,606
da02,1706846357199105,7.0734935,0.82570237,1.078174,9,607
da02,1706846357299178,7.0662432,0.81934541,1.0725785,9,608
da02,1706846357399080,7.067853,0.822084,1.0891916,8,609
da02,1706846357500657,7.0603013,0.82814431,1.0912796,8,610
da02,1706846357599066,7.0587869,0.83543128,1.0837498,9,611
da02,1706846357699065,7.0584755,0.83673149,1.0866889,8,612
da02,1706846357799058,7.0468836,0.83423662,1.0831968,7,613
da02,1706846357899071,7.0493455,0.82500517,1.0816405,9,614
da02,1706846357999039,7.0759416,0.82888675,1.0843341,12,615
da02,1706846358099012,7.0805383,0.83084267,1.0845023,10,616
da02,1706846358199013,7.0713744,0.83221227,1.0763698,9,617
da02,1706846358298996,7.061892,0.83013457,1.0801287,8,618
da02,1706846358399046,7.0655289,0.82503694,1.0727417,10,619
da02,1706846358499045,7.0820045,0.82703078,1.0658019,12,620
da02,1706846358599042,7.0668707,0.8225379,1.0617032,8,621
da02,1706846358699036,7.0695972,0.82236028,1.0572525,10,622
da02,1706846358799058,7.065886,0.82320446,1.0632578,9,623
da02,1706846358899010,7.0668955,0.82577705,1.0648793,9,624
da02,1706846358999012,7.066577,0.822048,1.0721688,9,625
da02,1706846359099025,7.0686522,0.81932282,1.0694975,10,626
da02,1706846359199042,7.0644207,0.82058865,1.0661976,9,627
da02,1706846359299131,7.06614,0.82451552,1.0760958,9,628
da02,1706846359399070,7.0672836,0.81325233,1.0778613,9,629
da02,1706846359499008,7.0693955,0.82239717,1.0818672,9,630
da02,1706846359599053,7.0764117,0.82642615,1.0737672,11,631
da02,1706846359699120,7.0659285,0.83330011,1.0741793,8,632
da02,1706846359799090,7.0700555,0.82813114,1.0769609,9,633
da02,1706846359899097,7.0670977,0.82119364,1.0745767,9,634
da02,1706846359999078,7.073226,0.82022536,1.0732812,10,635
da02,1706846360099044,7.0666189,0.82681149,1.0749398,8,636
da02,1706846360199052,7.0698342,0.82294059,1.0675254,10,637
da02,1706846360299057,7.0752139,0.826117,1.0581006,11,638
da02,1706846360399045,7.0776744,0.83102173,1.0585306,10,639
da02,1706846360499057,7.0797381,0.82007241,1.0618066,10,640
da02,1706846360599026,7.0769696,0.81932348,1.0613105,9,641
da02,1706846360699075,7.074429,0.82365781,1.0575397,10,642
da02,1706846360799055,7.0862989,0.83047295,1.0525864,12,643
da02,1706846360899070,7.0863943,0.83279282,1.0550779,10,644
da02,1706846360999076,7.0737247,0.84219491,1.0589024,8,645
da02,1706846361099045,7.0595193,0.8349402,1.0685846,7,646
da02,1706846361199041,7.05699,0.843902,1.0643437,9,647
da02,1706846361299103,7.0686088,0.84325576,1.0693358,10,648
da02,1706846361399026,7.065814,0.84489024,1.0690129,9,649
da02,1706846361499047,7.0599775,0.84077746,1.0781817,8,650
da02,1706846361599159,7.0588794,0.84787124,1.0760984,9,651
da02,1706846361699076,7.0646777,0.84465611,1.0802041,9,652
da02,1706846361799225,7.064404,0.84440988,1.0851589,9,653
da02,1706846361899111,7.0607929,0.84308064,1.0855734,8,654
da02,1706846361999026,7.0668597,0.84257066,1.0863491,10,655
da02,1706846362099126,7.0678859,0.8477397,1.0858382,9,656
da02,1706846362199156,7.0686846,0.84822553,1.091944,9,657
da02,1706846362299062,7.0754223,0.84946209,1.0889448,10,658
da02,1706846362399158,7.063746,0.84534985,1.0829808,8,659
da02,1706846362499069,7.0633578,0.84307027,1.0854532,9,660
da02,1706846362599085,7.0749493,0.84232765,1.0783883,11,661
da02,1706846362699108,7.0879488,0.83774042,1.0695764,12,662
da02,1706846362799078,7.092968,0.84094316,1.0661621,11,663
da02,1706846362899302,7.0820408,0.85063165,1.063285,9,664
da02,1706846362999118,7.0789762,0.84861708,1.061839,10,665
da02,1706846363099055,7.0802488,0.83928394,1.0611959,10,666
da02,1706846363199075,7.0872655,0.837628,1.0584234,11,667
da02,1706846363299103,7.0953217,0.82928872,1.0585234,11,668
da02,1706846363399099,7.091917,0.83755261,1.0540764,11,669
da02,1706846363499062,7.0811267,0.83269584,1.0631994,8,670
da02,1706846363599086,7.0711946,0.82529777,1.0668234,8,671
da02,1706846363699185,7.0728149,0.82549262,1.0690086,10,672
da02,1706846363799128,7.0634112,0.8213582,1.0745808,8,673
da02,1706846363899149,7.0584979,0.8262614,1.0655035,9,674
da02,1706846363999152,7.0572848,0.81977439,1.066273,9,675
da02,1706846364099135,7.0681462,0.82149589,1.0596824,11,676
da02,1706846364199106,7.0763288,0.82054317,1.0540344,11,677
da02,1706846364300184,7.0705075,0.82452148,1.0529373,9,678
da02,1706846364399128,7.0677691,0.82153416,1.0510968,9,679
da02,1706846364499125,7.0554023,0.82133108,1.0606849,7,680
da02,1706846364599194,7.0490689,0.82719731,1.0677369,8,681
da02,1706846364699158,7.0485554,0.82868689,1.069681,8,682
da02,1706846364799108,7.0443926,0.82786548,1.074065,8,683
da02,1706846364899192,7.0408444,0.82989305,1.0732291,8,684
da02,1706846364999147,7.056879,0.83469886,1.0664369,11,685
da02,1706846365099079,7.0562849,0.83579189,1.0750457,8,686
da02,1706846365199130,7.055655,0.82465607,1.0765213,8,687
da02,1706846365299070,7.0520363,0.822635,1.0778755,8,688
da02,1706846365399099,7.0695238,0.82625836,1.0780653,11,689
da02,1706846365499104,7.0680208,0.83172727,1.0839276,9,690
da02,1706846365599086,7.0723519,0.83075362,1.076453,10,691
da02,1706846365699105,7.0923715,0.8406812,1.0730134,13,692
da02,1706846365799101,7.0756721,0.84055179,1.0807357,8,693
da02,1706846365899092,7.0838447,0.83628774,1.0799102,11,694
da02,1706846365999109,7.0886555,0.8188194,1.0777862,10,695
da02,1706846366099073,7.08095,0.81979966,1.0807552,8,696
da02,1706846366199117,7.0890546,0.81630093,1.0707198,11,697
da02,1706846366299104,7.0814791,0.82761067,1.0760256,9,698
da02,1706846366399101,7.0647435,0.83458948,1.0684335,8,699
da02,1706846366499093,7.067977,0.83246142,1.0702162,10,700
da02,1706846366599108,7.0799375,0.8351292,1.0681144,11,701
da02,1706846366699162,7.0804381,0.83853918,1.0639457,10,702
da02,1706846366799111,7.08317,0.83777547,1.0591855,11,703
da02,1706846366899090,7.0798922,0.83330464,1.0683277,9,704
da02,1706846366999108,7.0706019,0.82876873,1.068983,8,705
da02,1706846367099086,7.0773492,0.825522,1.0774341,10,706
da02,1706846367199117,7.0793242,0.82719022,1.0757232,10,707
da02,1706846367299123,7.0780673,0.83213693,1.075044,10,708
da02,1706846367399145,7.0821176,0.83560926,1.0669162,11,709
da02,1706846367499130,7.0878654,0.83671445,1.064749,11,710
da02,1706846367599123,7.0808444,0.8272773,1.0626881,9,711
da02,1706846367699116,7.0657163,0.81739056,1.0717591,7,712
da02,1706846367799115,7.0722628,0.81288236,1.0697663,10,713
da02,1706846367899114,7.0830059,0.803946,1.0690005,11,714
da02,1706846367999124,7.0814281,0.82310045,1.0561407,11,715
da02,1706846368099117,7.0723319,0.83059055,1.0500238,10,716
da02,1706846368199130,7.0660715,0.82672769,1.0587537,8,717
da02,1706846368299118,7.0620275,0.83096522,1.062335,9,718
da02,1706846368399469,7.0647197,0.83419895,1.0673815,9,719
da02,1706846368499262,7.0628781,0.83918095,1.0717213,9,720
da02,1706846368599247,7.0558534,0.83836639,1.0749743,8,721
da02,1706846368699211,7.0771337,0.82690036,1.078864,11,722
da02,1706846368799236,7.0864782,0.82805353,1.0649379,12,723
da02,1706846368899114,7.0858574,0.82498354,1.0638721,10,724
da02,1706846368999128,7.0794663,0.83374768,1.0719379,9,725
da02,1706846369099108,7.071733,0.83328795,1.0662943,9,726
da02,1706846369199085,7.0828452,0.83015263,1.0633749,11,727
da02,1706846369299110,7.0858016,0.82733756,1.0635582,10,728
da02,1706846369399093,7.0761228,0.82767272,1.0661848,8,729
da02,1706846369499078,7.0726461,0.82990271,1.061478,10,730
da02,1706846369599078,7.0623879,0.83325028,1.0693783,8,731
da02,1706846369699140,7.0623837,0.83178151,1.0707257,9,732
da02,1706846369799078,7.0716472,0.82519072,1.0715194,10,733
da02,1706846369899100,7.0855327,0.82037163,1.066782,12,734
da02,1706846369999096,7.0841866,0.8311246,1.0706,10,735
da02,1706846370099079,7.0818243,0.82840359,1.0652498,10,736
da02,1706846370199087,7.0716453,0.8265664,1.0697799,8,737
da02,1706846370299099,7.0672307,0.83763856,1.0649512,10,738
da02,1706846370399100,7.06794,0.83436322,1.0654289,9,739
da02,1706846370499091,7.0714722,0.83339244,1.0756354,9,740
da02,1706846370599130,7.0820508,0.84286159,1.0771525,11,741
da02,1706846370699111,7.0801768,0.83939284,1.0784467,9,742
da02,1706846370799090,7.0891595,0.835852,1.0728444,11,743
da02,1706846370899108,7.078249,0.83213049,1.0866063,7,744
da02,1706846370999110,7.0681186,0.83458966,1.0851587,8,745
da02,1706846371099116,7.0543652,0.83797139,1.0735072,8,746
da02,1706846371199131,7.0517116,0.83970243,1.0802637,8,747
da02,1706846371299116,7.0581,0.84186131,1.0847188,9,748
da02,1706846371399104,7.0504427,0.8354705,1.088735,7,749
da02,1706846371499081,7.0515013,0.83421665,1.0796485,9,750
da02,1706846371599108,7.0577908,0.824725,1.0713447,10,751
da02,1706846371699133,7.0570722,0.81598818,1.0899988,7,752
da02,1706846371799144,7.0522337,0.82245612,1.0915133,8,753
da02,1706846371899084,7.0510454,0.81611592,1.0960535,7,754
da02,1706846371999095,7.0633645,0.82314181,1.0948076,10,755
da02,1706846372099070,7.0665746,0.82313132,1.0885887,10,756
da02,1706846372199087,7.0766582,0.82368821,1.0734433,12,757
da02,1706846372299120,7.0704179,0.82389891,1.0653752,9,758
da02,1706846372399116,7.0634303,0.825034,1.0754535,8,759
da02,1706846372499126,7.0664473,0.83575308,1.0739602,10,760
da02,1706846372599105,7.0608144,0.83582896,1.0760555,8,761
da02,1706846372699177,7.0565453,0.83818996,1.0707622,9,762
da02,1706846372799104,7.05259,0.83956361,1.0681312,9,763
da02,1706846372900674,7.0511389,0.841349,1.067276,9,764
da02,1706846372999107,7.0501957,0.83372432,1.0637618,9,765
da02,1706846373099099,7.0528884,0.83030212,1.0609657,9,766
da02,1706846373199111,7.0494304,0.83619094,1.0680897,8,767
da02,1706846373299100,7.0560017,0.84077615,1.0673136,10,768
da02,1706846373399113,7.0584073,0.834457,1.0667721,9,769
da02,1706846373499164,7.0492382,0.82470232,1.0651765,8,770
da02,1706846373599092,7.0587769,0.8160848,1.0681851,10,771
da02,1706846373699121,7.0544076,0.81394565,1.074711,8,772
da02,1706846373799110,7.0488906,0.81007791,1.0757071,8,773
da02,1706846373899124,7.0597014,0.80288243,1.0751265,10,774
da02,1706846373999310,7.0583458,0.81541175,1.0674723,10,775
da02,1706846374099291,7.0696974,0.8174153,1.0702289,10,776
da02,1706846374199316,7.0654607,0.82654941,1.077961,8,777
da02,1706846374299349,7.0628591,0.82188481,1.0735793,9,778
da02,1706846374399612,7.0661616,0.82449311,1.065824,10,779
da02,1706846374499195,7.0566807,0.83337009,1.0640451,8,780
da02,1706846374599221,7.0656357,0.83904308,1.069717,10,781
da02,1706846374699133,7.0579319,0.83612889,1.0613669,9,782
da02,1706846374799130,7.0502119,0.83790332,1.0695999,8,783
da02,1706846374899087,7.0493298,0.84000576,1.0836281,8,784
da02,1706846374999107,7.0645189,0.834429,1.0752312,11,785
da02,1706846375099111,7.0700974,0.83355552,1.0675617,11,786
da02,1706846375199095,7.0745306,0.8402791,1.0730057,10,787
da02,1706846375299655,7.0890532,0.84138656,1.0756876,11,788
da02,1706846375399096,7.07976,0.83486384,1.0739158,9,789
da02,1706846375499117,7.0677042,0.8381173,1.0752654,8,790
da02,1706846375599102,7.059103,0.83680129,1.0800285,8,791
da02,1706846375699220,7.0581608,0.82505381,1.0775251,9,792
da02,1706846375799166,7.0578032,0.8181181,1.0773867,9,793
da02,1706846375899320,7.0555768,0.81595415,1.0686132,9,794
da02,1706846375999206,7.0541463,0.82283282,1.0773441,8,795
da02,1706846376099169,7.0626774,0.82440394,1.0815461,10,796
da02,1706846376199158,7.0737314,0.82229352,1.0825307,10,797
da02,1706846376299179,7.06886,0.83097404,1.0847977,9,798
da02,1706846376399194,7.0669231,0.825994,1.076039,9,799
da02,1706846376499171,7.07027,0.83314562,1.0729973,10,800
da02,1706846376599194,7.0625753,0.83161867,1.0749036,8,801
da02,1706846376699147,7.0586996,0.830859,1.0784936,8,802
da02,1706846376799158,7.0737691,0.8309176,1.0794771,11,803
da02,1706846376899164,7.080935,0.82491904,1.0805382,10,804
da02,1706846376999177,7.059938,0.82567632,1.0822955,8,805
da02,1706846377099184,7.0659094,0.82428151,1.0848138,9,806
da02,1706846377199218,7.065784,0.82547945,1.077183,10,807
da02,1706846377299344,7.0655818,0.83308709,1.07365,10,808
da02,1706846377399150,7.0657468,0.842872,1.0735512,10,809
da02,1706846377499142,7.0500154,0.84213686,1.0788816,8,810
da02,1706846377599162,7.0703125,0.83978462,1.0817232,11,811
da02,1706846377699202,7.0536318,0.82750589,1.0772825,7,812
da02,1706846377799167,7.0594068,0.81856585,1.0692291,10,813
da02,1706846377899163,7.0601573,0.81962645,1.0740478,9,814
da02,1706846377999176,7.0531473,0.81773156,1.072469,8,815
da02,1706846378099169,7.063333,0.82803243,1.0812674,10,816
da02,1706846378199168,7.06006,0.82637876,1.0736233,9,817
da02,1706846378299180,7.0735941,0.83206147,1.0699856,11,818
da02,1706846378399167,7.076623,0.82539278,1.0642366,10,819
da02,1706846378499155,7.0688643,0.82550377,1.0614972,9,820
da02,1706846378599179,7.0650053,0.82257533,1.0643207,9,821
da02,1706846378699247,7.0650883,0.82531983,1.0621727,10,822
da02,1706846378799168,7.0727882,0.82896256,1.0617247,11,823
da02,1706846378899195,7.06069,0.8255083,1.0576489,8,824
da02,1706846378999211,7.0664616,0.826437,1.0594743,10,825
da02,1706846379099228,7.0772772,0.8298527,1.0589043,11,826
da02,1706846379199230,7.0845861,0.83425474,1.060521,11,827
da02,1706846379299220,7.0845952,0.84381628,1.0625844,10,828
da02,1706846379399712,7.0836282,0.83977437,1.0645015,10,829
da02,1706846379499232,7.0650349,0.8338818,1.0671958,7,830
da02,1706846379599182,7.0753164,0.81740487,1.0669308,10,831
da02,1706846379699217,7.0729303,0.81468314,1.065782,9,832
da02,1706846379799175,7.07787,0.82282543,1.0664833,10,833
da02,1706846379899178,7.0770593,0.82324636,1.0700836,9,834
da02,1706846379999186,7.0672421,0.8267827,1.0762075,8,835
da02,1706846380099183,7.0651593,0.83327371,1.0755841,9,836
da02,1706846380199176,7.0807428,0.84390825,1.0805154,11,837
da02,1706846380299175,7.0926676,0.83852172,1.0759869,12,838
da02,1706846380399198,7.091114,0.84226131,1.0661641,11,839
da02,1706846380499173,7.0962448,0.83574355,1.0631841,11,840
da02,1706846380599177,7.0907774,0.83746815,1.0614833,10,841
da02,1706846380699207,7.0974789,0.83515209,1.0615302,11,842
da02,1706846380799168,7.0879607,0.83175248,1.0582453,9,843
da02,1706846380899188,7.092,0.82406318,1.0615426,10,844
da02,1706846380999197,7.087574,0.82979167,1.0644085,10,845
da02,1706846381099188,7.077857,0.82801676,1.0675097,8,846
da02,1706846381199166,7.0798407,0.81556,1.0791931,9,847
da02,1706846381299198,7.0729632,0.80759394,1.0816805,8,848
da02,1706846381399196,7.0691805,0.81138057,1.083676,8,849
da02,1706846381499181,7.0537744,0.81520694,1.0812489,8,850
da02,1706846381599193,7.0527463,0.82571131,1.076517,9,851
da02,1706846381699233,7.0662422,0.82779527,1.0726373,11,852
da02,1706846381799197,7.0599766,0.82498938,1.0749625,8,853
da02,1706846381899194,7.0729141,0.8205229,1.0728482,11,854
da02,1706846381999184,7.06811,0.81439888,1.0638876,9,855
da02,1706846382099199,7.0717821,0.80834007,1.0674948,9,856
da02,1706846382199268,7.0824642,0.81409341,1.0601708,12,857
da02,1706846382299148,7.0880618,0.8227579,1.0679976,10,858
da02,1706846382399195,7.081337,0.81865996,1.0706508,9,859
da02,1706846382499291,7.080852,0.81792116,1.0684328,10,860
da02,1706846382599194,7.0865741,0.82043946,1.0675294,11,861
da02,1706846382699256,7.0852079,0.81665903,1.0626683,10,862
da02,1706846382799305,7.073442,0.81629634,1.0612456,8,863
da02,1706846382899159,7.0587139,0.82824552,1.0657158,8,864
da02,1706846382999196,7.0538173,0.83353281,1.0712783,8,865
da02,1706846383099300,7.0528531,0.83492285,1.075163,8,866
da02,1706846383199188,7.046329,0.8414917,1.0776274,8,867
da02,1706846383299202,7.0478864,0.84797591,1.0808308,9,868
da02,1706846383399277,7.0507841,0.84019232,1.0799346,9,869
da02,1706846383499148,7.0427146,0.83198285,1.0774436,7,870
da02,1706846383599215,7.039185,0.83444554,1.0788901,8,871
da02,1706846383699292,7.0399776,0.83525717,1.0749074,9,872
da02,1706846383799158,7.0513763,0.82436156,1.0857816,9,873
da02,1706846383899198,7.0477405,0.81675661,1.0947617,7,874
da02,1706846383999313,7.0679708,0.81479347,1.0856144,12,875
da02,1706846384099176,7.0660391,0.82724923,1.0848122,9,876
da02,1706846384199214,7.0658579,0.8288632,1.0737605,10,877
da02,1706846384299360,7.0736318,0.83909,1.0702721,11,878
da02,1706846384399242,7.0655723,0.828945,1.0793717,7,879
da02,1706846384499253,7.0671825,0.82071322,1.0789624,9,880
da02,1706846384599245,7.0595164,0.82076275,1.0841691,7,881
da02,1706846384699266,7.060286,0.81907988,1.0769655,9,882
da02,1706846384799200,7.0574088,0.81888908,1.0727801,9,883
da02,1706846384899229,7.0632782,0.81889892,1.0638856,10,884
da02,1706846384999369,7.0672979,0.81820554,1.0520566,11,885
da02,1706846385099266,7.062777,0.81146574,1.0557885,8,886
da02,1706846385199245,7.0674586,0.82744193,1.0607401,10,887
da02,1706846385299246,7.0677056,0.828213,1.0615817,9,888
da02,1706846385399248,7.0802402,0.8248753,1.0567771,12,889
da02,1706846385499284,7.0737624,0.83182621,1.0613008,9,890
da02,1706846385599292,7.071631,0.83331865,1.0678562,9,891
da02,1706846385699209,7.0619555,0.83763152,1.0836118,8,892
da02,1706846385799324,7.0577588,0.8413291,1.0858227,8,893
da02,1706846385899228,7.0659328,0.82781047,1.0857741,9,894
da02,1706846385999340,7.0655913,0.8172186,1.0809181,9,895
da02,1706846386099269,7.0609446,0.82123441,1.075772,9,896
da02,1706846386199267,7.0540442,0.82300228,1.0838563,7,897
da02,1706846386299891,7.0515108,0.82629591,1.0796778,9,898
da02,1706846386399281,7.0434823,0.830219,1.0735652,8,899
da02,1706846386499237,7.0531282,0.83266115,1.06353,11,900
da02,1706846386599311,7.0546279,0.83433127,1.0649703,9,901
da02,1706846386699259,7.05605,0.8408246,1.0651488,9,902
da02,1706846386799242,7.0779171,0.84381789,1.0560009,13,903
da02,1706846386899230,7.0775075,0.83751762,1.0591271,10,904
da02,1706846386999214,7.0856223,0.83365858,1.060979,11,905
da02,1706846387099231,7.0767794,0.83054125,1.0659852,8,906
da02,1706846387199215,7.0555844,0.83550018,1.0697219,8,907
da02,1706846387299205,7.0568752,0.8349964,1.0665079,9,908
da02,1706846387399207,7.0449204,0.83363432,1.0735933,8,909
da02,1706846387499206,7.0459766,0.82188314,1.0829655,7,910
da02,1706846387599211,7.0532765,0.8147276,1.0724428,10,911
da02,1706846387699264,7.0609741,0.81386679,1.0691488,10,912
da02,1706846387799206,7.0541024,0.8152386,1.0781609,7,913
da02,1706846387899259,7.0567555,0.80553538,1.0745322,9,914
da02,1706846387999241,7.048605,0.81238818,1.0724741,8,915
da02,1706846388099263,7.0449252,0.80855417,1.0712869,8,916
da02,1706846388199237,7.0439706,0.8116793,1.0743077,8,917
da02,1706846388301072,7.0445442,0.80507207,1.069699,9,918
da02,1706846388399290,7.0501647,0.80954486,1.0703214,9,919
da02,1706846388499248,7.0674548,0.81161845,1.0647335,12,920
da02,1706846388599226,7.0617504,0.80653113,1.0618111,9,921
da02,1706846388699244,7.0707831,0.8043592,1.0706377,10,922
da02,1706846388799352,7.0752358,0.80723006,1.067873,10,923
da02,1706846388899298,7.0740819,0.80255139,1.0685995,9,924
da02,1706846388999267,7.0788293,0.8081643,1.0630096,11,925
da02,1706846389099360,7.2048144,0.70654607,1.4700437,70,926
da02,1706846389199332,7.165709,0.74003386,1.3769972,8,927
da02,1706846389299263,7.1326938,0.75768751,1.2969378,8,928
da02,1706846389399312,7.1276131,0.7854237,1.2341272,12,929
da02,1706846389499277,7.1169734,0.80050176,1.1905504,10,930
da02,1706846389599246,7.1000733,0.81914043,1.1600006,9,931
da02,1706846389699325,7.0867724,0.82488072,1.1396103,8,932
da02,1706846389799227,7.0750384,0.8197937,1.1268778,8,933
da02,1706846389899251,7.0714488,0.8231402,1.1207647,8,934
da02,1706846389999371,7.0907679,0.81927729,1.1051774,12,935
da02,1706846390099332,7.0806541,0.81869018,1.0912024,9,936
da02,1706846390199286,7.0673556,0.81599581,1.0739404,9,937
da02,1706846390299338,7.0703845,0.8148008,1.0705479,10,938
da02,1706846390399251,7.0721521,0.81757784,1.0831971,9,939
da02,1706846390504336,7.074718,0.81747907,1.0802954,10,940
da02,1706846390599295,7.0797858,0.81336617,1.0710835,11,941
da02,1706846390699297,7.0616055,0.8223716,1.066016,8,942
da02,1706846390799214,7.05462,0.81939161,1.0712883,8,943
da02,1706846390899355,7.0660892,0.82453382,1.0682936,11,944
da02,1706846390999245,7.0557332,0.81872094,1.076703,7,945
da02,1706846391099224,7.0489068,0.82676691,1.0752656,8,946
da02,1706846391199330,7.0517163,0.8374241,1.0698234,10,947
da02,1706846391299210,7.066597,0.83890706,1.0605369,12,948
da02,1706846391399247,7.1798344,0.83753467,1.0449547,67,949
da02,1706846391499336,7.1577539,0.83478129,1.0442276,11,950
da02,1706846391599210,7.133666,0.82434982,1.0442307,9,951
da02,1706846391699242,7.1150107,0.82925117,1.0470694,9,952
da02,1706846391799307,7.1054187,0.82097733,1.050679,10,953
da02,1706846391899337,7.094584,0.82704973,1.0581615,9,954
da02,1706846391999234,7.0897765,0.83949071,1.0617514,10,955
da02,1706846392099370,7.0936351,0.83736032,1.0639291,11,956
da02,1706846392199288,7.0778947,0.82919395,1.0593489,8,957
da02,1706846392299270,7.0753961,0.81413734,1.0584232,9,958
da02,1706846392399309,7.0814753,0.80860293,1.057488,11,959
da02,1706846392499284,7.0772958,0.8237744,1.0600039,10,960
da02,1706846392599232,7.063158,0.83130026,1.0609574,8,961
da02,1706846392699223,7.0678997,0.83224952,1.0650547,10,962
da02,1706846392799218,7.0685339,0.82473654,1.0599729,10,963
da02,1706846392899227,7.0738511,0.82776725,1.0589336,10,964
da02,1706846392999190,7.0809,0.83043832,1.0600773,11,965
da02,1706846393099208,7.084198,0.83649737,1.063995,10,966
da02,1706846393199182,7.0749383,0.83342248,1.0661522,8,967
da02,1706846393299215,7.0690427,0.83669847,1.0731063,8,968
da02,1706846393399179,7.0632896,0.82604492,1.0808468,8,969
da02,1706846393499221,7.0621486,0.81059414,1.082328,8,970
da02,1706846393599304,7.058085,0.80986142,1.0812248,8,971
da02,1706846393699313,7.0642734,0.82919478,1.0820217,10,972
da02,1706846393799495,7.0618925,0.82838911,1.0742558,9,973
da02,1706846393899310,7.0653081,0.83712059,1.0764856,10,974
da02,1706846393999260,7.0762167,0.82473314,1.0739255,11,975
da02,1706846394099268,7.0725789,0.83202809,1.0916215,8,976
da02,1706846394199277,7.0637989,0.83686835,1.0782616,9,977
da02,1706846394299276,7.0641584,0.83710027,1.0805769,9,978
da02,1706846394399290,7.0755382,0.8378213,1.0785099,11,979
da02,1706846394499312,7.0795784,0.83043486,1.079303,10,980
da02,1706846394599532,7.0759029,0.83785313,1.0832219,9,981
da02,1706846394699311,7.0793896,0.83645582,1.0797899,10,982
da02,1706846394799298,7.0793657,0.83009863,1.086292,9,983
da02,1706846394899295,7.0880423,0.83142215,1.0935359,10,984
da02,1706846394999324,7.0700049,0.84148055,1.0879173,8,985
da02,1706846395099306,7.0672641,0.84203446,1.087427,9,986
da02,1706846395199319,7.068975,0.84456283,1.0690624,11,987
da02,1706846395299310,7.0742846,0.83588409,1.0673896,10,988
da02,1706846395399272,7.0729327,0.827842,1.0606766,10,989
da02,1706846395499566,7.0603051,0.83278787,1.0697619,8,990
da02,1706846395599334,7.061635,0.82846576,1.0686083,9,991
da02,1706846395699313,7.0557933,0.822842,1.076378,7,992
da02,1706846395799293,7.0643687,0.82189822,1.066041,11,993
da02,1706846395899274,7.0509329,0.82236969,1.0663069,7,994
da02,1706846395999302,7.0572772,0.82028961,1.0702859,9,995
da02,1706846396099344,7.053483,0.82803446,1.0657576,9,996
da02,1706846396199285,7.0531006,0.82372755,1.0661151,9,997
da02,1706846396299271,7.065289,0.83079475,1.0627811,11,998
da02,1706846396399280,7.0615354,0.82736528,1.0556285,9,999
da02,1706846396499299,7.0720429,0.83094692,1.0514611,11,1000
da02,1706846396599279,7.0660014,0.81804055,1.0495044,9,1001
da02,1706846396699340,7.0718975,0.82609874,1.0521775,10,1002
da02,1706846396799271,7.0812817,0.83406585,1.0549024,11,1003
da02,1706846396899302,7.0893583,0.82362479,1.0503041,11,1004
da02,1706846396999282,7.0979552,0.82441151,1.0539402,11,1005
da02,1706846397099299,7.0980148,0.81440336,1.0599225,10,1006
da02,1706846397199334,7.088717,0.81802279,1.0625861,9,1007
da02,1706846397299850,7.0888972,0.82600617,1.0733767,9,1008
da02,1706846397399286,7.08617,0.81926715,1.0793681,9,1009
da02,1706846397499300,7.0710573,0.82225627,1.0847638,8,1010
da02,1706846397599326,7.05932,0.8259902,1.0881313,8,1011
da02,1706846397699324,7.0464935,0.81833172,1.0783315,7,1012
da02,1706846397799290,7.0415735,0.82689756,1.0716404,8,1013
da02,1706846397899311,7.0440211,0.83186638,1.069616,9,1014
da02,1706846397999286,7.0507655,0.83856958,1.0767188,9,1015
da02,1706846398099302,7.0403876,0.83297819,1.0763588,7,1016
da02,1706846398199322,7.0535574,0.831021,1.0650624,11,1017
da02,1706846398299353,7.0752716,0.83373547,1.0678062,12,1018
da02,1706846398399269,7.0797529,0.82927948,1.065478,10,1019
da02,1706846398499304,7.0685525,0.82764381,1.0616163,9,1020
da02,1706846398599284,7.0603271,0.81624132,1.0631632,8,1021
da02,1706846398699317,7.0669246,0.81533718,1.0798072,9,1022
da02,1706846398799262,7.0660996,0.8224439,1.0810558,9,1023
da02,1706846398899301,7.0660353,0.81733865,1.0760276,9,1024
da02,1706846398999297,7.0750394,0.82273376,1.0615889,12,1025
da02,1706846399099305,7.0746965,0.8145712,1.0625547,9,1026
da02,1706846399199279,7.0572166,0.81384063,1.0656939,7,1027
da02,1706846399299304,7.05463,0.82090586,1.0688803,8,1028
da02,1706846399399296,7.0595207,0.82851148,1.0740821,9,1029
da02,1706846399499352,7.0643296,0.83541244,1.0704823,10,1030
da02,1706846399599342,7.0700097,0.83092844,1.0629374,11,1031
da02,1706846399699353,7.062469,0.82437271,1.0617925,8,1032
da02,1706846399799314,7.0712004,0.82671118,1.0696987,10,1033
da02,1706846399899345,7.0743451,0.82740772,1.0609611,11,1034
da02,1706846399999305,7.0714159,0.82289541,1.0667754,9,1035
da02,1706846400099358,7.0634346,0.82393104,1.0702373,8,1036